data/WideFieldInstrument/Imaging/EffectiveAreas/Roman_effarea_v8_SCA03_20240301.ecsv
# %ECSV 1.0
# ---
# Effective area for Roman (m^2) - parameters as of 2024 03 01
# datatype:
# - {name: Wave, datatype: float32}
# - {name: F062, datatype: float32}
# - {name: F087, datatype: float32}
# - {name: F106, datatype: float32}
# - {name: F129, datatype: float32}
# - {name: F158, datatype: float32}
# - {name: F184, datatype: float32}
# - {name: F146, datatype: float32}
# - {name: F213, datatype: float32}
# - {name: Prism, datatype: float32}
# - {name: Grism_1stOrder, datatype: float32}
# - {name: Grism_0thOrder, datatype: float32}
# schema: astropy-2.0
Wave, F062, F087, F106, F129, F158, F184, F146, F213, Prism, Grism_1stOrder, Grism_0thOrder
[from data line 717]
     1.117,    0.0000,    0.0000,    2.4791,    0.0001,    0.0000,    0.0000,    2.4791,    0.0000,    2.3302,     1.6737,     0.0011
     1.118,    0.0000,    0.0000,    2.4786,    0.0007,    0.0000,    0.0000,    2.4786,    0.0000,    2.3296,     1.6780,     0.0011
     1.119,    0.0000,    0.0000,    2.4790,    0.0032,    0.0000,    0.0000,    2.4790,    0.0000,    2.3300,     1.6829,     0.0011
     1.120,    0.0000,    0.0000,    2.4796,    0.0124,    0.0000,    0.0000,    2.4796,    0.0000,    2.3306,     1.6879,     0.0011
     1.121,    0.0000,    0.0000,    2.4795,    0.0405,    0.0000,    0.0000,    2.4795,    0.0000,    2.3305,     1.6924,     0.0011
     1.122,    0.0000,    0.0000,    2.4793,    0.1113,    0.0000,    0.0000,    2.4793,    0.0000,    2.3304,     1.6968,     0.0011
     1.123,    0.0000,    0.0000,    2.4797,    0.2588,    0.0000,    0.0000,    2.4797,    0.0000,    2.3307,     1.7016,     0.0010
     1.124,    0.0000,    0.0000,    2.4799,    0.5129,    0.0000,    0.0000,    2.4799,    0.0000,    2.3309,     1.7063,     0.0010
     1.125,    0.0000,    0.0000,    2.4793,    0.8745,    0.0000,    0.0000,    2.4793,    0.0000,    2.3303,     1.7103,     0.0010
     1.126,    0.0000,    0.0000,    2.4785,    1.3001,    0.0000,    0.0000,    2.4785,    0.0000,    2.3296,     1.7142,     0.0010
     1.127,    0.0000,    0.0000,    2.4783,    1.7146,    0.0000,    0.0000,    2.4783,    0.0000,    2.3294,     1.7185,     0.0010
     1.128,    0.0000,    0.0000,    2.4785,    2.0486,    0.0000,    0.0000,    2.4785,    0.0000,    2.3295,     1.7230,     0.0009
     1.129,    0.0000,    0.0000,    2.4786,    2.2710,    0.0000,    0.0000,    2.4786,    0.0000,    2.3297,     1.7275,     0.0009
     1.130,    0.0000,    0.0000,    2.4788,    2.3936,    0.0000,    0.0000,    2.4788,    0.0000,    2.3299,     1.7320,     0.0009
     1.131,    0.0000,    0.0000,    2.4792,    2.4496,    0.0000,    0.0000,    2.4792,    0.0000,    2.3303,     1.7366,     0.0009
     1.132,    0.0000,    0.0000,    2.4795,    2.4709,    0.0000,    0.0000,    2.4795,    0.0000,    2.3305,     1.7412,     0.0009
     1.133,    0.0000,    0.0000,    2.4795,    2.4774,    0.0000,    0.0000,    2.4795,    0.0000,    2.3305,     1.7454,     0.0009
     1.134,    0.0000,    0.0000,    2.4794,    2.4790,    0.0000,    0.0000,    2.4794,    0.0000,    2.3304,     1.7496,     0.0009
     1.135,    0.0000,    0.0000,    2.4794,    2.4794,    0.0000,    0.0000,    2.4794,    0.0000,    2.3305,     1.7539,     0.0008
     1.136,    0.0000,    0.0000,    2.4794,    2.4794,    0.0000,    0.0000,    2.4794,    0.0000,    2.3305,     1.7581,     0.0008
     1.137,    0.0000,    0.0000,    2.4793,    2.4793,    0.0000,    0.0000,    2.4793,    0.0000,    2.3303,     1.7622,     0.0008
     1.138,    0.0000,    0.0000,    2.4792,    2.4792,    0.0000,    0.0000,    2.4792,    0.0000,    2.3302,     1.7663,     0.0008
     1.139,    0.0000,    0.0000,    2.4796,    2.4796,    0.0000,    0.0000,    2.4796,    0.0000,    2.3306,     1.7707,     0.0008
     1.140,    0.0000,    0.0000,    2.4801,    2.4801,    0.0000,    0.0000,    2.4801,    0.0000,    2.3311,     1.7753,     0.0008
     1.141,    0.0000,    0.0000,    2.4806,    2.4806,    0.0000,    0.0000,    2.4806,    0.0000,    2.3315,     1.7797,     0.0008
     1.142,    0.0000,    0.0000,    2.4807,    2.4807,    0.0000,    0.0000,    2.4807,    0.0000,    2.3317,     1.7839,     0.0007
     1.143,    0.0000,    0.0000,    2.4805,    2.4805,    0.0000,    0.0000,    2.4805,    0.0000,    2.3314,     1.7878,     0.0007
     1.144,    0.0000,    0.0000,    2.4802,    2.4802,    0.0000,    0.0000,    2.4802,    0.0000,    2.3312,     1.7916,     0.0007
     1.145,    0.0000,    0.0000,    2.4805,    2.4805,    0.0000,    0.0000,    2.4805,    0.0000,    2.3314,     1.7958,     0.0007
     1.146,    0.0000,    0.0000,    2.4808,    2.4808,    0.0000,    0.0000,    2.4808,    0.0000,    2.3318,     1.8000,     0.0007
     1.147,    0.0000,    0.0000,    2.4810,    2.4810,    0.0000,    0.0000,    2.4810,    0.0000,    2.3319,     1.8041,     0.0007
     1.148,    0.0000,    0.0000,    2.4809,    2.4809,    0.0000,    0.0000,    2.4809,    0.0000,    2.3318,     1.8080,     0.0007
     1.149,    0.0000,    0.0000,    2.4807,    2.4807,    0.0000,    0.0000,    2.4807,    0.0000,    2.3317,     1.8118,     0.0006
     1.150,    0.0000,    0.0000,    2.4807,    2.4807,    0.0000,    0.0000,    2.4807,    0.0000,    2.3316,     1.8156,     0.0006
     1.151,    0.0000,    0.0000,    2.4807,    2.4807,    0.0000,    0.0000,    2.4807,    0.0000,    2.3316,     1.8195,     0.0006
     1.152,    0.0000,    0.0000,    2.4806,    2.4806,    0.0000,    0.0000,    2.4806,    0.0000,    2.3316,     1.8233,     0.0006
     1.153,    0.0000,    0.0000,    2.4803,    2.4803,    0.0000,    0.0000,    2.4803,    0.0000,    2.3313,     1.8269,     0.0006
     1.154,    0.0000,    0.0000,    2.4802,    2.4802,    0.0000,    0.0000,    2.4802,    0.0000,    2.3312,     1.8306,     0.0006
     1.155,    0.0000,    0.0000,    2.4806,    2.4806,    0.0000,    0.0000,    2.4806,    0.0000,    2.3316,     1.8347,     0.0006
     1.156,    0.0000,    0.0000,    2.4809,    2.4809,    0.0000,    0.0000,    2.4809,    0.0000,    2.3318,     1.8386,     0.0006
     1.157,    0.0000,    0.0000,    2.4804,    2.4804,    0.0000,    0.0000,    2.4804,    0.0000,    2.3314,     1.8420,     0.0006
     1.158,    0.0000,    0.0000,    2.4799,    2.4799,    0.0000,    0.0000,    2.4799,    0.0000,    2.3309,     1.8453,     0.0005
     1.159,    0.0000,    0.0000,    2.4799,    2.4799,    0.0000,    0.0000,    2.4799,    0.0000,    2.3309,     1.8490,     0.0005
     1.160,    0.0000,    0.0000,    2.4802,    2.4802,    0.0000,    0.0000,    2.4802,    0.0000,    2.3312,     1.8529,     0.0005
     1.161,    0.0000,    0.0000,    2.4803,    2.4803,    0.0000,    0.0000,    2.4803,    0.0000,    2.3313,     1.8566,     0.0005
     1.162,    0.0000,    0.0000,    2.4801,    2.4801,    0.0000,    0.0000,    2.4801,    0.0000,    2.3311,     1.8600,     0.0005
     1.163,    0.0000,    0.0000,    2.4796,    2.4796,    0.0000,    0.0000,    2.4796,    0.0000,    2.3306,     1.8632,     0.0005
     1.164,    0.0000,    0.0000,    2.4791,    2.4791,    0.0000,    0.0000,    2.4791,    0.0000,    2.3302,     1.8664,     0.0005
     1.165,    0.0000,    0.0000,    2.4790,    2.4790,    0.0000,    0.0000,    2.4790,    0.0000,    2.3301,     1.8698,     0.0005
     1.166,    0.0000,    0.0000,    2.4790,    2.4790,    0.0000,    0.0000,    2.4790,    0.0000,    2.3300,     1.8733,     0.0005
     1.167,    0.0000,    0.0000,    2.4788,    2.4788,    0.0000,    0.0000,    2.4788,    0.0000,    2.3299,     1.8767,     0.0004
     1.168,    0.0000,    0.0000,    2.4788,    2.4788,    0.0000,    0.0000,    2.4788,    0.0000,    2.3299,     1.8801,     0.0004
     1.169,    0.0000,    0.0000,    2.4791,    2.4791,    0.0000,    0.0000,    2.4791,    0.0000,    2.3302,     1.8838,     0.0004
     1.170,    0.0000,    0.0000,    2.4792,    2.4792,    0.0000,    0.0000,    2.4792,    0.0000,    2.3303,     1.8872,     0.0004
     1.171,    0.0000,    0.0000,    2.4785,    2.4785,    0.0000,    0.0000,    2.4785,    0.0000,    2.3296,     1.8901,     0.0004
     1.172,    0.0000,    0.0000,    2.4776,    2.4776,    0.0000,    0.0000,    2.4776,    0.0000,    2.3287,     1.8927,     0.0004
     1.173,    0.0000,    0.0000,    2.4771,    2.4771,    0.0000,    0.0000,    2.4771,    0.0000,    2.3283,     1.8957,     0.0004
     1.174,    0.0000,    0.0000,    2.4769,    2.4769,    0.0000,    0.0000,    2.4769,    0.0000,    2.3281,     1.8989,     0.0004
     1.175,    0.0000,    0.0000,    2.4767,    2.4767,    0.0000,    0.0000,    2.4767,    0.0000,    2.3279,     1.9020,     0.0004
     1.176,    0.0000,    0.0000,    2.4765,    2.4765,    0.0000,    0.0000,    2.4765,    0.0000,    2.3277,     1.9051,     0.0004
     1.177,    0.0000,    0.0000,    2.4762,    2.4762,    0.0000,    0.0000,    2.4762,    0.0000,    2.3274,     1.9081,     0.0004
     1.178,    0.0000,    0.0000,    2.4761,    2.4761,    0.0000,    0.0000,    2.4761,    0.0000,    2.3274,     1.9112,     0.0003
     1.179,    0.0000,    0.0000,    2.4765,    2.4765,    0.0000,    0.0000,    2.4765,    0.0000,    2.3277,     1.9147,     0.0003
     1.180,    0.0000,    0.0000,    2.4768,    2.4768,    0.0000,    0.0000,    2.4768,    0.0000,    2.3280,     1.9181,     0.0003
     1.181,    0.0000,    0.0000,    2.4765,    2.4765,    0.0000,    0.0000,    2.4765,    0.0000,    2.3277,     1.9210,     0.0003
     1.182,    0.0000,    0.0000,    2.4760,    2.4760,    0.0000,    0.0000,    2.4760,    0.0000,    2.3272,     1.9237,     0.0003
     1.183,    0.0000,    0.0000,    2.4758,    2.4758,    0.0000,    0.0000,    2.4758,    0.0000,    2.3271,     1.9267,     0.0003
     1.184,    0.0000,    0.0000,    2.4757,    2.4757,    0.0000,    0.0000,    2.4757,    0.0000,    2.3269,     1.9296,     0.0003
     1.185,    0.0000,    0.0000,    2.4752,    2.4752,    0.0000,    0.0000,    2.4752,    0.0000,    2.3265,     1.9323,     0.0003
     1.186,    0.0000,    0.0000,    2.4744,    2.4745,    0.0000,    0.0000,    2.4745,    0.0000,    2.3258,     1.9347,     0.0003
     1.187,    0.0000,    0.0000,    2.4735,    2.4738,    0.0000,    0.0000,    2.4738,    0.0000,    2.3251,     1.9371,     0.0003
     1.188,    0.0000,    0.0000,    2.4726,    2.4733,    0.0000,    0.0000,    2.4733,    0.0000,    2.3247,     1.9398,     0.0003
     1.189,    0.0000,    0.0000,    2.4707,    2.4734,    0.0000,    0.0000,    2.4734,    0.0000,    2.3247,     1.9427,     0.0003
     1.190,    0.0000,    0.0000,    2.4653,    2.4732,    0.0000,    0.0000,    2.4732,    0.0000,    2.3246,     1.9455,     0.0003
     1.191,    0.0000,    0.0000,    2.4510,    2.4724,    0.0000,    0.0000,    2.4724,    0.0000,    2.3239,     1.9478,     0.0002
     1.192,    0.0000,    0.0000,    2.4198,    2.4717,    0.0000,    0.0000,    2.4717,    0.0000,    2.3232,     1.9501,     0.0002
     1.193,    0.0000,    0.0000,    2.3587,    2.4715,    0.0000,    0.0000,    2.4715,    0.0000,    2.3230,     1.9528,     0.0002
     1.194,    0.0000,    0.0000,    2.2500,    2.4713,    0.0000,    0.0000,    2.4713,    0.0000,    2.3229,     1.9555,     0.0002
     1.195,    0.0000,    0.0000,    2.0774,    2.4706,    0.0000,    0.0000,    2.4706,    0.0000,    2.3221,     1.9576,     0.0002
     1.196,    0.0000,    0.0000,    1.8351,    2.4698,    0.0000,    0.0000,    2.4698,    0.0000,    2.3214,     1.9598,     0.0002
     1.197,    0.0000,    0.0000,    1.5329,    2.4696,    0.0000,    0.0000,    2.4696,    0.0000,    2.3212,     1.9624,     0.0002
     1.198,    0.0000,    0.0000,    1.1973,    2.4695,    0.0000,    0.0000,    2.4695,    0.0000,    2.3211,     1.9650,     0.0002
     1.199,    0.0000,    0.0000,    0.8659,    2.4689,    0.0000,    0.0000,    2.4689,    0.0000,    2.3205,     1.9672,     0.0002
     1.200,    0.0000,    0.0000,    0.5753,    2.4681,    0.0000,    0.0000,    2.4681,    0.0000,    2.3198,     1.9693,     0.0002
     1.201,    0.0000,    0.0000,    0.3489,    2.4677,    0.0000,    0.0000,    2.4677,    0.0000,    2.3194,     1.9716,     0.0002
     1.202,    0.0000,    0.0000,    0.1922,    2.4675,    0.0000,    0.0000,    2.4675,    0.0000,    2.3192,     1.9740,     0.0002
     1.203,    0.0000,    0.0000,    0.0957,    2.4671,    0.0000,    0.0000,    2.4671,    0.0000,    2.3188,     1.9763,     0.0002
     1.204,    0.0000,    0.0000,    0.0430,    2.4668,    0.0000,    0.0000,    2.4668,    0.0000,    2.3186,     1.9787,     0.0002
     1.205,    0.0000,    0.0000,    0.0174,    2.4667,    0.0000,    0.0000,    2.4667,    0.0000,    2.3185,     1.9811,     0.0002
     1.206,    0.0000,    0.0000,    0.0063,    2.4665,    0.0000,    0.0000,    2.4665,    0.0000,    2.3183,     1.9835,     0.0002
     1.207,    0.0000,    0.0000,    0.0020,    2.4657,    0.0000,    0.0000,    2.4657,    0.0000,    2.3175,     1.9854,     0.0002
     1.208,    0.0000,    0.0000,    0.0006,    2.4646,    0.0000,    0.0000,    2.4646,    0.0000,    2.3165,     1.9870,     0.0002
     1.209,    0.0000,    0.0000,    0.0002,    2.4636,    0.0000,    0.0000,    2.4636,    0.0000,    2.3156,     1.9886,     0.0001
     1.210,    0.0000,    0.0000,    0.0000,    2.4630,    0.0000,    0.0000,    2.4630,    0.0000,    2.3150,     1.9906,     0.0001
     1.211,    0.0000,    0.0000,    0.0000,    2.4629,    0.0000,    0.0000,    2.4629,    0.0000,    2.3149,     1.9928,     0.0001
     1.212,    0.0000,    0.0000,    0.0000,    2.4625,    0.0000,    0.0000,    2.4625,    0.0000,    2.3146,     1.9950,     0.0001
     1.213,    0.0000,    0.0000,    0.0000,    2.4616,    0.0000,    0.0000,    2.4616,    0.0000,    2.3137,     1.9966,     0.0001
     1.214,    0.0000,    0.0000,    0.0000,    2.4606,    0.0000,    0.0000,    2.4606,    0.0000,    2.3127,     1.9981,     0.0001
     1.215,    0.0000,    0.0000,    0.0000,    2.4601,    0.0000,    0.0000,    2.4601,    0.0000,    2.3123,     2.0000,     0.0001
     1.216,    0.0000,    0.0000,    0.0000,    2.4601,    0.0000,    0.0000,    2.4601,    0.0000,    2.3123,     2.0023,     0.0001
     1.217,    0.0000,    0.0000,    0.0000,    2.4601,    0.0000,    0.0000,    2.4601,    0.0000,    2.3123,     2.0045,     0.0001
     1.218,    0.0000,    0.0000,    0.0000,    2.4597,    0.0000,    0.0000,    2.4597,    0.0000,    2.3119,     2.0065,     0.0001
     1.219,    0.0000,    0.0000,    0.0000,    2.4588,    0.0000,    0.0000,    2.4588,    0.0000,    2.3110,     2.0079,     0.0001
     1.220,    0.0000,    0.0000,    0.0000,    2.4579,    0.0000,    0.0000,    2.4579,    0.0000,    2.3102,     2.0094,     0.0001
     1.221,    0.0000,    0.0000,    0.0000,    2.4577,    0.0000,    0.0000,    2.4577,    0.0000,    2.3100,     2.0114,     0.0001
     1.222,    0.0000,    0.0000,    0.0000,    2.4577,    0.0000,    0.0000,    2.4577,    0.0000,    2.3100,     2.0135,     0.0001
     1.223,    0.0000,    0.0000,    0.0000,    2.4571,    0.0000,    0.0000,    2.4571,    0.0000,    2.3095,     2.0152,     0.0001
     1.224,    0.0000,    0.0000,    0.0000,    2.4565,    0.0000,    0.0000,    2.4565,    0.0000,    2.3089,     2.0168,     0.0001
     1.225,    0.0000,    0.0000,    0.0000,    2.4562,    0.0000,    0.0000,    2.4562,    0.0000,    2.3086,     2.0187,     0.0001
     1.226,    0.0000,    0.0000,    0.0000,    2.4560,    0.0000,    0.0000,    2.4560,    0.0000,    2.3084,     2.0205,     0.0001
     1.227,    0.0000,    0.0000,    0.0000,    2.4554,    0.0000,    0.0000,    2.4554,    0.0000,    2.3079,     2.0221,     0.0001
     1.228,    0.0000,    0.0000,    0.0000,    2.4547,    0.0000,    0.0000,    2.4547,    0.0000,    2.3072,     2.0235,     0.0001
     1.229,    0.0000,    0.0000,    0.0000,    2.4544,    0.0000,    0.0000,    2.4544,    0.0000,    2.3069,     2.0252,     0.0001
     1.230,    0.0000,    0.0000,    0.0000,    2.4541,    0.0000,    0.0000,    2.4541,    0.0000,    2.3066,     2.0269,     0.0001
     1.231,    0.0000,    0.0000,    0.0000,    2.4533,    0.0000,    0.0000,    2.4533,    0.0000,    2.3059,     2.0283,     0.0001
     1.232,    0.0000,    0.0000,    0.0000,    2.4524,    0.0000,    0.0000,    2.4524,    0.0000,    2.3051,     2.0295,     0.0001
     1.233,    0.0000,    0.0000,    0.0000,    2.4517,    0.0000,    0.0000,    2.4517,    0.0000,    2.3044,     2.0308,     0.0001
     1.234,    0.0000,    0.0000,    0.0000,    2.4512,    0.0000,    0.0000,    2.4512,    0.0000,    2.3039,     2.0322,     0.0001
