data/WideFieldInstrument/Imaging/EffectiveAreas/Roman_effarea_v8_SCA03_20240301.ecsv
# %ECSV 1.0
# ---
# Effective area for Roman (m^2) - parameters as of 2024 03 01
# datatype:
# - {name: Wave, datatype: float32}
# - {name: F062, datatype: float32}
# - {name: F087, datatype: float32}
# - {name: F106, datatype: float32}
# - {name: F129, datatype: float32}
# - {name: F158, datatype: float32}
# - {name: F184, datatype: float32}
# - {name: F146, datatype: float32}
# - {name: F213, datatype: float32}
# - {name: Prism, datatype: float32}
# - {name: Grism_1stOrder, datatype: float32}
# - {name: Grism_0thOrder, datatype: float32}
# schema: astropy-2.0
Wave, F062, F087, F106, F129, F158, F184, F146, F213, Prism, Grism_1stOrder, Grism_0thOrder
[from data line 1314]
     1.714,    0.0000,    0.0000,    0.0000,    0.0000,    2.5978,    2.3781,    2.5978,    0.0000,    2.4417,     1.6054,     0.0110
     1.715,    0.0000,    0.0000,    0.0000,    0.0000,    2.5980,    2.3783,    2.5980,    0.0000,    2.4419,     1.6033,     0.0111
     1.716,    0.0000,    0.0000,    0.0000,    0.0000,    2.5986,    2.3789,    2.5986,    0.0000,    2.4425,     1.6015,     0.0112
     1.717,    0.0000,    0.0000,    0.0000,    0.0000,    2.6003,    2.3804,    2.6003,    0.0000,    2.4441,     1.6003,     0.0113
     1.718,    0.0000,    0.0000,    0.0000,    0.0000,    2.6019,    2.3819,    2.6019,    0.0000,    2.4456,     1.5990,     0.0114
     1.719,    0.0000,    0.0000,    0.0000,    0.0000,    2.6024,    2.3824,    2.6024,    0.0000,    2.4460,     1.5971,     0.0115
     1.720,    0.0000,    0.0000,    0.0000,    0.0000,    2.6025,    2.3825,    2.6025,    0.0000,    2.4461,     1.5950,     0.0116
     1.721,    0.0000,    0.0000,    0.0000,    0.0000,    2.6032,    2.3831,    2.6032,    0.0000,    2.4468,     1.5932,     0.0117
     1.722,    0.0000,    0.0000,    0.0000,    0.0000,    2.6040,    2.3839,    2.6040,    0.0000,    2.4476,     1.5915,     0.0118
     1.723,    0.0000,    0.0000,    0.0000,    0.0000,    2.6047,    2.3844,    2.6047,    0.0000,    2.4482,     1.5896,     0.0119
     1.724,    0.0000,    0.0000,    0.0000,    0.0000,    2.6053,    2.3850,    2.6053,    0.0000,    2.4488,     1.5878,     0.0120
     1.725,    0.0000,    0.0000,    0.0000,    0.0000,    2.6063,    2.3860,    2.6063,    0.0000,    2.4497,     1.5862,     0.0121
     1.726,    0.0000,    0.0000,    0.0000,    0.0000,    2.6072,    2.3868,    2.6072,    0.0000,    2.4506,     1.5845,     0.0122
     1.727,    0.0000,    0.0000,    0.0000,    0.0000,    2.6077,    2.3872,    2.6077,    0.0000,    2.4510,     1.5826,     0.0124
     1.728,    0.0000,    0.0000,    0.0000,    0.0000,    2.6079,    2.3874,    2.6079,    0.0000,    2.4512,     1.5805,     0.0125
     1.729,    0.0000,    0.0000,    0.0000,    0.0000,    2.6085,    2.3879,    2.6085,    0.0000,    2.4518,     1.5786,     0.0126
     1.730,    0.0000,    0.0000,    0.0000,    0.0000,    2.6093,    2.3887,    2.6093,    0.0000,    2.4525,     1.5769,     0.0127
     1.731,    0.0000,    0.0000,    0.0000,    0.0000,    2.6102,    2.3895,    2.6102,    0.0000,    2.4534,     1.5753,     0.0128
     1.732,    0.0000,    0.0000,    0.0000,    0.0000,    2.6111,    2.3904,    2.6111,    0.0000,    2.4543,     1.5736,     0.0129
     1.733,    0.0000,    0.0000,    0.0000,    0.0000,    2.6119,    2.3911,    2.6119,    0.0000,    2.4550,     1.5718,     0.0130
     1.734,    0.0000,    0.0000,    0.0000,    0.0000,    2.6127,    2.3918,    2.6127,    0.0000,    2.4557,     1.5701,     0.0131
     1.735,    0.0000,    0.0000,    0.0000,    0.0000,    2.6136,    2.3926,    2.6136,    0.0000,    2.4565,     1.5684,     0.0133
     1.736,    0.0000,    0.0000,    0.0000,    0.0000,    2.6144,    2.3933,    2.6144,    0.0000,    2.4573,     1.5667,     0.0134
     1.737,    0.0000,    0.0000,    0.0000,    0.0000,    2.6148,    2.3937,    2.6148,    0.0000,    2.4577,     1.5647,     0.0135
     1.738,    0.0000,    0.0000,    0.0000,    0.0000,    2.6149,    2.3938,    2.6149,    0.0000,    2.4578,     1.5626,     0.0136
     1.739,    0.0000,    0.0000,    0.0000,    0.0000,    2.6148,    2.3937,    2.6148,    0.0000,    2.4576,     1.5603,     0.0137
     1.740,    0.0000,    0.0000,    0.0000,    0.0000,    2.6150,    2.3939,    2.6150,    0.0000,    2.4579,     1.5582,     0.0138
     1.741,    0.0000,    0.0000,    0.0000,    0.0000,    2.6162,    2.3950,    2.6162,    0.0000,    2.4590,     1.5567,     0.0140
     1.742,    0.0000,    0.0000,    0.0000,    0.0000,    2.6176,    2.3963,    2.6176,    0.0000,    2.4603,     1.5553,     0.0141
     1.743,    0.0000,    0.0000,    0.0000,    0.0000,    2.6183,    2.3970,    2.6183,    0.0000,    2.4610,     1.5535,     0.0142
     1.744,    0.0000,    0.0000,    0.0000,    0.0000,    2.6188,    2.3974,    2.6188,    0.0000,    2.4615,     1.5516,     0.0143
     1.745,    0.0000,    0.0000,    0.0000,    0.0000,    2.6196,    2.3981,    2.6196,    0.0000,    2.4622,     1.5499,     0.0145
     1.746,    0.0000,    0.0000,    0.0000,    0.0000,    2.6202,    2.3987,    2.6202,    0.0000,    2.4628,     1.5480,     0.0146
     1.747,    0.0000,    0.0000,    0.0000,    0.0000,    2.6204,    2.3988,    2.6204,    0.0000,    2.4629,     1.5459,     0.0147
     1.748,    0.0000,    0.0000,    0.0000,    0.0000,    2.6204,    2.3988,    2.6204,    0.0000,    2.4629,     1.5437,     0.0148
     1.749,    0.0000,    0.0000,    0.0000,    0.0000,    2.6206,    2.3991,    2.6206,    0.0000,    2.4632,     1.5417,     0.0150
     1.750,    0.0000,    0.0000,    0.0000,    0.0000,    2.6210,    2.3994,    2.6210,    0.0000,    2.4635,     1.5397,     0.0151
     1.751,    0.0000,    0.0000,    0.0000,    0.0000,    2.6212,    2.3996,    2.6212,    0.0000,    2.4637,     1.5376,     0.0152
     1.752,    0.0000,    0.0000,    0.0000,    0.0000,    2.6218,    2.4001,    2.6218,    0.0000,    2.4643,     1.5357,     0.0153
     1.753,    0.0000,    0.0000,    0.0000,    0.0000,    2.6230,    2.4012,    2.6230,    0.0000,    2.4654,     1.5342,     0.0155
     1.754,    0.0000,    0.0000,    0.0000,    0.0000,    2.6241,    2.4023,    2.6241,    0.0000,    2.4665,     1.5327,     0.0156
     1.755,    0.0000,    0.0000,    0.0000,    0.0000,    2.6245,    2.4026,    2.6245,    0.0000,    2.4668,     1.5307,     0.0157
     1.756,    0.0000,    0.0000,    0.0000,    0.0000,    2.6245,    2.4027,    2.6245,    0.0000,    2.4668,     1.5285,     0.0158
     1.757,    0.0000,    0.0000,    0.0000,    0.0000,    2.6246,    2.4027,    2.6246,    0.0000,    2.4669,     1.5264,     0.0160
     1.758,    0.0000,    0.0000,    0.0000,    0.0000,    2.6249,    2.4030,    2.6249,    0.0000,    2.4672,     1.5244,     0.0161
     1.759,    0.0000,    0.0000,    0.0000,    0.0000,    2.6253,    2.4033,    2.6253,    0.0000,    2.4676,     1.5224,     0.0162
     1.760,    0.0000,    0.0000,    0.0000,    0.0000,    2.6259,    2.4039,    2.6259,    0.0000,    2.4681,     1.5205,     0.0164
     1.761,    0.0000,    0.0000,    0.0000,    0.0000,    2.6266,    2.4045,    2.6266,    0.0000,    2.4688,     1.5187,     0.0165
     1.762,    0.0000,    0.0000,    0.0000,    0.0000,    2.6271,    2.4049,    2.6271,    0.0000,    2.4692,     1.5168,     0.0166
     1.763,    0.0000,    0.0000,    0.0000,    0.0000,    2.6270,    2.4049,    2.6270,    0.0000,    2.4692,     1.5146,     0.0168
     1.764,    0.0000,    0.0000,    0.0000,    0.0000,    2.6270,    2.4049,    2.6270,    0.0000,    2.4692,     1.5124,     0.0169
     1.765,    0.0000,    0.0000,    0.0000,    0.0000,    2.6274,    2.4054,    2.6275,    0.0000,    2.4697,     1.5105,     0.0170
     1.766,    0.0000,    0.0000,    0.0000,    0.0000,    2.6280,    2.4060,    2.6282,    0.0000,    2.4703,     1.5088,     0.0172
     1.767,    0.0000,    0.0000,    0.0000,    0.0000,    2.6279,    2.4064,    2.6286,    0.0000,    2.4707,     1.5068,     0.0173
     1.768,    0.0000,    0.0000,    0.0000,    0.0000,    2.6270,    2.4064,    2.6286,    0.0000,    2.4707,     1.5046,     0.0174
     1.769,    0.0000,    0.0000,    0.0000,    0.0000,    2.6249,    2.4063,    2.6286,    0.0000,    2.4706,     1.5024,     0.0176
     1.770,    0.0000,    0.0000,    0.0000,    0.0000,    2.6206,    2.4063,    2.6285,    0.0000,    2.4706,     1.5002,     0.0177
     1.771,    0.0000,    0.0000,    0.0000,    0.0000,    2.6126,    2.4063,    2.6286,    0.0000,    2.4706,     1.4980,     0.0179
     1.772,    0.0000,    0.0000,    0.0000,    0.0000,    2.5980,    2.4065,    2.6287,    0.0000,    2.4708,     1.4959,     0.0180
     1.773,    0.0000,    0.0000,    0.0000,    0.0000,    2.5727,    2.4066,    2.6288,    0.0000,    2.4709,     1.4938,     0.0181
     1.774,    0.0000,    0.0000,    0.0000,    0.0000,    2.5318,    2.4069,    2.6292,    0.0000,    2.4712,     1.4918,     0.0183
     1.775,    0.0000,    0.0000,    0.0000,    0.0000,    2.4692,    2.4075,    2.6298,    0.0000,    2.4718,     1.4900,     0.0184
     1.776,    0.0000,    0.0000,    0.0000,    0.0000,    2.3782,    2.4080,    2.6304,    0.0000,    2.4724,     1.4882,     0.0186
     1.777,    0.0000,    0.0000,    0.0000,    0.0000,    2.2533,    2.4082,    2.6306,    0.0000,    2.4726,     1.4862,     0.0187
     1.778,    0.0000,    0.0000,    0.0000,    0.0000,    2.0920,    2.4084,    2.6309,    0.0000,    2.4728,     1.4841,     0.0188
     1.779,    0.0000,    0.0000,    0.0000,    0.0000,    1.8958,    2.4089,    2.6314,    0.0000,    2.4733,     1.4822,     0.0190
     1.780,    0.0000,    0.0000,    0.0000,    0.0000,    1.6699,    2.4094,    2.6320,    0.0000,    2.4738,     1.4804,     0.0191
     1.781,    0.0000,    0.0000,    0.0000,    0.0000,    1.4244,    2.4096,    2.6321,    0.0000,    2.4740,     1.4783,     0.0193
     1.782,    0.0000,    0.0000,    0.0000,    0.0000,    1.1725,    2.4093,    2.6319,    0.0000,    2.4737,     1.4760,     0.0194
     1.783,    0.0000,    0.0000,    0.0000,    0.0000,    0.9287,    2.4089,    2.6313,    0.0000,    2.4732,     1.4736,     0.0196
     1.784,    0.0000,    0.0000,    0.0000,    0.0000,    0.7060,    2.4085,    2.6310,    0.0000,    2.4729,     1.4712,     0.0197
     1.785,    0.0000,    0.0000,    0.0000,    0.0000,    0.5141,    2.4086,    2.6311,    0.0000,    2.4730,     1.4691,     0.0199
     1.786,    0.0000,    0.0000,    0.0000,    0.0000,    0.3578,    2.4091,    2.6315,    0.0000,    2.4734,     1.4672,     0.0200
     1.787,    0.0000,    0.0000,    0.0000,    0.0000,    0.2377,    2.4097,    2.6323,    0.0000,    2.4741,     1.4654,     0.0202
     1.788,    0.0000,    0.0000,    0.0000,    0.0000,    0.1504,    2.4105,    2.6331,    0.0000,    2.4748,     1.4637,     0.0203
     1.789,    0.0000,    0.0000,    0.0000,    0.0000,    0.0906,    2.4111,    2.6338,    0.0000,    2.4755,     1.4620,     0.0205
     1.790,    0.0000,    0.0000,    0.0000,    0.0000,    0.0519,    2.4115,    2.6342,    0.0000,    2.4759,     1.4601,     0.0206
     1.791,    0.0000,    0.0000,    0.0000,    0.0000,    0.0282,    2.4116,    2.6343,    0.0000,    2.4759,     1.4580,     0.0208
     1.792,    0.0000,    0.0000,    0.0000,    0.0000,    0.0146,    2.4115,    2.6342,    0.0000,    2.4757,     1.4557,     0.0209
     1.793,    0.0000,    0.0000,    0.0000,    0.0000,    0.0071,    2.4112,    2.6339,    0.0000,    2.4752,     1.4534,     0.0211
     1.794,    0.0000,    0.0000,    0.0000,    0.0000,    0.0033,    2.4114,    2.6341,    0.0000,    2.4750,     1.4514,     0.0212
     1.795,    0.0000,    0.0000,    0.0000,    0.0000,    0.0015,    2.4121,    2.6349,    0.0000,    2.4751,     1.4497,     0.0214
     1.796,    0.0000,    0.0000,    0.0000,    0.0000,    0.0006,    2.4127,    2.6356,    0.0000,    2.4747,     1.4479,     0.0215
     1.797,    0.0000,    0.0000,    0.0000,    0.0000,    0.0002,    2.4126,    2.6354,    0.0000,    2.4729,     1.4457,     0.0217
     1.798,    0.0000,    0.0000,    0.0000,    0.0000,    0.0001,    2.4122,    2.6350,    0.0000,    2.4698,     1.4433,     0.0218
     1.799,    0.0000,    0.0000,    0.0000,    0.0000,    0.0000,    2.4123,    2.6351,    0.0000,    2.4659,     1.4413,     0.0220
     1.800,    0.0000,    0.0000,    0.0000,    0.0000,    0.0000,    2.4130,    2.6359,    0.0000,    2.4604,     1.4395,     0.0222
     1.801,    0.0000,    0.0000,    0.0000,    0.0000,    0.0000,    2.4140,    2.6369,    0.0000,    2.4522,     1.4380,     0.0223
     1.802,    0.0000,    0.0000,    0.0000,    0.0000,    0.0000,    2.4146,    2.6376,    0.0000,    2.4399,     1.4362,     0.0225
     1.803,    0.0000,    0.0000,    0.0000,    0.0000,    0.0000,    2.4147,    2.6377,    0.0000,    2.4216,     1.4341,     0.0227
     1.804,    0.0000,    0.0000,    0.0000,    0.0000,    0.0000,    2.4145,    2.6374,    0.0000,    2.3965,     1.4319,     0.0228
     1.805,    0.0000,    0.0000,    0.0000,    0.0000,    0.0000,    2.4145,    2.6375,    0.0000,    2.3633,     1.4297,     0.0230
     1.806,    0.0000,    0.0000,    0.0000,    0.0000,    0.0000,    2.4148,    2.6378,    0.0000,    2.3204,     1.4278,     0.0231
     1.807,    0.0000,    0.0000,    0.0000,    0.0000,    0.0000,    2.4154,    2.6384,    0.0000,    2.2660,     1.4260,     0.0233
     1.808,    0.0000,    0.0000,    0.0000,    0.0000,    0.0000,    2.4160,    2.6392,    0.0000,    2.1987,     1.4243,     0.0235
     1.809,    0.0000,    0.0000,    0.0000,    0.0000,    0.0000,    2.4167,    2.6399,    0.0000,    2.1172,     1.4225,     0.0236
     1.810,    0.0000,    0.0000,    0.0000,    0.0000,    0.0000,    2.4171,    2.6403,    0.0000,    2.0208,     1.4206,     0.0238
     1.811,    0.0000,    0.0000,    0.0000,    0.0000,    0.0000,    2.4171,    2.6403,    0.0000,    1.9095,     1.4185,     0.0240
     1.812,    0.0000,    0.0000,    0.0000,    0.0000,    0.0000,    2.4172,    2.6405,    0.0000,    1.7847,     1.4165,     0.0241
     1.813,    0.0000,    0.0000,    0.0000,    0.0000,    0.0000,    2.4179,    2.6413,    0.0000,    1.6484,     1.4148,     0.0243
     1.814,    0.0000,    0.0000,    0.0000,    0.0000,    0.0000,    2.4188,    2.6422,    0.0000,    1.5027,     1.4132,     0.0245
     1.815,    0.0000,    0.0000,    0.0000,    0.0000,    0.0000,    2.4194,    2.6428,    0.0000,    1.3506,     1.4114,     0.0247
     1.816,    0.0000,    0.0000,    0.0000,    0.0000,    0.0000,    2.4198,    2.6432,    0.0000,    1.1956,     1.4095,     0.0248
     1.817,    0.0000,    0.0000,    0.0000,    0.0000,    0.0000,    2.4201,    2.6436,    0.0000,    1.0417,     1.4076,     0.0250
     1.818,    0.0000,    0.0000,    0.0000,    0.0000,    0.0000,    2.4199,    2.6434,    0.0000,    0.8924,     1.4054,     0.0252
     1.819,    0.0000,    0.0000,    0.0000,    0.0000,    0.0000,    2.4189,    2.6423,    0.0000,    0.7511,     1.4027,     0.0253
     1.820,    0.0000,    0.0000,    0.0000,    0.0000,    0.0000,    2.4182,    2.6415,    0.0000,    0.6208,     1.4002,     0.0255
     1.821,    0.0000,    0.0000,    0.0000,    0.0000,    0.0000,    2.4185,    2.6419,    0.0000,    0.5040,     1.3983,     0.0257
     1.822,    0.0000,    0.0000,    0.0000,    0.0000,    0.0000,    2.4195,    2.6430,    0.0000,    0.4014,     1.3968,     0.0259
     1.823,    0.0000,    0.0000,    0.0000,    0.0000,    0.0000,    2.4206,    2.6441,    0.0000,    0.3135,     1.3953,     0.0260
     1.824,    0.0000,    0.0000,    0.0000,    0.0000,    0.0000,    2.4217,    2.6454,    0.0000,    0.2400,     1.3938,     0.0262
     1.825,    0.0000,    0.0000,    0.0000,    0.0000,    0.0000,    2.4231,    2.6468,    0.0000,    0.1800,     1.3925,     0.0264
     1.826,    0.0000,    0.0000,    0.0000,    0.0000,    0.0000,    2.4243,    2.6482,    0.0000,    0.1323,     1.3911,     0.0266
     1.827,    0.0000,    0.0000,    0.0000,    0.0000,    0.0000,    2.4252,    2.6492,    0.0000,    0.0951,     1.3896,     0.0268
     1.828,    0.0000,    0.0000,    0.0000,    0.0000,    0.0000,    2.4255,    2.6496,    0.0000,    0.0669,     1.3877,     0.0270
     1.829,    0.0000,    0.0000,    0.0000,    0.0000,    0.0000,    2.4252,    2.6492,    0.0000,    0.0461,     1.3854,     0.0271
     1.830,    0.0000,    0.0000,    0.0000,    0.0000,    0.0000,    2.4250,    2.6490,    0.0000,    0.0310,     1.3832,     0.0273
     1.831,    0.0000,    0.0000,    0.0000,    0.0000,    0.0000,    2.4256,    2.6496,    0.0000,    0.0205,     1.3814,     0.0275
