data/WideFieldInstrument/Imaging/EffectiveAreas/Roman_effarea_v8_SCA03_20240301.ecsv
# %ECSV 1.0
# ---
# Effective area for Roman (m^2) - parameters as of 2024 03 01
# datatype:
# - {name: Wave, datatype: float32}
# - {name: F062, datatype: float32}
# - {name: F087, datatype: float32}
# - {name: F106, datatype: float32}
# - {name: F129, datatype: float32}
# - {name: F158, datatype: float32}
# - {name: F184, datatype: float32}
# - {name: F146, datatype: float32}
# - {name: F213, datatype: float32}
# - {name: Prism, datatype: float32}
# - {name: Grism_1stOrder, datatype: float32}
# - {name: Grism_0thOrder, datatype: float32}
# schema: astropy-2.0
Wave, F062, F087, F106, F129, F158, F184, F146, F213, Prism, Grism_1stOrder, Grism_0thOrder
[from data line 956]
     1.356,    0.0000,    0.0000,    0.0000,    2.4670,    0.0000,    0.0000,    2.4670,    0.0000,    2.3188,     2.1269,     0.0000
     1.357,    0.0000,    0.0000,    0.0000,    2.4666,    0.0000,    0.0000,    2.4666,    0.0000,    2.3184,     2.1262,     0.0000
     1.358,    0.0000,    0.0000,    0.0000,    2.4663,    0.0000,    0.0000,    2.4663,    0.0000,    2.3181,     2.1256,     0.0000
     1.359,    0.0000,    0.0000,    0.0000,    2.4667,    0.0000,    0.0000,    2.4667,    0.0000,    2.3185,     2.1255,     0.0000
     1.360,    0.0000,    0.0000,    0.0000,    2.4672,    0.0000,    0.0000,    2.4672,    0.0000,    2.3189,     2.1255,     0.0000
     1.361,    0.0000,    0.0000,    0.0000,    2.4669,    0.0000,    0.0000,    2.4669,    0.0000,    2.3187,     2.1248,     0.0000
     1.362,    0.0000,    0.0000,    0.0000,    2.4663,    0.0000,    0.0000,    2.4663,    0.0000,    2.3182,     2.1239,     0.0000
     1.363,    0.0000,    0.0000,    0.0000,    2.4659,    0.0000,    0.0000,    2.4659,    0.0000,    2.3177,     2.1230,     0.0000
     1.364,    0.0000,    0.0000,    0.0000,    2.4656,    0.0000,    0.0000,    2.4656,    0.0000,    2.3174,     2.1223,     0.0000
     1.365,    0.0000,    0.0000,    0.0000,    2.4654,    0.0000,    0.0000,    2.4654,    0.0000,    2.3172,     2.1216,     0.0000
     1.366,    0.0000,    0.0000,    0.0000,    2.4654,    0.0000,    0.0000,    2.4654,    0.0000,    2.3173,     2.1212,     0.0000
     1.367,    0.0000,    0.0000,    0.0000,    2.4658,    0.0000,    0.0000,    2.4658,    0.0000,    2.3176,     2.1210,     0.0000
     1.368,    0.0000,    0.0000,    0.0000,    2.4662,    0.0000,    0.0000,    2.4662,    0.0000,    2.3180,     2.1208,     0.0000
     1.369,    0.0000,    0.0000,    0.0000,    2.4662,    0.0000,    0.0000,    2.4662,    0.0000,    2.3180,     2.1202,     0.0000
     1.370,    0.0000,    0.0000,    0.0000,    2.4659,    0.0000,    0.0000,    2.4659,    0.0000,    2.3177,     2.1194,     0.0000
     1.371,    0.0000,    0.0000,    0.0000,    2.4655,    0.0002,    0.0000,    2.4655,    0.0000,    2.3174,     2.1186,     0.0000
     1.372,    0.0000,    0.0000,    0.0000,    2.4652,    0.0005,    0.0000,    2.4652,    0.0000,    2.3171,     2.1177,     0.0000
     1.373,    0.0000,    0.0000,    0.0000,    2.4650,    0.0016,    0.0000,    2.4650,    0.0000,    2.3169,     2.1170,     0.0000
     1.374,    0.0000,    0.0000,    0.0000,    2.4650,    0.0046,    0.0000,    2.4650,    0.0000,    2.3169,     2.1163,     0.0000
     1.375,    0.0000,    0.0000,    0.0000,    2.4650,    0.0118,    0.0000,    2.4650,    0.0000,    2.3169,     2.1157,     0.0000
     1.376,    0.0000,    0.0000,    0.0000,    2.4651,    0.0278,    0.0000,    2.4651,    0.0000,    2.3170,     2.1152,     0.0000
     1.377,    0.0000,    0.0000,    0.0000,    2.4651,    0.0599,    0.0000,    2.4651,    0.0000,    2.3170,     2.1145,     0.0000
     1.378,    0.0000,    0.0000,    0.0000,    2.4648,    0.1187,    0.0000,    2.4648,    0.0000,    2.3167,     2.1136,     0.0000
     1.379,    0.0000,    0.0000,    0.0000,    2.4643,    0.2166,    0.0000,    2.4643,    0.0000,    2.3162,     2.1125,     0.0000
     1.380,    0.0000,    0.0000,    0.0000,    2.4638,    0.3648,    0.0000,    2.4638,    0.0000,    2.3157,     2.1114,     0.0000
     1.381,    0.0000,    0.0000,    0.0000,    2.4635,    0.5690,    0.0000,    2.4635,    0.0000,    2.3155,     2.1105,     0.0000
     1.382,    0.0000,    0.0000,    0.0000,    2.4633,    0.8248,    0.0000,    2.4633,    0.0000,    2.3153,     2.1096,     0.0000
     1.383,    0.0000,    0.0000,    0.0000,    2.4629,    1.1163,    0.0000,    2.4629,    0.0000,    2.3150,     2.1086,     0.0000
     1.384,    0.0000,    0.0000,    0.0000,    2.4623,    1.4182,    0.0000,    2.4623,    0.0000,    2.3143,     2.1072,     0.0000
     1.385,    0.0000,    0.0000,    0.0000,    2.4613,    1.7026,    0.0000,    2.4613,    0.0000,    2.3134,     2.1057,     0.0000
     1.386,    0.0000,    0.0000,    0.0000,    2.4605,    1.9463,    0.0000,    2.4605,    0.0000,    2.3127,     2.1043,     0.0000
     1.387,    0.0000,    0.0000,    0.0000,    2.4604,    2.1367,    0.0000,    2.4604,    0.0000,    2.3126,     2.1034,     0.0000
     1.388,    0.0000,    0.0000,    0.0000,    2.4605,    2.2719,    0.0000,    2.4605,    0.0000,    2.3126,     2.1027,     0.0000
     1.389,    0.0000,    0.0000,    0.0000,    2.4601,    2.3588,    0.0000,    2.4601,    0.0000,    2.3123,     2.1015,     0.0000
     1.390,    0.0000,    0.0000,    0.0000,    2.4600,    2.4099,    0.0000,    2.4600,    0.0000,    2.3122,     2.1007,     0.0000
     1.391,    0.0000,    0.0000,    0.0000,    2.4608,    2.4380,    0.0000,    2.4608,    0.0000,    2.3129,     2.1005,     0.0000
     1.392,    0.0000,    0.0000,    0.0000,    2.4614,    2.4519,    0.0000,    2.4614,    0.0000,    2.3135,     2.1002,     0.0000
     1.393,    0.0000,    0.0000,    0.0000,    2.4610,    2.4574,    0.0000,    2.4610,    0.0000,    2.3131,     2.0991,     0.0000
     1.394,    0.0000,    0.0000,    0.0000,    2.4601,    2.4589,    0.0000,    2.4601,    0.0000,    2.3123,     2.0974,     0.0000
     1.395,    0.0000,    0.0000,    0.0000,    2.4596,    2.4592,    0.0000,    2.4596,    0.0000,    2.3118,     2.0961,     0.0000
     1.396,    0.0000,    0.0000,    0.0000,    2.4596,    2.4595,    0.0000,    2.4596,    0.0000,    2.3118,     2.0952,     0.0000
     1.397,    0.0000,    0.0000,    0.0000,    2.4599,    2.4599,    0.0000,    2.4599,    0.0000,    2.3121,     2.0947,     0.0000
     1.398,    0.0000,    0.0000,    0.0000,    2.4600,    2.4600,    0.0000,    2.4600,    0.0000,    2.3122,     2.0939,     0.0000
     1.399,    0.0000,    0.0000,    0.0000,    2.4593,    2.4593,    0.0000,    2.4593,    0.0000,    2.3115,     2.0923,     0.0000
     1.400,    0.0000,    0.0000,    0.0000,    2.4583,    2.4583,    0.0000,    2.4583,    0.0000,    2.3106,     2.0906,     0.0000
     1.401,    0.0000,    0.0000,    0.0000,    2.4576,    2.4576,    0.0000,    2.4576,    0.0000,    2.3100,     2.0891,     0.0000
     1.402,    0.0000,    0.0000,    0.0000,    2.4574,    2.4574,    0.0000,    2.4574,    0.0000,    2.3098,     2.0880,     0.0000
     1.403,    0.0000,    0.0000,    0.0000,    2.4576,    2.4576,    0.0000,    2.4576,    0.0000,    2.3099,     2.0871,     0.0000
     1.404,    0.0000,    0.0000,    0.0000,    2.4576,    2.4576,    0.0000,    2.4576,    0.0000,    2.3100,     2.0862,     0.0000
     1.405,    0.0000,    0.0000,    0.0000,    2.4573,    2.4573,    0.0000,    2.4573,    0.0000,    2.3096,     2.0850,     0.0000
     1.406,    0.0000,    0.0000,    0.0000,    2.4566,    2.4566,    0.0000,    2.4566,    0.0000,    2.3090,     2.0834,     0.0000
     1.407,    0.0000,    0.0000,    0.0000,    2.4558,    2.4558,    0.0000,    2.4558,    0.0000,    2.3083,     2.0817,     0.0000
     1.408,    0.0000,    0.0000,    0.0000,    2.4551,    2.4551,    0.0000,    2.4551,    0.0000,    2.3076,     2.0801,     0.0000
     1.409,    0.0000,    0.0000,    0.0000,    2.4545,    2.4545,    0.0000,    2.4545,    0.0000,    2.3070,     2.0786,     0.0000
     1.410,    0.0000,    0.0000,    0.0000,    2.4536,    2.4536,    0.0000,    2.4536,    0.0000,    2.3062,     2.0769,     0.0000
     1.411,    0.0000,    0.0000,    0.0000,    2.4523,    2.4523,    0.0000,    2.4523,    0.0000,    2.3049,     2.0747,     0.0000
     1.412,    0.0000,    0.0000,    0.0000,    2.4512,    2.4512,    0.0000,    2.4512,    0.0000,    2.3039,     2.0727,     0.0000
     1.413,    0.0000,    0.0000,    0.0000,    2.4510,    2.4510,    0.0000,    2.4510,    0.0000,    2.3038,     2.0715,     0.0000
     1.414,    0.0000,    0.0000,    0.0000,    2.4510,    2.4510,    0.0000,    2.4510,    0.0000,    2.3038,     2.0705,     0.0000
     1.415,    0.0000,    0.0000,    0.0000,    2.4504,    2.4504,    0.0000,    2.4504,    0.0000,    2.3032,     2.0689,     0.0000
     1.416,    0.0000,    0.0000,    0.0000,    2.4494,    2.4494,    0.0000,    2.4494,    0.0000,    2.3023,     2.0670,     0.0000
     1.417,    0.0000,    0.0000,    0.0000,    2.4487,    2.4487,    0.0000,    2.4487,    0.0000,    2.3015,     2.0652,     0.0000
     1.418,    0.0000,    0.0000,    0.0000,    2.4484,    2.4484,    0.0000,    2.4484,    0.0000,    2.3012,     2.0639,     0.0000
     1.419,    0.0000,    0.0000,    0.0000,    2.4485,    2.4485,    0.0000,    2.4485,    0.0000,    2.3014,     2.0629,     0.0000
     1.420,    0.0000,    0.0000,    0.0000,    2.4487,    2.4487,    0.0000,    2.4487,    0.0000,    2.3015,     2.0619,     0.0000
     1.421,    0.0000,    0.0000,    0.0000,    2.4486,    2.4486,    0.0000,    2.4486,    0.0000,    2.3015,     2.0607,     0.0000
     1.422,    0.0000,    0.0000,    0.0000,    2.4490,    2.4490,    0.0000,    2.4490,    0.0000,    2.3019,     2.0599,     0.0000
     1.423,    0.0000,    0.0000,    0.0000,    2.4504,    2.4504,    0.0000,    2.4504,    0.0000,    2.3032,     2.0600,     0.0000
     1.424,    0.0000,    0.0000,    0.0000,    2.4522,    2.4522,    0.0000,    2.4522,    0.0000,    2.3048,     2.0603,     0.0000
     1.425,    0.0000,    0.0000,    0.0000,    2.4535,    2.4535,    0.0000,    2.4535,    0.0000,    2.3061,     2.0602,     0.0000
     1.426,    0.0000,    0.0000,    0.0000,    2.4541,    2.4541,    0.0000,    2.4541,    0.0000,    2.3066,     2.0595,     0.0001
     1.427,    0.0000,    0.0000,    0.0000,    2.4541,    2.4541,    0.0000,    2.4541,    0.0000,    2.3066,     2.0583,     0.0001
     1.428,    0.0000,    0.0000,    0.0000,    2.4540,    2.4540,    0.0000,    2.4540,    0.0000,    2.3065,     2.0570,     0.0001
     1.429,    0.0000,    0.0000,    0.0000,    2.4543,    2.4543,    0.0000,    2.4543,    0.0000,    2.3068,     2.0561,     0.0001
     1.430,    0.0000,    0.0000,    0.0000,    2.4548,    2.4548,    0.0000,    2.4548,    0.0000,    2.3073,     2.0553,     0.0001
     1.431,    0.0000,    0.0000,    0.0000,    2.4551,    2.4551,    0.0000,    2.4551,    0.0000,    2.3076,     2.0543,     0.0001
     1.432,    0.0000,    0.0000,    0.0000,    2.4553,    2.4553,    0.0000,    2.4553,    0.0000,    2.3077,     2.0532,     0.0001
     1.433,    0.0000,    0.0000,    0.0000,    2.4555,    2.4555,    0.0000,    2.4555,    0.0000,    2.3079,     2.0521,     0.0001
     1.434,    0.0000,    0.0000,    0.0000,    2.4557,    2.4557,    0.0000,    2.4557,    0.0000,    2.3082,     2.0511,     0.0001
     1.435,    0.0000,    0.0000,    0.0000,    2.4561,    2.4561,    0.0000,    2.4561,    0.0000,    2.3085,     2.0502,     0.0001
     1.436,    0.0000,    0.0000,    0.0000,    2.4565,    2.4565,    0.0000,    2.4565,    0.0000,    2.3089,     2.0492,     0.0001
     1.437,    0.0000,    0.0000,    0.0000,    2.4568,    2.4568,    0.0000,    2.4568,    0.0000,    2.3091,     2.0481,     0.0001
     1.438,    0.0000,    0.0000,    0.0000,    2.4568,    2.4568,    0.0000,    2.4568,    0.0000,    2.3092,     2.0469,     0.0001
     1.439,    0.0000,    0.0000,    0.0000,    2.4566,    2.4566,    0.0000,    2.4566,    0.0000,    2.3090,     2.0454,     0.0001
     1.440,    0.0000,    0.0000,    0.0000,    2.4566,    2.4566,    0.0000,    2.4566,    0.0000,    2.3090,     2.0441,     0.0001
     1.441,    0.0000,    0.0000,    0.0000,    2.4570,    2.4572,    0.0000,    2.4572,    0.0000,    2.3095,     2.0433,     0.0001
     1.442,    0.0000,    0.0000,    0.0000,    2.4571,    2.4579,    0.0000,    2.4579,    0.0000,    2.3102,     2.0425,     0.0001
     1.443,    0.0000,    0.0000,    0.0000,    2.4552,    2.4583,    0.0000,    2.4583,    0.0000,    2.3106,     2.0415,     0.0001
     1.444,    0.0000,    0.0000,    0.0000,    2.4480,    2.4583,    0.0000,    2.4583,    0.0000,    2.3106,     2.0402,     0.0001
     1.445,    0.0000,    0.0000,    0.0000,    2.4278,    2.4582,    0.0000,    2.4582,    0.0000,    2.3105,     2.0387,     0.0001
     1.446,    0.0000,    0.0000,    0.0000,    2.3798,    2.4580,    0.0000,    2.4580,    0.0000,    2.3103,     2.0373,     0.0001
     1.447,    0.0000,    0.0000,    0.0000,    2.2819,    2.4582,    0.0000,    2.4582,    0.0000,    2.3105,     2.0360,     0.0001
     1.448,    0.0000,    0.0000,    0.0000,    2.1098,    2.4586,    0.0000,    2.4586,    0.0000,    2.3108,     2.0349,     0.0001
     1.449,    0.0000,    0.0000,    0.0000,    1.8492,    2.4591,    0.0000,    2.4591,    0.0000,    2.3113,     2.0340,     0.0001
     1.450,    0.0000,    0.0000,    0.0000,    1.5100,    2.4597,    0.0000,    2.4597,    0.0000,    2.3119,     2.0331,     0.0001
     1.451,    0.0000,    0.0000,    0.0000,    1.1305,    2.4604,    0.0000,    2.4604,    0.0000,    2.3125,     2.0323,     0.0001
     1.452,    0.0000,    0.0000,    0.0000,    0.7653,    2.4607,    0.0000,    2.4607,    0.0000,    2.3129,     2.0311,     0.0001
     1.453,    0.0000,    0.0000,    0.0000,    0.4633,    2.4607,    0.0000,    2.4607,    0.0000,    2.3128,     2.0297,     0.0001
     1.454,    0.0000,    0.0000,    0.0000,    0.2487,    2.4606,    0.0000,    2.4606,    0.0000,    2.3128,     2.0282,     0.0001
     1.455,    0.0000,    0.0000,    0.0000,    0.1176,    2.4610,    0.0000,    2.4610,    0.0000,    2.3132,     2.0271,     0.0001
     1.456,    0.0000,    0.0000,    0.0000,    0.0487,    2.4616,    0.0000,    2.4616,    0.0000,    2.3137,     2.0261,     0.0002
     1.457,    0.0000,    0.0000,    0.0000,    0.0176,    2.4619,    0.0000,    2.4619,    0.0000,    2.3139,     2.0249,     0.0002
     1.458,    0.0000,    0.0000,    0.0000,    0.0055,    2.4622,    0.0000,    2.4622,    0.0000,    2.3142,     2.0237,     0.0002
     1.459,    0.0000,    0.0000,    0.0000,    0.0015,    2.4628,    0.0000,    2.4628,    0.0000,    2.3148,     2.0228,     0.0002
     1.460,    0.0000,    0.0000,    0.0000,    0.0004,    2.4634,    0.0000,    2.4634,    0.0000,    2.3154,     2.0218,     0.0002
     1.461,    0.0000,    0.0000,    0.0000,    0.0001,    2.4637,    0.0000,    2.4637,    0.0000,    2.3157,     2.0205,     0.0002
     1.462,    0.0000,    0.0000,    0.0000,    0.0000,    2.4639,    0.0000,    2.4639,    0.0000,    2.3158,     2.0192,     0.0002
     1.463,    0.0000,    0.0000,    0.0000,    0.0000,    2.4643,    0.0000,    2.4643,    0.0000,    2.3162,     2.0180,     0.0002
     1.464,    0.0000,    0.0000,    0.0000,    0.0000,    2.4647,    0.0000,    2.4647,    0.0000,    2.3166,     2.0169,     0.0002
     1.465,    0.0000,    0.0000,    0.0000,    0.0000,    2.4648,    0.0000,    2.4648,    0.0000,    2.3167,     2.0154,     0.0002
     1.466,    0.0000,    0.0000,    0.0000,    0.0000,    2.4650,    0.0000,    2.4650,    0.0000,    2.3168,     2.0140,     0.0002
     1.467,    0.0000,    0.0000,    0.0000,    0.0000,    2.4655,    0.0000,    2.4655,    0.0000,    2.3174,     2.0130,     0.0002
     1.468,    0.0000,    0.0000,    0.0000,    0.0000,    2.4664,    0.0000,    2.4664,    0.0000,    2.3182,     2.0121,     0.0002
     1.469,    0.0000,    0.0000,    0.0000,    0.0000,    2.4671,    0.0000,    2.4671,    0.0000,    2.3188,     2.0111,     0.0002
     1.470,    0.0000,    0.0000,    0.0000,    0.0000,    2.4674,    0.0000,    2.4674,    0.0000,    2.3191,     2.0099,     0.0002
     1.471,    0.0000,    0.0000,    0.0000,    0.0000,    2.4674,    0.0000,    2.4674,    0.0000,    2.3191,     2.0083,     0.0002
     1.472,    0.0000,    0.0000,    0.0000,    0.0000,    2.4675,    0.0000,    2.4675,    0.0000,    2.3192,     2.0068,     0.0002
     1.473,    0.0000,    0.0000,    0.0000,    0.0000,    2.4682,    0.0000,    2.4682,    0.0000,    2.3199,     2.0058,     0.0003
