data/WideFieldInstrument/Imaging/EffectiveAreas/Roman_effarea_v8_SCA03_20240301.ecsv
# %ECSV 1.0
# ---
# Effective area for Roman (m^2) - parameters as of 2024 03 01
# datatype:
# - {name: Wave, datatype: float32}
# - {name: F062, datatype: float32}
# - {name: F087, datatype: float32}
# - {name: F106, datatype: float32}
# - {name: F129, datatype: float32}
# - {name: F158, datatype: float32}
# - {name: F184, datatype: float32}
# - {name: F146, datatype: float32}
# - {name: F213, datatype: float32}
# - {name: Prism, datatype: float32}
# - {name: Grism_1stOrder, datatype: float32}
# - {name: Grism_0thOrder, datatype: float32}
# schema: astropy-2.0
Wave, F062, F087, F106, F129, F158, F184, F146, F213, Prism, Grism_1stOrder, Grism_0thOrder
[from data line 1195]
     1.595,    0.0000,    0.0000,    0.0000,    0.0000,    2.5222,    0.0000,    2.5222,    0.0000,    2.3706,     1.8161,     0.0028
     1.596,    0.0000,    0.0000,    0.0000,    0.0000,    2.5223,    0.0000,    2.5223,    0.0000,    2.3707,     1.8141,     0.0028
     1.597,    0.0000,    0.0000,    0.0000,    0.0000,    2.5224,    0.0000,    2.5224,    0.0000,    2.3709,     1.8121,     0.0029
     1.598,    0.0000,    0.0000,    0.0000,    0.0000,    2.5230,    0.0000,    2.5230,    0.0000,    2.3714,     1.8103,     0.0029
     1.599,    0.0000,    0.0000,    0.0000,    0.0000,    2.5239,    0.0000,    2.5239,    0.0000,    2.3723,     1.8089,     0.0029
     1.600,    0.0000,    0.0000,    0.0000,    0.0000,    2.5249,    0.0000,    2.5249,    0.0000,    2.3732,     1.8075,     0.0030
     1.601,    0.0000,    0.0000,    0.0000,    0.0000,    2.5253,    0.0000,    2.5253,    0.0000,    2.3736,     1.8056,     0.0030
     1.602,    0.0000,    0.0000,    0.0000,    0.0000,    2.5256,    0.0000,    2.5256,    0.0000,    2.3738,     1.8037,     0.0031
     1.603,    0.0000,    0.0000,    0.0000,    0.0000,    2.5260,    0.0000,    2.5260,    0.0000,    2.3742,     1.8019,     0.0031
     1.604,    0.0000,    0.0000,    0.0000,    0.0000,    2.5266,    0.0000,    2.5266,    0.0000,    2.3747,     1.8001,     0.0032
     1.605,    0.0000,    0.0000,    0.0000,    0.0000,    2.5272,    0.0000,    2.5272,    0.0000,    2.3754,     1.7985,     0.0032
     1.606,    0.0000,    0.0000,    0.0000,    0.0000,    2.5280,    0.0000,    2.5280,    0.0000,    2.3761,     1.7969,     0.0032
     1.607,    0.0000,    0.0000,    0.0000,    0.0000,    2.5289,    0.0000,    2.5289,    0.0000,    2.3769,     1.7953,     0.0033
     1.608,    0.0000,    0.0000,    0.0000,    0.0000,    2.5296,    0.0000,    2.5296,    0.0000,    2.3776,     1.7937,     0.0033
     1.609,    0.0000,    0.0000,    0.0000,    0.0000,    2.5300,    0.0000,    2.5300,    0.0000,    2.3780,     1.7919,     0.0034
     1.610,    0.0000,    0.0000,    0.0000,    0.0000,    2.5306,    0.0000,    2.5306,    0.0000,    2.3785,     1.7901,     0.0034
     1.611,    0.0000,    0.0000,    0.0000,    0.0000,    2.5315,    0.0000,    2.5315,    0.0000,    2.3794,     1.7887,     0.0035
     1.612,    0.0000,    0.0000,    0.0000,    0.0000,    2.5324,    0.0000,    2.5324,    0.0000,    2.3802,     1.7871,     0.0035
     1.613,    0.0000,    0.0000,    0.0000,    0.0000,    2.5327,    0.0000,    2.5327,    0.0000,    2.3806,     1.7852,     0.0036
     1.614,    0.0000,    0.0000,    0.0000,    0.0000,    2.5331,    0.0000,    2.5331,    0.0000,    2.3809,     1.7833,     0.0036
     1.615,    0.0000,    0.0000,    0.0000,    0.0000,    2.5339,    0.0000,    2.5339,    0.0000,    2.3817,     1.7817,     0.0037
     1.616,    0.0000,    0.0000,    0.0000,    0.0000,    2.5351,    0.0000,    2.5351,    0.0000,    2.3827,     1.7804,     0.0037
     1.617,    0.0000,    0.0000,    0.0000,    0.0000,    2.5362,    0.0000,    2.5362,    0.0000,    2.3838,     1.7790,     0.0038
     1.618,    0.0000,    0.0000,    0.0000,    0.0000,    2.5371,    0.0000,    2.5371,    0.0000,    2.3846,     1.7775,     0.0038
     1.619,    0.0000,    0.0000,    0.0000,    0.0000,    2.5378,    0.0000,    2.5378,    0.0000,    2.3853,     1.7758,     0.0039
     1.620,    0.0000,    0.0000,    0.0000,    0.0000,    2.5383,    0.0000,    2.5383,    0.0000,    2.3858,     1.7740,     0.0039
     1.621,    0.0000,    0.0000,    0.0000,    0.0000,    2.5389,    0.0000,    2.5389,    0.0000,    2.3864,     1.7723,     0.0040
     1.622,    0.0000,    0.0000,    0.0000,    0.0000,    2.5396,    0.0000,    2.5396,    0.0000,    2.3870,     1.7706,     0.0040
     1.623,    0.0000,    0.0000,    0.0000,    0.0000,    2.5405,    0.0000,    2.5405,    0.0000,    2.3878,     1.7690,     0.0041
     1.624,    0.0000,    0.0000,    0.0000,    0.0000,    2.5412,    0.0000,    2.5412,    0.0000,    2.3885,     1.7673,     0.0041
     1.625,    0.0000,    0.0000,    0.0000,    0.0000,    2.5416,    0.0000,    2.5416,    0.0000,    2.3889,     1.7655,     0.0042
     1.626,    0.0000,    0.0000,    0.0000,    0.0000,    2.5422,    0.0000,    2.5422,    0.0000,    2.3895,     1.7637,     0.0042
     1.627,    0.0000,    0.0000,    0.0000,    0.0000,    2.5433,    0.0000,    2.5433,    0.0000,    2.3905,     1.7623,     0.0043
     1.628,    0.0000,    0.0000,    0.0000,    0.0000,    2.5443,    0.0000,    2.5443,    0.0000,    2.3914,     1.7608,     0.0043
     1.629,    0.0000,    0.0000,    0.0000,    0.0000,    2.5447,    0.0000,    2.5447,    0.0000,    2.3918,     1.7589,     0.0044
     1.630,    0.0000,    0.0000,    0.0000,    0.0000,    2.5450,    0.0000,    2.5450,    0.0000,    2.3921,     1.7569,     0.0044
     1.631,    0.0000,    0.0000,    0.0000,    0.0000,    2.5458,    0.0000,    2.5458,    0.0000,    2.3928,     1.7553,     0.0045
     1.632,    0.0000,    0.0000,    0.0000,    0.0000,    2.5469,    0.0000,    2.5469,    0.0000,    2.3939,     1.7539,     0.0045
     1.633,    0.0000,    0.0000,    0.0000,    0.0000,    2.5480,    0.0000,    2.5480,    0.0000,    2.3949,     1.7524,     0.0046
     1.634,    0.0000,    0.0000,    0.0000,    0.0000,    2.5489,    0.0000,    2.5489,    0.0000,    2.3957,     1.7508,     0.0047
     1.635,    0.0000,    0.0000,    0.0000,    0.0000,    2.5496,    0.0000,    2.5496,    0.0000,    2.3964,     1.7491,     0.0047
     1.636,    0.0000,    0.0000,    0.0000,    0.0000,    2.5503,    0.0000,    2.5503,    0.0000,    2.3971,     1.7474,     0.0048
     1.637,    0.0000,    0.0000,    0.0000,    0.0000,    2.5511,    0.0000,    2.5511,    0.0000,    2.3979,     1.7458,     0.0048
     1.638,    0.0000,    0.0000,    0.0000,    0.0000,    2.5521,    0.0000,    2.5521,    0.0000,    2.3987,     1.7443,     0.0049
     1.639,    0.0000,    0.0000,    0.0000,    0.0000,    2.5529,    0.0000,    2.5529,    0.0000,    2.3995,     1.7426,     0.0050
     1.640,    0.0000,    0.0000,    0.0000,    0.0000,    2.5536,    0.0000,    2.5536,    0.0000,    2.4002,     1.7409,     0.0050
     1.641,    0.0000,    0.0000,    0.0000,    0.0000,    2.5540,    0.0000,    2.5540,    0.0000,    2.4005,     1.7390,     0.0051
     1.642,    0.0000,    0.0000,    0.0000,    0.0000,    2.5546,    0.0000,    2.5546,    0.0000,    2.4011,     1.7372,     0.0051
     1.643,    0.0000,    0.0000,    0.0000,    0.0000,    2.5557,    0.0000,    2.5557,    0.0000,    2.4021,     1.7357,     0.0052
     1.644,    0.0000,    0.0000,    0.0000,    0.0000,    2.5568,    0.0000,    2.5568,    0.0000,    2.4032,     1.7343,     0.0053
     1.645,    0.0000,    0.0000,    0.0000,    0.0000,    2.5572,    0.0000,    2.5572,    0.0000,    2.4036,     1.7324,     0.0053
     1.646,    0.0000,    0.0000,    0.0000,    0.0000,    2.5575,    0.0000,    2.5575,    0.0000,    2.4038,     1.7303,     0.0054
     1.647,    0.0000,    0.0000,    0.0000,    0.0000,    2.5579,    0.0000,    2.5579,    0.0000,    2.4042,     1.7284,     0.0054
     1.648,    0.0000,    0.0000,    0.0000,    0.0000,    2.5585,    0.0000,    2.5585,    0.0000,    2.4047,     1.7266,     0.0055
     1.649,    0.0000,    0.0000,    0.0000,    0.0000,    2.5589,    0.0000,    2.5589,    0.0000,    2.4052,     1.7247,     0.0056
     1.650,    0.0000,    0.0000,    0.0000,    0.0000,    2.5597,    0.0000,    2.5597,    0.0000,    2.4059,     1.7230,     0.0056
     1.651,    0.0000,    0.0000,    0.0000,    0.0000,    2.5610,    0.0000,    2.5610,    0.0000,    2.4071,     1.7217,     0.0057
     1.652,    0.0000,    0.0000,    0.0000,    0.0000,    2.5619,    0.0000,    2.5619,    0.0000,    2.4080,     1.7201,     0.0058
     1.653,    0.0000,    0.0000,    0.0000,    0.0000,    2.5617,    0.0000,    2.5617,    0.0000,    2.4078,     1.7177,     0.0058
     1.654,    0.0000,    0.0000,    0.0000,    0.0000,    2.5615,    0.0000,    2.5615,    0.0000,    2.4076,     1.7154,     0.0059
     1.655,    0.0000,    0.0000,    0.0000,    0.0000,    2.5624,    0.0000,    2.5624,    0.0000,    2.4085,     1.7138,     0.0060
     1.656,    0.0000,    0.0000,    0.0000,    0.0000,    2.5638,    0.0000,    2.5638,    0.0000,    2.4097,     1.7125,     0.0060
     1.657,    0.0000,    0.0000,    0.0000,    0.0000,    2.5646,    0.0000,    2.5646,    0.0000,    2.4105,     1.7108,     0.0061
     1.658,    0.0000,    0.0000,    0.0000,    0.0000,    2.5650,    0.0000,    2.5650,    0.0000,    2.4109,     1.7089,     0.0062
     1.659,    0.0000,    0.0000,    0.0000,    0.0000,    2.5655,    0.0000,    2.5655,    0.0000,    2.4113,     1.7070,     0.0062
     1.660,    0.0000,    0.0000,    0.0000,    0.0000,    2.5663,    0.0000,    2.5663,    0.0000,    2.4121,     1.7053,     0.0063
     1.661,    0.0000,    0.0000,    0.0000,    0.0000,    2.5676,    0.0000,    2.5676,    0.0000,    2.4133,     1.7039,     0.0064
     1.662,    0.0000,    0.0000,    0.0000,    0.0000,    2.5684,    0.0000,    2.5684,    0.0000,    2.4140,     1.7022,     0.0065
     1.663,    0.0000,    0.0000,    0.0000,    0.0000,    2.5680,    0.0000,    2.5680,    0.0000,    2.4137,     1.6998,     0.0065
     1.664,    0.0000,    0.0000,    0.0000,    0.0000,    2.5677,    0.0000,    2.5677,    0.0000,    2.4134,     1.6973,     0.0066
     1.665,    0.0000,    0.0000,    0.0000,    0.0000,    2.5685,    0.0001,    2.5685,    0.0000,    2.4141,     1.6957,     0.0067
     1.666,    0.0000,    0.0000,    0.0000,    0.0000,    2.5698,    0.0004,    2.5698,    0.0000,    2.4154,     1.6943,     0.0068
     1.667,    0.0000,    0.0000,    0.0000,    0.0000,    2.5707,    0.0010,    2.5707,    0.0000,    2.4163,     1.6927,     0.0068
     1.668,    0.0000,    0.0000,    0.0000,    0.0000,    2.5710,    0.0024,    2.5710,    0.0000,    2.4166,     1.6907,     0.0069
     1.669,    0.0000,    0.0000,    0.0000,    0.0000,    2.5708,    0.0055,    2.5708,    0.0000,    2.4163,     1.6883,     0.0070
     1.670,    0.0000,    0.0000,    0.0000,    0.0000,    2.5707,    0.0120,    2.5707,    0.0000,    2.4162,     1.6860,     0.0070
     1.671,    0.0000,    0.0000,    0.0000,    0.0000,    2.5713,    0.0247,    2.5713,    0.0000,    2.4168,     1.6842,     0.0071
     1.672,    0.0000,    0.0000,    0.0000,    0.0000,    2.5720,    0.0476,    2.5720,    0.0000,    2.4175,     1.6825,     0.0072
     1.673,    0.0000,    0.0000,    0.0000,    0.0000,    2.5722,    0.0864,    2.5722,    0.0000,    2.4176,     1.6803,     0.0073
     1.674,    0.0000,    0.0000,    0.0000,    0.0000,    2.5723,    0.1480,    2.5723,    0.0000,    2.4178,     1.6782,     0.0074
     1.675,    0.0000,    0.0000,    0.0000,    0.0000,    2.5731,    0.2394,    2.5731,    0.0000,    2.4185,     1.6765,     0.0074
     1.676,    0.0000,    0.0000,    0.0000,    0.0000,    2.5740,    0.3664,    2.5740,    0.0000,    2.4194,     1.6749,     0.0075
     1.677,    0.0000,    0.0000,    0.0000,    0.0000,    2.5745,    0.5313,    2.5745,    0.0000,    2.4198,     1.6730,     0.0076
     1.678,    0.0000,    0.0000,    0.0000,    0.0000,    2.5750,    0.7316,    2.5750,    0.0000,    2.4203,     1.6710,     0.0077
     1.679,    0.0000,    0.0000,    0.0000,    0.0000,    2.5758,    0.9592,    2.5758,    0.0000,    2.4210,     1.6694,     0.0078
     1.680,    0.0000,    0.0000,    0.0000,    0.0000,    2.5767,    1.2014,    2.5767,    0.0000,    2.4219,     1.6677,     0.0078
     1.681,    0.0000,    0.0000,    0.0000,    0.0000,    2.5773,    1.4420,    2.5773,    0.0000,    2.4224,     1.6659,     0.0079
     1.682,    0.0000,    0.0000,    0.0000,    0.0000,    2.5778,    1.6659,    2.5778,    0.0000,    2.4229,     1.6640,     0.0080
     1.683,    0.0000,    0.0000,    0.0000,    0.0000,    2.5784,    1.8608,    2.5784,    0.0000,    2.4234,     1.6621,     0.0081
     1.684,    0.0000,    0.0000,    0.0000,    0.0000,    2.5789,    2.0194,    2.5789,    0.0000,    2.4239,     1.6602,     0.0082
     1.685,    0.0000,    0.0000,    0.0000,    0.0000,    2.5792,    2.1401,    2.5792,    0.0000,    2.4242,     1.6582,     0.0082
     1.686,    0.0000,    0.0000,    0.0000,    0.0000,    2.5795,    2.2261,    2.5795,    0.0000,    2.4245,     1.6562,     0.0083
     1.687,    0.0000,    0.0000,    0.0000,    0.0000,    2.5800,    2.2837,    2.5800,    0.0000,    2.4250,     1.6543,     0.0084
     1.688,    0.0000,    0.0000,    0.0000,    0.0000,    2.5806,    2.3198,    2.5806,    0.0000,    2.4255,     1.6524,     0.0085
     1.689,    0.0000,    0.0000,    0.0000,    0.0000,    2.5812,    2.3411,    2.5812,    0.0000,    2.4261,     1.6506,     0.0086
     1.690,    0.0000,    0.0000,    0.0000,    0.0000,    2.5816,    2.3528,    2.5816,    0.0000,    2.4265,     1.6486,     0.0087
     1.691,    0.0000,    0.0000,    0.0000,    0.0000,    2.5820,    2.3589,    2.5820,    0.0000,    2.4269,     1.6467,     0.0088
     1.692,    0.0000,    0.0000,    0.0000,    0.0000,    2.5827,    2.3623,    2.5827,    0.0000,    2.4275,     1.6449,     0.0089
     1.693,    0.0000,    0.0000,    0.0000,    0.0000,    2.5838,    2.3645,    2.5838,    0.0000,    2.4285,     1.6433,     0.0089
     1.694,    0.0000,    0.0000,    0.0000,    0.0000,    2.5847,    2.3658,    2.5847,    0.0000,    2.4294,     1.6417,     0.0090
     1.695,    0.0000,    0.0000,    0.0000,    0.0000,    2.5848,    2.3662,    2.5848,    0.0000,    2.4295,     1.6395,     0.0091
     1.696,    0.0000,    0.0000,    0.0000,    0.0000,    2.5851,    2.3665,    2.5851,    0.0000,    2.4298,     1.6375,     0.0092
     1.697,    0.0000,    0.0000,    0.0000,    0.0000,    2.5864,    2.3678,    2.5864,    0.0000,    2.4310,     1.6361,     0.0093
     1.698,    0.0000,    0.0000,    0.0000,    0.0000,    2.5876,    2.3688,    2.5876,    0.0000,    2.4321,     1.6346,     0.0094
     1.699,    0.0000,    0.0000,    0.0000,    0.0000,    2.5875,    2.3687,    2.5875,    0.0000,    2.4320,     1.6323,     0.0095
     1.700,    0.0000,    0.0000,    0.0000,    0.0000,    2.5873,    2.3686,    2.5873,    0.0000,    2.4319,     1.6300,     0.0096
     1.701,    0.0000,    0.0000,    0.0000,    0.0000,    2.5885,    2.3696,    2.5885,    0.0000,    2.4329,     1.6285,     0.0097
     1.702,    0.0000,    0.0000,    0.0000,    0.0000,    2.5901,    2.3711,    2.5901,    0.0000,    2.4345,     1.6273,     0.0098
     1.703,    0.0000,    0.0000,    0.0000,    0.0000,    2.5913,    2.3722,    2.5913,    0.0000,    2.4356,     1.6258,     0.0099
     1.704,    0.0000,    0.0000,    0.0000,    0.0000,    2.5918,    2.3727,    2.5918,    0.0000,    2.4361,     1.6239,     0.0100
     1.705,    0.0000,    0.0000,    0.0000,    0.0000,    2.5918,    2.3727,    2.5918,    0.0000,    2.4361,     1.6217,     0.0101
     1.706,    0.0000,    0.0000,    0.0000,    0.0000,    2.5920,    2.3729,    2.5920,    0.0000,    2.4363,     1.6196,     0.0102
     1.707,    0.0000,    0.0000,    0.0000,    0.0000,    2.5930,    2.3737,    2.5930,    0.0000,    2.4372,     1.6180,     0.0103
     1.708,    0.0000,    0.0000,    0.0000,    0.0000,    2.5940,    2.3747,    2.5940,    0.0000,    2.4382,     1.6164,     0.0104
     1.709,    0.0000,    0.0000,    0.0000,    0.0000,    2.5947,    2.3753,    2.5947,    0.0000,    2.4388,     1.6146,     0.0105
     1.710,    0.0000,    0.0000,    0.0000,    0.0000,    2.5951,    2.3757,    2.5951,    0.0000,    2.4392,     1.6126,     0.0106
     1.711,    0.0000,    0.0000,    0.0000,    0.0000,    2.5957,    2.3762,    2.5957,    0.0000,    2.4397,     1.6108,     0.0107
     1.712,    0.0000,    0.0000,    0.0000,    0.0000,    2.5964,    2.3769,    2.5964,    0.0000,    2.4404,     1.6090,     0.0108
