romanisim/data/roman-technical-information/data/WideFieldInstrument/Imaging/ZeroPoints/Roman_zeropoints_20240301.ecsv
# %ECSV 1.0
# ---
# datatype:
# - {name: detector, datatype: string}
# - {name: element, datatype: string}
# - {name: VegaMag, datatype: float64}
# - {name: ABMag, datatype: float64}
# - {name: STMag, datatype: float64}
# - {name: FLAM, datatype: float64}
# - {name: FNU, datatype: float64}
# - {name: PHOTLAM, datatype: float64}
# - {name: PHOTNU, datatype: float64}
# meta: !!omap
# - {comments: "Zero points for each detector and imaging optical element (filter) using effective area curves as of 2024 03 01.\nThe\
#     \ zeropoints are computed using synphot version 1.4.0. The method unit_response() \ndetermines the flux density that generates a\
#     \ count rate of 1 count per second through \nthe bandpass. This is computed as:\n\n\\dfrac{hc}{\\int P_\\lambda \\lambda d\\lambda}\n\
#     \nwhere h is the Planck constant, c is the speed of light, P is the effective \narea, and lambda is the wavelength. The integrals\
#     \ are approximated using the trapezoid \nmethod. Conversions to other units are performed at the pivot wavelength, which is a \n\
#     measure of the effective wavelength of the bandpass. The pivot wavelength is defined as:\n\n\\sqrt{\\dfrac{\\int P_\\lambda \\lambda\
#     \ d\\lambda}{\\int (P_\\lambda / \\lambda) d\\lambda}}"}
# schema: astropy-2.0
detector element VegaMag ABMag STMag FLAM FNU PHOTLAM PHOTNU
WFI01 F062 26.417663323428016 26.57551933086481 26.880632649382186 6.423133376578637e-20 8.507310180127394e-31 2.0375262991355374e-08 2.6986623522593194e-19
WFI01 F087 25.626924239161607 26.22624275057486 27.242258374678336 4.603590128457495e-20 1.1735535182435983e-30 2.0259717908486147e-08 5.16463511448471e-19
WFI01 F106 25.64881610600677 26.315214476595152 27.76074267421951 2.8556365391332294e-20 1.0812203456695343e-30 1.5315888250549722e-08 5.799004796850561e-19
WFI01 F129 25.290631156180385 26.319402188403885 28.174524763703083 1.9506982507197113e-20 1.0770580837770768e-30 1.2634213997778904e-08 6.9758520127122e-19
WFI01 F158 24.99266535652234 26.32251053616207 28.628585520732255 1.2840022705327068e-20 1.0739789902225378e-30 1.0235625974669392e-08 8.561392375116519e-19
WFI01 F184 24.292674328339736 25.85460209959829 28.490403011052088 1.4582728680228105e-20 1.652567319829496e-30 1.3531084213521828e-08 1.5333911823680173e-18
WFI01 F146 26.374869539414142 27.538551048094657 29.631552071849306 5.097757488221362e-21 3.5041249252149677e-31 3.68394379042415e-09 2.532289793883505e-19
WFI01 F213 23.97336286090499 25.814939003626883 28.771874732696283 1.1252528120267351e-20 1.7140535998819194e-30 1.2105169413721794e-08 1.8439331134306342e-18
WFI02 F062 26.456551628991388 26.606875772410554 26.9047246288177 6.282176710902194e-20 8.26513004137086e-31 1.986156833584717e-08 2.613082259154974e-19
WFI02 F087 25.69202112174527 26.298118455467243 27.31432397926335 4.307947562362592e-20 1.098380003596168e-30 1.8960296833138415e-08 4.834230361974432e-19
WFI02 F106 25.68846004211523 26.35167233614996 27.79311159288548 2.7717583392703327e-20 1.0455169199418108e-30 1.4838050105926358e-08 5.596964289741907e-19
WFI02 F129 25.315314406325747 26.33861065284702 28.194348072165386 1.915405680786811e-20 1.0581707165840328e-30 1.2409145423112777e-08 6.855463798758686e-19
WFI02 F158 25.039038029691202 26.369360993802363 28.675498065168146 1.2297045329292229e-20 1.0286215115581443e-30 9.803063307925924e-09 8.200052555453435e-19
WFI02 F184 24.3521529531402 25.912884859107987 28.547228391346664 1.383912536359787e-20 1.5661958048780762e-30 1.2832491019791227e-08 1.452273396857756e-18
WFI02 F146 26.412642075337395 27.57759502002258 29.672172893099756 4.910557974845039e-21 3.380352511901868e-31 3.55124010371649e-09 2.444619016099389e-19
WFI02 F213 24.017079497975843 25.857202340635656 28.81279346860151 1.083633974052977e-20 1.6486143044511565e-30 1.1650228871297728e-08 1.7724374121932336e-18
WFI03 F062 26.447537139824355 26.601314862505767 26.894909730744693 6.33922414045351e-20 8.307570873128855e-31 2.000270363818502e-08 2.6213598769600597e-19
WFI03 F087 25.80262072587063 26.28313679639355 27.29477570805937 4.386212990287836e-20 1.113641179038397e-30 1.9264206200610535e-08 4.8911015844396755e-19
WFI03 F106 25.675659378526134 26.336674952482202 27.775540399200615 2.8169804976825377e-20 1.0600589546492895e-30 1.5062274177439156e-08 5.66808986867773e-19
WFI03 F129 25.238818134995796 26.33438763453907 28.186249193035685 1.9297467704571795e-20 1.0622945324056118e-30 1.2479760578719945e-08 6.869907301549471e-19
WFI03 F158 25.045359193081893 26.359307071686374 28.66163341019092 1.2455083284681138e-20 1.0381907887557736e-30 9.91164006969517e-09 8.261826265326012e-19
WFI03 F184 24.352688232156005 25.910783654610498 28.541590702386344 1.3911171958646315e-20 1.5692297684832264e-30 1.2878306225437506e-08 1.4527188332280465e-18
WFI03 F146 26.40401264921016 27.56623083572626 29.65727705279083 4.978393017859239e-21 3.4159198005525993e-31 3.594446644629604e-09 2.4663262666031798e-19
WFI03 F213 24.017478361867592 25.854265987972553 28.806350433685985 1.0900836518839781e-20 1.6530789846978993e-30 1.1700659327897329e-08 1.774369701685534e-18
WFI04 F062 26.387599186447943 26.541296980333765 26.835063476451538 6.698454464460129e-20 8.779730959516104e-31 2.1137884851094348e-08 2.7705636133005636e-19
WFI04 F087 25.738937875024753 26.270289897020866 27.284263036857542 4.4288888922729465e-20 1.1268965289685582e-30 1.947255917680763e-08 4.95464209652316e-19
WFI04 F106 25.668063002781455 26.33005292437057 27.770121109575218 2.831076182845876e-20 1.0665441311130063e-30 1.5146029986412617e-08 5.705925361369693e-19
WFI04 F129 25.26806814328139 26.32873195896433 28.1818920758787 1.9375065066235485e-20 1.06784253609885e-30 1.2537438397501535e-08 6.909917447401063e-19
WFI04 F158 25.035603930673407 26.353472275556502 28.657277579558674 1.2505151805142694e-20 1.0437850921985431e-30 9.9582642880352e-09 8.312004500216999e-19
WFI04 F184 24.345827362886162 25.904995597074173 28.537328260448398 1.3965892532419136e-20 1.5776176673118239e-30 1.2938050668206365e-08 1.461510409546472e-18
WFI04 F146 26.397998732642197 27.561784811844223 29.654924977080857 4.9891896090165885e-21 3.429936463983395e-31 3.6057171978929937e-09 2.478835615610714e-19
WFI04 F213 24.018949485985228 25.85651325785737 28.809571599118925 1.0868543811056164e-20 1.6496609604421936e-30 1.1671230540339805e-08 1.7714952175224507e-18
WFI05 F062 26.45555388762485 26.60380894616575 26.902697006719436 6.293919693892714e-20 8.288509155542048e-31 1.9908219870034804e-08 2.621728123151048e-19
WFI05 F087 25.842111479297557 26.316858716767992 27.328005954089967 4.254001300775916e-20 1.0795841835345749e-30 1.867930377467102e-08 4.740450105385329e-19
WFI05 F106 25.698444896030285 26.360341100073278 27.80030395592246 2.753457754603246e-20 1.0372025121304348e-30 1.4730063121911285e-08 5.548680907976278e-19
WFI05 F129 25.297373360527764 26.3601527962718 28.213192863553374 1.88244742056215e-20 1.0373824141293746e-30 1.2180482359429794e-08 6.7124415042159e-19
WFI05 F158 25.066363769683623 26.38139298075285 28.68446952114454 1.2195853294557039e-20 1.017285390903595e-30 9.708700831184554e-09 8.098260352660596e-19
WFI05 F184 24.355393625832033 25.91436887512144 28.546447861646467 1.3849077810562907e-20 1.564056544959446e-30 1.282833438413206e-08 1.448778079586407e-18
WFI05 F146 26.42683948252976 27.58993261360846 29.682149771329733 4.865641326013158e-21 3.342157825385146e-31 3.5149337364886933e-09 2.4143709957227065e-19
WFI05 F213 24.024122450041908 25.861494712974714 28.814312989121188 1.0821184564221438e-20 1.642109504577028e-30 1.1619089009447789e-08 1.763191116804822e-18
WFI06 F062 26.464228252388814 26.618077632363374 26.910208189619915 6.25052827575486e-20 8.180294650716517e-31 1.9709538470006642e-08 2.579459287300247e-19
WFI06 F087 25.825858695032263 26.30189633985841 27.31315381466578 4.3125930049494184e-20 1.094564765870761e-30 1.8937541091508754e-08 4.806473786700009e-19
WFI06 F106 25.720092254255583 26.379516439495276 27.815608728690933 2.714916697285248e-20 1.0190451449288166e-30 1.4498016359289997e-08 5.44183664891312e-19
WFI06 F129 25.231554395132314 26.37757487316616 28.227923819472366 1.8570793986332743e-20 1.0208690813985202e-30 1.2001454433892649e-08 6.597409767396611e-19
WFI06 F158 25.099130271964096 26.410878466952678 28.71106764113007 1.1900711952169649e-20 9.900305890149361e-31 9.461160228332083e-09 7.870821570395716e-19
WFI06 F184 24.401181931199524 25.958229894476684 28.58738158321902 1.3336668817912831e-20 1.5021318069760206e-30 1.2337049963177697e-08 1.3895430265952854e-18
WFI06 F146 26.451688191266022 27.614411471399542 29.706134363989985 4.759334774423765e-21 3.267649086864479e-31 3.4373555137064994e-09 2.3600087276801296e-19
WFI06 F213 24.08739006575365 25.922323940990537 28.871847625575363 1.0262683836769967e-20 1.5526387597651572e-30 1.1002700865380303e-08 1.6645957429268127e-18
WFI07 F062 26.455467258362958 26.602757432071726 26.902130361324627 6.297205345981152e-20 8.296540301512234e-31 1.992306080504081e-08 2.6248544841242757e-19
WFI07 F087 25.807948233466114 26.279924013480183 27.28491322460057 4.4262374680940366e-20 1.1169414154982338e-30 1.938055329195496e-08 4.890596761491973e-19
WFI07 F106 25.689329910447157 26.347751351634546 27.781665002888936 2.801134734283183e-20 1.0492994841227194e-30 1.4943431880831787e-08 5.5977797753425e-19
WFI07 F129 25.186262100202484 26.349371019822474 28.194819105934776 1.9145748849883537e-20 1.0477353380871732e-30 1.2345127906041089e-08 6.755769576724621e-19
WFI07 F158 25.04905431858583 26.364333769916072 28.660524754537114 1.2467807785149963e-20 1.0333953238909463e-30 9.89377237131123e-09 8.200461765485495e-19
WFI07 F184 24.337221845008287 25.893216732419475 28.518096563018762 1.421547496340334e-20 1.5948259992775713e-30 1.3124143188124821e-08 1.4723901120819148e-18
WFI07 F146 26.417562898881762 27.574251840506328 29.65823007339198 4.9740250789312775e-21 3.3907772745739404e-31 3.5796225586304614e-09 2.440217455832432e-19
WFI07 F213 24.010638544520667 25.843206832067974 28.789478313501718 1.1071556345347013e-20 1.670003060972223e-30 1.1852135010533172e-08 1.7877433966151285e-18
WFI08 F062 26.4956884400478 26.643260158364455 26.942491590762128 6.067410288974671e-20 7.992744616559061e-31 1.919478576515801e-08 2.5285750144382843e-19
WFI08 F087 25.834105544539007 26.318778093152208 27.322485443737836 4.275686184456316e-20 1.0776773687017159e-30 1.8710306923890168e-08 4.715892014395674e-19
WFI08 F106 25.687648183763223 26.346460083927916 27.781156704777924 2.802446420147193e-20 1.0505481599613637e-30 1.4955821094323902e-08 5.606462346041246e-19
WFI08 F129 25.141171350531266 26.343220151603155 28.190213837445178 1.922713010279502e-20 1.0536877701723871e-30 1.2406429765681583e-08 6.798988328321047e-19
WFI08 F158 25.05035340658303 26.3632514262278 28.66085329060958 1.2464035685704998e-20 1.0344260038882802e-30 9.897207503882803e-09 8.213975847033614e-19
WFI08 F184 24.320514583324048 25.87651710333054 28.502945359101425 1.4415239302497334e-20 1.6195455184591112e-30 1.3318064890908214e-08 1.496278476964397e-18
WFI08 F146 26.414413471254065 27.573228514989108 29.659672270051 4.967422406855458e-21 3.393974648497041e-31 3.57893212573529e-09 2.4452933349645466e-19
WFI08 F213 23.992089075444202 25.825855978509836 28.773491301357332 1.1235786531550569e-20 1.696905309692092e-30 1.2035500718196776e-08 1.817683614419173e-18
WFI09 F062 26.464427029738985 26.61799651583869 26.90965968174425 6.253686805550188e-20 8.180905832197034e-31 1.9715254133516546e-08 2.579096819830943e-19
WFI09 F087 25.850591703857933 26.334421269755374 27.338210308733345 4.214207119898503e-20 1.0622616239028209e-30 1.8441969668617207e-08 4.64860793283072e-19
WFI09 F106 25.715347940988096 26.373306509795956 27.806289783146383 2.738319295938351e-20 1.0248903313379821e-30 1.4602067796603693e-08 5.46522026283737e-19
WFI09 F129 25.188620817343722 26.375176189570297 28.22118776174524 1.8686367910822264e-20 1.0231269492549347e-30 1.2052047338415794e-08 6.598807475308246e-19
WFI09 F158 25.08173607812036 26.398274919736856 28.69401953305576 1.20890503607959e-20 1.0015901205423186e-30 9.591239340535058e-09 7.94643936498936e-19
WFI09 F184 24.361136377878573 25.9171642743707 28.54178749055184 1.3908650806709312e-20 1.5600348140007742e-30 1.2839356748069278e-08 1.4400996757141797e-18
WFI09 F146 26.44635201872386 27.604287542266096 29.689587007022105 4.8324258318295525e-21 3.298260723327913e-31 3.4798354594126462e-09 2.375081381244736e-19
WFI09 F213 24.03564059819046 25.86757296280411 28.813235758705314 1.083192630222738e-20 1.632942208488602e-30 1.1592360404166753e-08 1.7475797075985785e-18
WFI10 F062 26.455569912596243 26.603854423192487 26.904301561632558 6.284625096327803e-20 8.288161991233865e-31 1.989309800104673e-08 2.623501262414301e-19
WFI10 F087 25.723184364470274 26.29276548153131 27.30793649872457 4.3333662895907545e-20 1.1038086863318698e-30 1.906308669911045e-08 4.855809382493457e-19
WFI10 F106 25.676354830061136 26.340614216511106 27.783613379066324 2.7961125473614766e-20 1.0562198214987187e-30 1.4979182083399466e-08 5.658323389469642e-19
WFI10 F129 25.313746358302364 26.33312376763493 28.18930288805 1.9243268730363968e-20 1.0635318317009587e-30 1.2469478420272072e-08 6.891597997455551e-19
WFI10 F158 25.02175701110399 26.35839757800904 28.665352521946726 1.2412492275112821e-20 1.039060819194524e-30 9.898823920210628e-09 8.286393951856795e-19
WFI10 F184 24.305008759330633 25.866417377393766 28.50158631021057 1.443329459194101e-20 1.634681128809252e-30 1.338852955365851e-08 1.516353488419117e-18
WFI10 F146 26.401773744056033 27.566802914311314 29.661458869507364 4.959255140888459e-21 3.414120413356198e-31 3.5865861108984922e-09 2.4691282274468015e-19
WFI10 F213 23.96613612156527 25.807007985205615 28.763292962123156 1.1341821687141993e-20 1.726620154016242e-30 1.2197573103392287e-08 1.856895314645929e-18
WFI11 F062 26.46630495493707 26.614846104288084 26.91359043088886 6.231087181050252e-20 8.204678318149751e-31 1.9708170557435928e-08 2.595039917829194e-19
WFI11 F087 25.818476419062556 26.31714123486595 27.32984195504781 4.2468137809875186e-20 1.0793033027919848e-30 1.8661088869718305e-08 4.742608432926932e-19
WFI11 F106 25.678014677650967 26.341747069937288 27.783959430027984 2.7952214991957715e-20 1.0551183401063128e-30 1.496898382528116e-08 5.650374888484901e-19
WFI11 F129 25.322348408024183 26.3418749771325 28.198037260962213 1.9089084289069574e-20 1.0549940472276397e-30 1.2369472274530315e-08 6.836220857618138e-19
WFI11 F158 25.04324427155771 26.3720561916498 28.677996794449626 1.2268777268925547e-20 1.0260712600940679e-30 9.77964346086584e-09 8.1789821994544335e-19
WFI11 F184 24.353231898476935 25.913831179834396 28.5480127312633 1.3829131537624116e-20 1.5648313133669808e-30 1.2822267615954104e-08 1.4508999223290007e-18
WFI11 F146 26.4092714305659 27.575644994676672 29.67167533637818 4.912808835633387e-21 3.386429214636876e-31 3.5552451520784267e-09 2.4506522543416447e-19
WFI11 F213 24.018200173101818 25.858250590195514 28.813774467154847 1.0826553171256018e-20 1.6470233791104793e-30 1.163934677954285e-08 1.7706721576334663e-18
WFI12 F062 26.415225381853404 26.56363521434709 26.86244551367073 6.531633300193091e-20 8.600939925036487e-31 2.065938901691796e-08 2.7204552928165303e-19
WFI12 F087 25.66168042201676 26.273569934403504 27.289936742180764 4.405805321281372e-20 1.1234972823649276e-30 1.9392432291633015e-08 4.945144732758866e-19
WFI12 F106 25.74001479322931 26.401872503981938 27.84179208839797 2.6502275520699754e-20 9.982768464346528e-31 1.4177534103171647e-08 5.340335407682095e-19
WFI12 F129 25.299973913819365 26.403840252657673 28.255448313120112 1.8105923235979186e-20 9.964692444190321e-31 1.1707816471857652e-08 6.443459900639392e-19
WFI12 F158 25.111790899965484 26.42528179521511 28.727290324553675 1.1724217596936457e-20 9.769836188025393e-31 9.328658505820622e-09 7.7736074669675175e-19
WFI12 F184 24.421790226254785 25.98032699463131 28.61180934556431 1.3039960077228237e-20 1.4718691481529901e-30 1.2075534166800633e-08 1.3630107824194445e-18
WFI12 F146 26.469848264439516 27.632831753622774 29.724902658304366 4.677770779681558e-21 3.2126787341702206e-31 3.3789886790438082e-09 2.320679140439834e-19
WFI12 F213 24.11055931190743 25.947126486558105 28.898933846771172 1.0009824456965368e-20 1.5175723507736004e-30 1.0742900477560064e-08 1.6287127513523056e-18
WFI13 F062 26.44664010003715 26.600801506944954 26.89357252037609 6.347036441899668e-20 8.311499770467858e-31 2.0019757550148017e-08 2.621604772653166e-19
WFI13 F087 25.822684321509794 26.299474460418008 27.310796151208294 4.321967925251436e-20 1.0970090637471667e-30 1.897926967844991e-08 4.817349693623669e-19
WFI13 F106 25.652153094160187 26.313223344911716 27.752171755693496 2.878268453358719e-20 1.0832050150051095e-30 1.5390566260147908e-08 5.792072152723177e-19
WFI13 F129 25.257064964745428 26.30768880659655 28.1614215671782 1.974382864335775e-20 1.0887407477920915e-30 1.2779431792021254e-08 7.047006118686129e-19
WFI13 F158 25.02263373575639 26.34067342699484 28.644522626686285 1.2652925453079664e-20 1.0561622222577326e-30 1.0076144995694702e-08 8.410737682686516e-19
WFI13 F184 24.331432685489027 25.890359312001884 28.52237435705454 1.415957627117024e-20 1.5990287607285277e-30 1.3115561411384324e-08 1.4811290612280095e-18
