romanisim/data/roman-technical-information/data/WideFieldInstrument/Imaging/ZeroPoints/Roman_zeropoints_20240301.ecsv
# %ECSV 1.0
# ---
# datatype:
# - {name: detector, datatype: string}
# - {name: element, datatype: string}
# - {name: VegaMag, datatype: float64}
# - {name: ABMag, datatype: float64}
# - {name: STMag, datatype: float64}
# - {name: FLAM, datatype: float64}
# - {name: FNU, datatype: float64}
# - {name: PHOTLAM, datatype: float64}
# - {name: PHOTNU, datatype: float64}
# meta: !!omap
# - {comments: "Zero points for each detector and imaging optical element (filter) using effective area curves as of 2024 03 01.\nThe\
#     \ zeropoints are computed using synphot version 1.4.0. The method unit_response() \ndetermines the flux density that generates a\
#     \ count rate of 1 count per second through \nthe bandpass. This is computed as:\n\n\\dfrac{hc}{\\int P_\\lambda \\lambda d\\lambda}\n\
#     \nwhere h is the Planck constant, c is the speed of light, P is the effective \narea, and lambda is the wavelength. The integrals\
#     \ are approximated using the trapezoid \nmethod. Conversions to other units are performed at the pivot wavelength, which is a \n\
#     measure of the effective wavelength of the bandpass. The pivot wavelength is defined as:\n\n\\sqrt{\\dfrac{\\int P_\\lambda \\lambda\
#     \ d\\lambda}{\\int (P_\\lambda / \\lambda) d\\lambda}}"}
# schema: astropy-2.0
detector element VegaMag ABMag STMag FLAM FNU PHOTLAM PHOTNU
[from data line 103]
WFI13 F213 23.996428105646828 25.833706333738718 28.78640667611137 1.1102923041174102e-20 1.6846801800692895e-30 1.1920954136912834e-08 1.8088025187147773e-18
WFI14 F062 26.452072672191846 26.60475846141636 26.900925035309264 6.304200046960917e-20 8.281263725677e-31 1.991576163716801e-08 2.6161554707423376e-19
WFI14 F087 25.785955271229746 26.306832395975704 27.320447154081133 4.283720615447604e-20 1.0895998671313644e-30 1.8831187564142172e-08 4.789868740230891e-19
WFI14 F106 25.699650246022504 26.36054674972007 27.7992314606592 2.756178976751996e-20 1.0370060738704127e-30 1.4735944495095313e-08 5.544365614325682e-19
WFI14 F129 25.293041602085555 26.35062914332925 28.20396420457265 1.8985162474454024e-20 1.0465219521745846e-30 1.2286125564975013e-08 6.772499381146058e-19
WFI14 F158 25.06630878997164 26.383843198775836 28.6875629264669 1.2161155156887192e-20 1.0149922366661192e-30 9.683946780622125e-09 8.082398979222637e-19
WFI14 F184 24.367027955391713 25.92607224775241 28.558242010621264 1.369945202276884e-20 1.5472877987816174e-30 1.2690267227689716e-08 1.4333051871014858e-18
WFI14 F146 26.4264440746045 27.590606172264756 29.684246238129624 4.856255239890021e-21 3.340085092433678e-31 3.5104527914861717e-09 2.4144552659058116e-19
WFI14 F213 24.03621991644122 25.87357353416133 28.82636842939606 1.07016964511019e-20 1.6239422700665407e-30 1.1490666667496482e-08 1.7436655391838202e-18
WFI15 F062 26.51236367164048 26.665401935000332 26.960822511289578 5.965831672741482e-20 7.83139674066202e-31 1.884033973420939e-08 2.473187030428744e-19
WFI15 F087 25.84148973102691 26.31643829341503 27.321091255711217 4.2811800967082107e-20 1.0800023056242048e-30 1.8742508189326422e-08 4.728124395705069e-19
WFI15 F106 25.659874505781094 26.319440808848633 27.75586543181005 2.8684932170885243e-20 1.077019772700934e-30 1.5320479955922353e-08 5.752309171065224e-19
WFI15 F129 25.16215947408653 26.317567606948383 28.167643430993216 1.9631009245980632e-20 1.0788795401426614e-30 1.2685027454580462e-08 6.971427915605959e-19
WFI15 F158 25.037714292212613 26.349502338395325 28.649877302047408 1.2590676897234205e-20 1.0476086233395633e-30 1.0010544280269684e-08 8.329284118661461e-19
WFI15 F184 24.344013394548142 25.90076867034496 28.529383382876826 1.406846280969588e-20 1.583771530268635e-30 1.3010776256337956e-08 1.464701389215147e-18
WFI15 F146 26.391053605109303 27.55326602573245 29.64430451110751 5.038232389628134e-21 3.4569539130052114e-31 3.6376382824991517e-09 2.495944395234845e-19
WFI15 F213 24.00705017639644 25.842129849337585 28.791861911655978 1.1047276788109786e-20 1.6716604219181805e-30 1.1845005505173235e-08 1.792371756423515e-18
WFI16 F062 26.506788684149306 26.659833619683113 26.94990004168734 6.026150632813416e-20 7.871664073564302e-31 1.8983963352543085e-08 2.479781728030057e-19
WFI16 F087 25.769184660524317 26.30977279443166 27.311094208880434 4.3207816160072075e-20 1.086652997245728e-30 1.8886879889274623e-08 4.749947223499319e-19
WFI16 F106 25.661286475904458 26.318890642964604 27.751406806712264 2.880297034795912e-20 1.077565660076144e-30 1.5355859476173984e-08 5.744875147452419e-19
WFI16 F129 25.124524772515088 26.311768960347138 28.157796896850805 1.980985247147148e-20 1.084656981210234e-30 1.2776751486770772e-08 6.995707170092193e-19
WFI16 F158 25.03039307977566 26.343972533636677 28.641051547794405 1.2693441355328787e-20 1.0529578496608573e-30 1.007694301916355e-08 8.35911708699788e-19
WFI16 F184 24.33247359638687 25.888441500191743 28.513531216282328 1.4275374603331237e-20 1.6018557330916778e-30 1.3180718223393388e-08 1.4790231177178128e-18
WFI16 F146 26.390223826262556 27.549697228439026 29.637037911676025 5.072065289742495e-21 3.468335559839118e-31 3.6558350398304e-09 2.499901311442577e-19
WFI16 F213 24.008726798571082 25.84102048173562 28.78702924700121 1.1096558350356594e-20 1.6733693394737487e-30 1.1877462648631197e-08 1.791130294585924e-18
WFI17 F062 26.568252049536902 26.721245174863434 27.010947855202506 5.696667321443067e-20 7.438783687812464e-31 1.7942998180414375e-08 2.343020482739087e-19
WFI17 F087 25.892373258023937 26.36309883137272 27.3682872446513 4.0990678036105803e-20 1.0345713975652767e-30 1.7949667325977855e-08 4.53035014324757e-19
WFI17 F106 25.74424796256167 26.40285175062713 27.837131264685762 2.661628842785544e-20 9.973768869958953e-31 1.4201591492178514e-08 5.321680801306851e-19
WFI17 F129 25.194801295653395 26.397508625999095 28.24456058624726 1.8288402254995376e-20 1.0022972749560119e-30 1.1801026256851794e-08 6.4675614053141835e-19
WFI17 F158 25.1022972698474 26.415263098360207 28.71281293230671 1.1881597251336567e-20 9.860405168312185e-31 9.434489662870734e-09 7.829577847514879e-19
WFI17 F184 24.380192591151726 25.936204569162197 28.562982201739814 1.363977226733935e-20 1.5329153473312506e-30 1.2603647982915796e-08 1.4164697948539078e-18
WFI17 F146 26.469591798628556 27.62809077683823 29.714103164912782 4.724531338083408e-21 3.2267378933354697e-31 3.403257660461184e-09 2.3243406949755e-19
WFI17 F213 24.059761083104036 25.89352903314704 28.841166085683415 1.0556830916363139e-20 1.5943673301340523e-30 1.1308229016831969e-08 1.7078487899398899e-18
WFI18 F062 26.524393995767127 26.67724914717597 26.97318154986543 5.898307091382187e-20 7.746407532182986e-31 1.8631485364761764e-08 2.4469237754036053e-19
WFI18 F087 25.86440568030423 26.33202682313382 27.33771064999742 4.216146955729713e-20 1.0646068855928351e-30 1.8466565231588952e-08 4.662938153064506e-19
WFI18 F106 25.78337919503508 26.442983415560754 27.87949665294859 2.5597723217205308e-20 9.611842233323223e-31 1.3672174899447746e-08 5.13384674897821e-19
WFI18 F129 25.327986603300268 26.46536171032169 28.310176641714694 1.7215884617543364e-20 9.415758606047092e-31 1.1097520314573924e-08 6.069486101298137e-19
WFI18 F158 25.136878382006227 26.456883830705323 28.75140117921127 1.1466728462037424e-20 9.489568557647272e-31 9.09235988296197e-09 7.524602396038472e-19
WFI18 F184 24.421699260834572 25.977668351258107 28.602843238184747 1.3148091105533775e-20 1.4754777320344841e-30 1.2140352622391494e-08 1.3623894000738972e-18
WFI18 F146 26.516537447750977 27.67225649968639 29.755091517026337 4.549497106879388e-21 3.0981140417786087e-31 3.2723821554969863e-09 2.2284250034318664e-19
WFI18 F213 24.1075853433359 25.939812711733225 28.885758004317964 1.0132037727944048e-20 1.5278295843829507e-30 1.084474827843425e-08 1.6353005880821982e-18
