romanisim/data/roman-technical-information/data/Observatory/SlewSettle/SlewSettle.ecsv
# %ECSV 1.0
# ---
# datatype:
# - {name: Angle, unit: deg, datatype: float64, description: Slew angle}
# - {name: Time, unit: s, datatype: float64, description: Slew and settle time}
# delimiter: ','
# meta: !!omap
# - {comments: Roman Space Telescope slew and settle times as a function of slew distance}
# - {last updated: '2023-Dec-10'}
# schema: astropy-2.0
Angle, Time
[from data line 675]
58.70503111,1219.75007
58.80503111,1221.75007
58.90503111,1223.75007
59.00503111,1225.75007
59.10503111,1227.75007
59.20503111,1229.75007
59.30503111,1231.75007
59.40503111,1233.75007
59.50503111,1235.75007
59.60503111,1237.75007
59.70503111,1239.75007
59.80503111,1241.75007
59.90503111,1243.75007
60.00503111,1245.75007
60.10503111,1247.75007
60.20503111,1249.75007
60.30503111,1251.75007
60.40503111,1253.75007
60.50503111,1255.75007
60.60503111,1257.75007
60.70503111,1259.75007
60.80503111,1261.75007
60.90503111,1263.75007
61.00503111,1265.75007
61.10503111,1267.75007
61.20503111,1269.75007
61.30503111,1271.75007
61.40503111,1273.75007
61.50503111,1275.75007
61.60503111,1277.75007
61.70503111,1279.75007
61.80503111,1281.75007
61.90503111,1283.75007
62.00503111,1285.75007
62.10503111,1287.75007
62.20503111,1289.75007
62.30503111,1291.75007
62.40503111,1293.75007
62.50503111,1295.75007
62.60503111,1297.75007
62.70503111,1299.75007
62.80503111,1301.75007
62.90503111,1303.75007
63.00503111,1305.75007
63.10503111,1307.75007
63.20503111,1309.75007
63.30503111,1311.75007
63.40503111,1313.75007
63.50503111,1315.75007
63.60503111,1317.75007
63.70503111,1319.75007
63.80503111,1321.75007
63.90503111,1323.75007
64.00503111,1325.75007
64.10503111,1327.75007
64.20503111,1329.75007
64.30503111,1331.75007
64.40503111,1333.75007
64.50503111,1335.75007
64.60503111,1337.75007
64.70503111,1339.75007
64.80503111,1341.75007
64.90503111,1343.75007
65.00503111,1345.75007
65.10503111,1347.75007
65.20503111,1349.75007
65.30503111,1351.75007
65.40503111,1353.75007
65.50503111,1355.75007
65.60503111,1357.75007
65.70503111,1359.75007
65.80503111,1361.75007
65.90503111,1363.75007
66.00503111,1365.75007
66.10503111,1367.75007
66.20503111,1369.75007
66.30503111,1371.75007
66.40503111,1373.75007
66.50503111,1375.75007
66.60503111,1377.75007
66.70503111,1379.75007
66.80503111,1381.75007
66.90503111,1383.75007
67.00503111,1385.75007
67.10503111,1387.75007
67.20503111,1389.75007
67.30503111,1391.75007
67.40503111,1393.75007
67.50503111,1395.75007
67.60503111,1397.75007
67.70503111,1399.75007
67.80503111,1401.75007
67.90503111,1403.75007
68.00503111,1405.75007
68.10503111,1407.75007
68.20503111,1409.75007
68.30503111,1411.75007
68.40503111,1413.75007
68.50503111,1415.75007
68.60503111,1417.75007
68.70503111,1419.75007
68.80503111,1421.75007
68.90503111,1423.75007
69.00503111,1425.75007
69.10503111,1427.75007
69.20503111,1429.75007
69.30503111,1431.75007
69.40503111,1433.75007
69.50503111,1435.75007
69.60503111,1437.75007
69.70503111,1439.75007
69.80503111,1441.75007
69.90503111,1443.75007
70.00503111,1445.75007
70.10503111,1447.75007
70.20503111,1449.75007
70.30503111,1451.75007
70.40503111,1453.75007
70.50503111,1455.75007
70.60503111,1457.75007
70.70503111,1459.75007
70.80503111,1461.75007
70.90503111,1463.75007
71.00503111,1465.75007
71.10503111,1467.75007
71.20503111,1469.75007
71.30503111,1471.75007
71.40503111,1473.75007
71.50503111,1475.75007
71.60503111,1477.75007
71.70503111,1479.75007
71.80503111,1481.75007
71.90503111,1483.75007
72.00503111,1485.75007
72.10503111,1487.75007
72.20503111,1489.75007
72.30503111,1491.75007
72.40503111,1493.75007
72.50503111,1495.75007
72.60503111,1497.75007
72.70503111,1499.75007
72.80503111,1501.75007
72.90503111,1503.75007
73.00503111,1505.75007
73.10503111,1507.75007
73.20503111,1509.75007
73.30503111,1511.75007
73.40503111,1513.75007
73.50503111,1515.75007
73.60503111,1517.75007
73.70503111,1519.75007
73.80503111,1521.75007
73.90503111,1523.75007
74.00503111,1525.75007
74.10503111,1527.75007
74.20503111,1529.75007
74.30503111,1531.75007
74.40503111,1533.75007
74.50503111,1535.75007
74.60503111,1537.75007
74.70503111,1539.75007
74.80503111,1541.75007
74.90503111,1543.75007
75.00503111,1545.75007
75.10503111,1547.75007
75.20503111,1549.75007
75.30503111,1551.75007
75.40503111,1553.75007
75.50503111,1555.75007
75.60503111,1557.75007
75.70503111,1559.75007
75.80503111,1561.75007
75.90503111,1563.75007
76.00503111,1565.75007
76.10503111,1567.75007
76.20503111,1569.75007
76.30503111,1571.75007
76.40503111,1573.75007
76.50503111,1575.75007
76.60503111,1577.75007
76.70503111,1579.75007
76.80503111,1581.75007
76.90503111,1583.75007
77.00503111,1585.75007
77.10503111,1587.75007
77.20503111,1589.75007
77.30503111,1591.75007
77.40503111,1593.75007
77.50503111,1595.75007
77.60503111,1597.75007
77.70503111,1599.75007
77.80503111,1601.75007
77.90503111,1603.75007
78.00503111,1605.75007
78.10503111,1607.75007
78.20503111,1609.75007
78.30503111,1611.75007
78.40503111,1613.75007
78.50503111,1615.75007
78.60503111,1617.75007
78.70503111,1619.75007
78.80503111,1621.75007
78.90503111,1623.75007
79.00503111,1625.75007
79.10503111,1627.75007
79.20503111,1629.75007
79.30503111,1631.75007
79.40503111,1633.75007
79.50503111,1635.75007
79.60503111,1637.75007
79.70503111,1639.75007
79.80503111,1641.75007
79.90503111,1643.75007
80.00503111,1645.75007
80.10503111,1647.75007
80.20503111,1649.75007
80.30503111,1651.75007
80.40503111,1653.75007
80.50503111,1655.75007
80.60503111,1657.75007
80.70503111,1659.75007
80.80503111,1661.75007
80.90503111,1663.75007
81.00503111,1665.75007
81.10503111,1667.75007
81.20503111,1669.75007
81.30503111,1671.75007
81.40503111,1673.75007
81.50503111,1675.75007
81.60503111,1677.75007
81.70503111,1679.75007
81.80503111,1681.75007
81.90503111,1683.75007
82.00503111,1685.75007
82.10503111,1687.75007
82.20503111,1689.75007
82.30503111,1691.75007
82.40503111,1693.75007
82.50503111,1695.75007
82.60503111,1697.75007
82.70503111,1699.75007
82.80503111,1701.75007
82.90503111,1703.75007
83.00503111,1705.75007
83.10503111,1707.75007
83.20503111,1709.75007
83.30503111,1711.75007
83.40503111,1713.75007
83.50503111,1715.75007
83.60503111,1717.75007
83.70503111,1719.75007
83.80503111,1721.75007
83.90503111,1723.75007
84.00503111,1725.75007
84.10503111,1727.75007
84.20503111,1729.75007
84.30503111,1731.75007
84.40503111,1733.75007
84.50503111,1735.75007
84.60503111,1737.75007
84.70503111,1739.75007
84.80503111,1741.75007
84.90503111,1743.75007
85.00503111,1745.75007
85.10503111,1747.75007
85.20503111,1749.75007
85.30503111,1751.75007
85.40503111,1753.75007
85.50503111,1755.75007
85.60503111,1757.75007
85.70503111,1759.75007
85.80503111,1761.75007
85.90503111,1763.75007
86.00503111,1765.75007
86.10503111,1767.75007
86.20503111,1769.75007
86.30503111,1771.75007
86.40503111,1773.75007
86.50503111,1775.75007
86.60503111,1777.75007
86.70503111,1779.75007
86.80503111,1781.75007
86.90503111,1783.75007
87.00503111,1785.75007
87.10503111,1787.75007
87.20503111,1789.75007
87.30503111,1791.75007
87.40503111,1793.75007
87.50503111,1795.75007
87.60503111,1797.75007
87.70503111,1799.75007
87.80503111,1801.75007
87.90503111,1803.75007
88.00503111,1805.75007
88.10503111,1807.75007
88.20503111,1809.75007
88.30503111,1811.75007
88.40503111,1813.75007
88.50503111,1815.75007
88.60503111,1817.75007
88.70503111,1819.75007
88.80503111,1821.75007
88.90503111,1823.75007
89.00503111,1825.75007
89.10503111,1827.75007
89.20503111,1829.75007
89.30503111,1831.75007
89.40503111,1833.75007
89.50503111,1835.75007
89.60503111,1837.75007
89.70503111,1839.75007
89.80503111,1841.75007
89.90503111,1843.75007
