romanisim/data/roman-technical-information/data/Observatory/SlewSettle/SlewSettle.ecsv
# %ECSV 1.0
# ---
# datatype:
# - {name: Angle, unit: deg, datatype: float64, description: Slew angle}
# - {name: Time, unit: s, datatype: float64, description: Slew and settle time}
# delimiter: ','
# meta: !!omap
# - {comments: Roman Space Telescope slew and settle times as a function of slew distance}
# - {last updated: '2023-Dec-10'}
# schema: astropy-2.0
Angle, Time
0.025031111,18.9067283
0.035031111,20.17611914
0.045031111,21.2752463
0.055031111,22.25877702
0.065031111,23.15719
0.075031111,23.98954104
0.085031111,24.76868615
0.095031111,25.50378434
0.105031111,26.2016343
0.115031111,26.86744717
0.125031111,27.50532167
0.135031111,28.11855062
0.145031111,28.70982673
0.155031111,29.28138543
0.165031111,29.83510667
0.175031111,30.37258942
0.185031111,30.89520713
0.195031111,31.4041499
0.205031111,31.90045705
0.215031111,32.38504254
0.225031111,32.8587152
0.235031111,33.32219491
0.245031111,33.77612573
0.255031111,34.2210866
0.265031111,34.65760023
0.275031111,35.08614046
0.285031111,35.50713842
0.295031111,35.92098773
0.305031111,36.32804891
0.315031111,36.72865318
0.325031111,37.12310564
0.335031111,37.51168813
0.345031111,37.89466158
0.355031111,38.27226814
0.365031111,38.64473303
0.375031111,39.01226616
0.385031111,39.37506352
0.395031111,39.73330844
0.405031111,40.08717275
0.415031111,40.4368177
0.425031111,40.78239492
0.435031111,41.12404713
0.445031111,41.46190893
0.455031111,41.79610738
0.465031111,42.12676259
0.475031111,42.45398828
0.485031111,42.77789217
0.495031111,43.09857648
0.505031111,43.41613829
0.515031111,43.73066991
0.525031111,44.04225915
0.535031111,44.35098971
0.545031111,44.65694136
0.555031111,44.96019024
0.565031111,45.26080907
0.575031111,45.55886737
0.585031111,45.85443165
0.595031111,46.1475656
0.605031111,46.43833022
0.615031111,46.72678402
0.625031111,47.01298314
0.635031111,47.29698148
0.645031111,47.57883081
0.655031111,47.85858092
0.665031111,48.13627971
0.675031111,48.41197328
0.685031111,48.68570602
0.695031111,48.95752071
0.705031111,49.22745861
0.715031111,49.4955595
0.725031111,49.76186179
0.735031111,50.02640256
0.745031111,50.28921765
0.755031111,50.55034168
0.765031111,50.80980814
0.775031111,51.06764942
0.785031111,51.32389689
0.795031111,51.57858089
0.805031111,51.83173084
0.815031111,52.08337523
0.825031111,52.33354169
0.835031111,52.582257
0.845031111,52.82954717
0.855031111,53.0754374
0.865031111,53.3199522
0.875031111,53.56311534
0.885031111,53.80494994
0.895031111,54.04547843
0.905031111,54.28472266
0.915031111,54.52270385
0.925031111,54.75944266
0.935031111,54.99495916
0.945031111,55.22927292
0.955031111,55.46240299
0.965031111,55.69436789
0.975031111,55.92518571
0.985031111,56.15487404
0.995031111,56.38345003
1.005031111,56.61093042
1.105031111,58.82887649
1.205031111,60.95510101
1.305031111,63.05510101
1.405031111,65.15510101
1.505031111,67.25510101
1.605031111,69.35510101
1.705031111,71.45510101
1.805031111,73.55510101
1.905031111,75.65510101
2.005031111,77.75510101
2.105031111,79.85510101
2.205031111,81.95510101
2.305031111,84.05510101
2.405031111,86.15510101
2.505031111,88.25510101
2.605031111,90.35510101
2.705031111,92.45510101
2.805031111,94.55510101
2.905031111,96.65510101
3.005031111,98.75510101
3.105031111,100.855101
3.205031111,102.955101
3.305031111,105.055101
3.405031111,107.155101
3.505031111,109.255101
3.605031111,111.355101
3.705031111,113.455101
3.805031111,115.555101
3.905031111,117.655101
4.005031111,119.755101
4.105031111,121.855101
4.205031111,123.955101
4.305031111,126.055101
4.405031111,128.155101
4.505031111,130.255101
4.605031111,132.355101
4.705031111,134.455101
4.805031111,136.555101
4.905031111,138.655101
5.005031111,140.755101
5.105031111,142.855101
5.205031111,144.955101
5.305031111,147.055101
5.405031111,149.155101
5.505031111,151.255101
5.605031111,153.355101
5.705031111,155.455101
5.805031111,157.555101
5.905031111,159.655101
6.005031111,161.755101
6.105031111,163.855101
6.205031111,165.955101
6.305031111,168.055101
6.405031111,170.155101
6.505031111,172.255101
6.605031111,174.355101
6.705031111,176.455101
6.805031111,178.555101
6.905031111,180.655101
7.005031111,182.755101
7.105031111,184.855101
7.205031111,186.955101
7.305031111,189.055101
7.405031111,191.155101
7.505031111,193.255101
7.605031111,195.355101
7.705031111,197.455101
7.805031111,199.555101
7.905031111,201.655101
8.005031111,203.755101
8.105031111,205.855101
8.205031111,207.955101
8.305031111,210.055101
8.405031111,212.155101
8.505031111,214.255101
8.605031111,216.355101
8.705031111,218.455101
8.805031111,220.555101
8.905031111,222.655101
9.005031111,224.755101
9.105031111,226.855101
9.205031111,228.955101
9.305031111,231.055101
9.405031111,233.155101
9.505031111,235.255101
9.605031111,237.355101
9.705031111,239.455101
9.805031111,241.555101
9.905031111,243.655101
10.00503111,245.7500699
10.10503111,247.7500699
10.20503111,249.7500699
10.30503111,251.7500699
10.40503111,253.7500699
10.50503111,255.7500699
10.60503111,257.7500699
10.70503111,259.7500699
10.80503111,261.7500699
10.90503111,263.7500699
11.00503111,265.7500699
11.10503111,267.7500699
11.20503111,269.7500699
11.30503111,271.7500699
11.40503111,273.7500699
11.50503111,275.7500699
11.60503111,277.7500699
11.70503111,279.7500699
11.80503111,281.7500699
11.90503111,283.7500699
12.00503111,285.7500699
12.10503111,287.7500699
12.20503111,289.7500699
12.30503111,291.7500699
12.40503111,293.7500699
12.50503111,295.7500699
12.60503111,297.7500699
12.70503111,299.7500699
12.80503111,301.7500699
12.90503111,303.7500699
13.00503111,305.7500699
13.10503111,307.7500699
13.20503111,309.7500699
13.30503111,311.7500699
13.40503111,313.7500699
13.50503111,315.7500699
13.60503111,317.7500699
13.70503111,319.7500699
13.80503111,321.7500699
13.90503111,323.7500699
14.00503111,325.7500699
14.10503111,327.7500699
14.20503111,329.7500699
14.30503111,331.7500699
14.40503111,333.7500699
14.50503111,335.7500699
14.60503111,337.7500699
14.70503111,339.7500699
14.80503111,341.7500699
14.90503111,343.7500699
15.00503111,345.7500699
15.10503111,347.7500699
15.20503111,349.7500699
15.30503111,351.7500699
15.40503111,353.7500699
15.50503111,355.7500699
15.60503111,357.7500699
15.70503111,359.7500699
15.80503111,361.7500699
15.90503111,363.7500699
16.00503111,365.7500699
16.10503111,367.7500699
16.20503111,369.7500699
16.30503111,371.7500699
16.40503111,373.7500699
16.50503111,375.7500699
16.60503111,377.7500699
16.70503111,379.7500699
16.80503111,381.7500699
16.90503111,383.7500699
17.00503111,385.7500699
17.10503111,387.7500699
17.20503111,389.7500699
17.30503111,391.7500699
17.40503111,393.7500699
17.50503111,395.7500699
17.60503111,397.7500699
17.70503111,399.7500699
17.80503111,401.7500699
17.90503111,403.7500699
18.00503111,405.7500699
18.10503111,407.7500699
18.20503111,409.7500699
18.30503111,411.7500699
18.40503111,413.7500699
18.50503111,415.7500699
18.60503111,417.7500699
18.70503111,419.7500699
18.80503111,421.7500699
18.90503111,423.7500699
19.00503111,425.7500699
19.10503111,427.7500699
19.20503111,429.7500699
19.30503111,431.7500699
19.40503111,433.7500699
19.50503111,435.7500699
19.60503111,437.7500699
19.70503111,439.7500699
19.80503111,441.7500699
19.90503111,443.7500699
20.00503111,445.7500699
20.10503111,447.7500699
20.20503111,449.7500699
20.30503111,451.7500699
20.40503111,453.7500699
20.50503111,455.7500699
20.60503111,457.7500699
20.70503111,459.7500699
20.80503111,461.7500699
20.90503111,463.7500699
21.00503111,465.7500699
21.10503111,467.7500699
21.20503111,469.7500699
21.30503111,471.7500699
21.40503111,473.7500699
21.50503111,475.7500699
21.60503111,477.7500699
21.70503111,479.7500699
21.80503111,481.7500699
21.90503111,483.7500699
22.00503111,485.7500699
22.10503111,487.7500699
22.20503111,489.7500699
22.30503111,491.7500699
22.40503111,493.7500699
22.50503111,495.7500699
22.60503111,497.7500699
22.70503111,499.7500699
22.80503111,501.7500699
22.90503111,503.7500699
23.00503111,505.7500699
23.10503111,507.7500699
23.20503111,509.7500699
23.30503111,511.7500699
23.40503111,513.7500699
23.50503111,515.7500699
23.60503111,517.7500699
23.70503111,519.7500699
23.80503111,521.7500699
23.90503111,523.7500699
24.00503111,525.7500699
24.10503111,527.7500699
24.20503111,529.7500699
24.30503111,531.7500699
24.40503111,533.7500699
24.50503111,535.7500699
24.60503111,537.7500699
24.70503111,539.7500699
24.80503111,541.7500699
24.90503111,543.7500699
25.00503111,545.7500699
25.10503111,547.7500699
25.20503111,549.7500699
25.30503111,551.7500699
25.40503111,553.7500699
25.50503111,555.7500699
25.60503111,557.7500699
25.70503111,559.7500699
25.80503111,561.7500699
25.90503111,563.7500699
26.00503111,565.7500699
26.10503111,567.7500699
26.20503111,569.7500699
26.30503111,571.7500699
26.40503111,573.7500699
26.50503111,575.7500699
26.60503111,577.7500699
26.70503111,579.7500699
26.80503111,581.7500699
26.90503111,583.7500699
27.00503111,585.7500699
27.10503111,587.7500699
27.20503111,589.7500699
27.30503111,591.7500699
27.40503111,593.7500699
27.50503111,595.7500699
27.60503111,597.7500699
27.70503111,599.7500699
27.80503111,601.7500699
27.90503111,603.7500699
28.00503111,605.7500699
28.10503111,607.7500699
28.20503111,609.7500699
28.30503111,611.7500699
28.40503111,613.7500699
28.50503111,615.7500699
28.60503111,617.7500699
28.70503111,619.7500699
28.80503111,621.7500699
28.90503111,623.7500699
29.00503111,625.7500699
29.10503111,627.7500699
29.20503111,629.7500699
29.30503111,631.7500699
29.40503111,633.7500699
29.50503111,635.7500699
29.60503111,637.7500699
29.70503111,639.7500699
29.80503111,641.7500699
29.90503111,643.7500699
30.00503111,645.7500699
30.10503111,647.7500699
30.20503111,649.7500699
30.30503111,651.7500699
30.40503111,653.7500699
30.50503111,655.7500699
30.60503111,657.7500699
30.70503111,659.7500699
30.80503111,661.7500699
30.90503111,663.7500699
31.00503111,665.7500699
31.10503111,667.7500699
31.20503111,669.7500699
31.30503111,671.7500699
31.40503111,673.7500699
31.50503111,675.7500699
31.60503111,677.7500699
31.70503111,679.7500699
31.80503111,681.7500699
31.90503111,683.7500699
32.00503111,685.7500699
32.10503111,687.7500699
32.20503111,689.7500699
32.30503111,691.7500699
32.40503111,693.7500699
32.50503111,695.7500699
32.60503111,697.7500699
32.70503111,699.7500699
32.80503111,701.7500699
32.90503111,703.7500699
33.00503111,705.7500699
33.10503111,707.7500699
33.20503111,709.7500699
33.30503111,711.7500699
33.40503111,713.7500699
33.50503111,715.7500699
33.60503111,717.7500699
33.70503111,719.7500699
33.80503111,721.7500699
33.90503111,723.7500699
34.00503111,725.7500699
34.10503111,727.7500699
34.20503111,729.7500699
34.30503111,731.7500699
34.40503111,733.7500699
34.50503111,735.7500699
34.60503111,737.7500699
34.70503111,739.7500699
34.80503111,741.7500699
34.90503111,743.7500699
35.00503111,745.7500699
35.10503111,747.7500699
35.20503111,749.7500699
35.30503111,751.7500699
35.40503111,753.7500699
35.50503111,755.7500699
35.60503111,757.7500699
35.70503111,759.7500699
35.80503111,761.7500699
35.90503111,763.7500699
36.00503111,765.7500699
36.10503111,767.7500699
36.20503111,769.7500699
36.30503111,771.7500699
36.40503111,773.7500699
36.50503111,775.7500699
36.60503111,777.7500699
36.70503111,779.7500699
36.80503111,781.7500699
36.90503111,783.7500699
37.00503111,785.7500699
37.10503111,787.7500699
37.20503111,789.7500699
37.30503111,791.7500699
37.40503111,793.7500699
37.50503111,795.7500699
37.60503111,797.7500699
37.70503111,799.7500699
37.80503111,801.7500699
37.90503111,803.7500699
38.00503111,805.7500699
38.10503111,807.7500699
38.20503111,809.7500699
38.30503111,811.7500699
38.40503111,813.7500699
38.50503111,815.7500699
38.60503111,817.7500699
38.70503111,819.7500699
38.80503111,821.7500699
38.90503111,823.7500699
39.00503111,825.7500699
39.10503111,827.7500699
39.20503111,829.7500699
39.30503111,831.7500699
39.40503111,833.7500699
39.50503111,835.7500699
39.60503111,837.7500699
39.70503111,839.7500699
39.80503111,841.7500699
39.90503111,843.7500699
40.00503111,845.7500699
40.10503111,847.7500699
40.20503111,849.7500699
40.30503111,851.7500699
40.40503111,853.7500699
40.50503111,855.7500699
40.60503111,857.7500699
40.70503111,859.7500699
40.80503111,861.7500699
40.90503111,863.7500699
41.00503111,865.7500699
41.10503111,867.7500699
41.20503111,869.7500699
41.30503111,871.7500699
41.40503111,873.7500699
41.50503111,875.7500699
41.60503111,877.7500699
41.70503111,879.7500699
41.80503111,881.7500699
41.90503111,883.7500699
42.00503111,885.7500699
42.10503111,887.7500699
42.20503111,889.7500699
42.30503111,891.7500699
42.40503111,893.7500699
42.50503111,895.7500699
42.60503111,897.7500699
42.70503111,899.7500699
42.80503111,901.7500699
42.90503111,903.7500699
43.00503111,905.7500699
43.10503111,907.7500699
43.20503111,909.7500699
43.30503111,911.7500699
43.40503111,913.7500699
43.50503111,915.7500699
43.60503111,917.7500699
43.70503111,919.7500699
43.80503111,921.7500699
43.90503111,923.7500699
44.00503111,925.7500699
44.10503111,927.7500699
44.20503111,929.7500699
44.30503111,931.7500699
44.40503111,933.7500699
44.50503111,935.7500699
44.60503111,937.7500699
44.70503111,939.7500699
44.80503111,941.7500699
44.90503111,943.7500699
45.00503111,945.7500699
45.10503111,947.7500699
45.20503111,949.7500699
45.30503111,951.7500699
45.40503111,953.7500699
45.50503111,955.7500699
45.60503111,957.7500699
45.70503111,959.7500699
45.80503111,961.7500699
45.90503111,963.7500699
46.00503111,965.7500699
46.10503111,967.7500699
46.20503111,969.7500699
46.30503111,971.7500699
46.40503111,973.7500699
46.50503111,975.7500699
46.60503111,977.7500699
46.70503111,979.7500699
46.80503111,981.7500699
46.90503111,983.7500699
47.00503111,985.7500699
47.10503111,987.7500699
47.20503111,989.7500699
47.30503111,991.7500699
47.40503111,993.7500699
47.50503111,995.7500699
47.60503111,997.7500699
47.70503111,999.7500699
47.80503111,1001.75007
47.90503111,1003.75007
48.00503111,1005.75007
48.10503111,1007.75007
48.20503111,1009.75007
48.30503111,1011.75007
48.40503111,1013.75007
48.50503111,1015.75007
48.60503111,1017.75007
48.70503111,1019.75007
48.80503111,1021.75007
48.90503111,1023.75007
49.00503111,1025.75007
49.10503111,1027.75007
49.20503111,1029.75007
49.30503111,1031.75007
49.40503111,1033.75007
49.50503111,1035.75007
49.60503111,1037.75007
49.70503111,1039.75007
49.80503111,1041.75007
49.90503111,1043.75007
50.00503111,1045.75007
50.10503111,1047.75007
50.20503111,1049.75007
50.30503111,1051.75007
50.40503111,1053.75007
50.50503111,1055.75007
50.60503111,1057.75007
50.70503111,1059.75007
50.80503111,1061.75007
50.90503111,1063.75007
51.00503111,1065.75007
51.10503111,1067.75007
51.20503111,1069.75007
51.30503111,1071.75007
51.40503111,1073.75007
51.50503111,1075.75007
51.60503111,1077.75007
51.70503111,1079.75007
51.80503111,1081.75007
51.90503111,1083.75007
52.00503111,1085.75007
52.10503111,1087.75007
52.20503111,1089.75007
52.30503111,1091.75007
52.40503111,1093.75007
52.50503111,1095.75007
52.60503111,1097.75007
52.70503111,1099.75007
52.80503111,1101.75007
52.90503111,1103.75007
53.00503111,1105.75007
53.10503111,1107.75007
53.20503111,1109.75007
53.30503111,1111.75007
53.40503111,1113.75007
53.50503111,1115.75007
53.60503111,1117.75007
53.70503111,1119.75007
53.80503111,1121.75007
53.90503111,1123.75007
54.00503111,1125.75007
54.10503111,1127.75007
54.20503111,1129.75007
54.30503111,1131.75007
54.40503111,1133.75007
54.50503111,1135.75007
54.60503111,1137.75007
54.70503111,1139.75007
54.80503111,1141.75007
54.90503111,1143.75007
55.00503111,1145.75007
55.10503111,1147.75007
55.20503111,1149.75007
55.30503111,1151.75007
55.40503111,1153.75007
55.50503111,1155.75007
55.60503111,1157.75007
55.70503111,1159.75007
55.80503111,1161.75007
55.90503111,1163.75007
56.00503111,1165.75007
56.10503111,1167.75007
56.20503111,1169.75007
56.30503111,1171.75007
56.40503111,1173.75007
56.50503111,1175.75007
56.60503111,1177.75007
56.70503111,1179.75007
56.80503111,1181.75007
56.90503111,1183.75007
57.00503111,1185.75007
57.10503111,1187.75007
57.20503111,1189.75007
57.30503111,1191.75007
57.40503111,1193.75007
57.50503111,1195.75007
57.60503111,1197.75007
57.70503111,1199.75007
57.80503111,1201.75007
57.90503111,1203.75007
58.00503111,1205.75007
58.10503111,1207.75007
58.20503111,1209.75007
58.30503111,1211.75007
58.40503111,1213.75007
58.50503111,1215.75007
