romanisim/data/gaia-270-66-2027-06-01.ecsv
# %ECSV 1.0
# ---
# datatype:
# - {name: ra, datatype: float64}
# - {name: dec, datatype: float64}
# - {name: type, datatype: string}
# - {name: n, datatype: int64}
# - {name: half_light_radius, datatype: int64}
# - {name: pa, datatype: int64}
# - {name: ba, datatype: int64}
# - {name: F184, datatype: float32}
# - {name: F213, datatype: float32}
# - {name: F062, datatype: float32}
# - {name: F158, datatype: float32}
# - {name: F106, datatype: float32}
# - {name: F087, datatype: float32}
# - {name: F146, datatype: float32}
# - {name: F129, datatype: float32}
# schema: astropy-2.0
ra dec type n half_light_radius pa ba F184 F213 F062 F158 F106 F087 F146 F129
[from data line 23295]
269.25309576069907 66.13843598923059 PSF -1 -1 -1 -1 5.5094582e-09 5.5094582e-09 5.5094582e-09 5.5094582e-09 5.5094582e-09 5.5094582e-09 5.5094582e-09 5.5094582e-09
269.2317910295756 66.13675384458432 PSF -1 -1 -1 -1 3.1289904e-08 3.1289904e-08 3.1289904e-08 3.1289904e-08 3.1289904e-08 3.1289904e-08 3.1289904e-08 3.1289904e-08
268.66184335622034 65.99376501748368 PSF -1 -1 -1 -1 1.2606846e-07 1.2606846e-07 1.2606846e-07 1.2606846e-07 1.2606846e-07 1.2606846e-07 1.2606846e-07 1.2606846e-07
268.6437580519518 65.98435484643078 PSF -1 -1 -1 -1 5.8726757e-09 5.8726757e-09 5.8726757e-09 5.8726757e-09 5.8726757e-09 5.8726757e-09 5.8726757e-09 5.8726757e-09
268.6715058900549 66.00131519491083 PSF -1 -1 -1 -1 2.981808e-08 2.981808e-08 2.981808e-08 2.981808e-08 2.981808e-08 2.981808e-08 2.981808e-08 2.981808e-08
268.6706017270757 66.00280969577 PSF -1 -1 -1 -1 8.6013e-08 8.6013e-08 8.6013e-08 8.6013e-08 8.6013e-08 8.6013e-08 8.6013e-08 8.6013e-08
268.7028890966286 66.0153629600408 PSF -1 -1 -1 -1 1.3252163e-07 1.3252163e-07 1.3252163e-07 1.3252163e-07 1.3252163e-07 1.3252163e-07 1.3252163e-07 1.3252163e-07
268.7766442285561 66.028748450838 PSF -1 -1 -1 -1 6.971628e-08 6.971628e-08 6.971628e-08 6.971628e-08 6.971628e-08 6.971628e-08 6.971628e-08 6.971628e-08
268.74209334857466 66.02749549423203 PSF -1 -1 -1 -1 1.355603e-08 1.355603e-08 1.355603e-08 1.355603e-08 1.355603e-08 1.355603e-08 1.355603e-08 1.355603e-08
268.7478868176227 66.02601932192616 PSF -1 -1 -1 -1 4.0392553e-08 4.0392553e-08 4.0392553e-08 4.0392553e-08 4.0392553e-08 4.0392553e-08 4.0392553e-08 4.0392553e-08
268.74907258453555 66.03163179825198 PSF -1 -1 -1 -1 1.3276033e-07 1.3276033e-07 1.3276033e-07 1.3276033e-07 1.3276033e-07 1.3276033e-07 1.3276033e-07 1.3276033e-07
268.64397744630816 66.01599629288233 PSF -1 -1 -1 -1 5.2318537e-08 5.2318537e-08 5.2318537e-08 5.2318537e-08 5.2318537e-08 5.2318537e-08 5.2318537e-08 5.2318537e-08
268.7035612081948 66.02848581193817 PSF -1 -1 -1 -1 8.140708e-07 8.140708e-07 8.140708e-07 8.140708e-07 8.140708e-07 8.140708e-07 8.140708e-07 8.140708e-07
268.68737593845157 66.01936388662455 PSF -1 -1 -1 -1 3.4593864e-07 3.4593864e-07 3.4593864e-07 3.4593864e-07 3.4593864e-07 3.4593864e-07 3.4593864e-07 3.4593864e-07
268.6450235702838 66.02955123740406 PSF -1 -1 -1 -1 1.0411979e-07 1.0411979e-07 1.0411979e-07 1.0411979e-07 1.0411979e-07 1.0411979e-07 1.0411979e-07 1.0411979e-07
268.64088888279827 66.02356704237204 PSF -1 -1 -1 -1 8.786602e-09 8.786602e-09 8.786602e-09 8.786602e-09 8.786602e-09 8.786602e-09 8.786602e-09 8.786602e-09
268.666635598618 66.03055480431198 PSF -1 -1 -1 -1 1.3636762e-08 1.3636762e-08 1.3636762e-08 1.3636762e-08 1.3636762e-08 1.3636762e-08 1.3636762e-08 1.3636762e-08
268.67581354470366 66.03730507515843 PSF -1 -1 -1 -1 5.9165948e-09 5.9165948e-09 5.9165948e-09 5.9165948e-09 5.9165948e-09 5.9165948e-09 5.9165948e-09 5.9165948e-09
268.73501307914603 66.03309142682679 PSF -1 -1 -1 -1 8.778367e-09 8.778367e-09 8.778367e-09 8.778367e-09 8.778367e-09 8.778367e-09 8.778367e-09 8.778367e-09
268.7848095204692 66.05168651369945 PSF -1 -1 -1 -1 7.481458e-09 7.481458e-09 7.481458e-09 7.481458e-09 7.481458e-09 7.481458e-09 7.481458e-09 7.481458e-09
268.7751822264617 66.0484975286116 PSF -1 -1 -1 -1 6.447396e-09 6.447396e-09 6.447396e-09 6.447396e-09 6.447396e-09 6.447396e-09 6.447396e-09 6.447396e-09
268.7069190238585 66.04274644271412 PSF -1 -1 -1 -1 3.022954e-08 3.022954e-08 3.022954e-08 3.022954e-08 3.022954e-08 3.022954e-08 3.022954e-08 3.022954e-08
268.7308145838683 66.04643181365039 PSF -1 -1 -1 -1 8.883109e-07 8.883109e-07 8.883109e-07 8.883109e-07 8.883109e-07 8.883109e-07 8.883109e-07 8.883109e-07
268.8387634759543 66.04087684973186 PSF -1 -1 -1 -1 1.2300531e-08 1.2300531e-08 1.2300531e-08 1.2300531e-08 1.2300531e-08 1.2300531e-08 1.2300531e-08 1.2300531e-08
268.80500546911105 66.04341214362915 PSF -1 -1 -1 -1 8.83532e-09 8.83532e-09 8.83532e-09 8.83532e-09 8.83532e-09 8.83532e-09 8.83532e-09 8.83532e-09
268.8347247815492 66.05837807282805 PSF -1 -1 -1 -1 9.032117e-09 9.032117e-09 9.032117e-09 9.032117e-09 9.032117e-09 9.032117e-09 9.032117e-09 9.032117e-09
268.90755725999696 66.06086821234096 PSF -1 -1 -1 -1 9.251279e-08 9.251279e-08 9.251279e-08 9.251279e-08 9.251279e-08 9.251279e-08 9.251279e-08 9.251279e-08
268.8804099399127 66.05093046881429 PSF -1 -1 -1 -1 7.969378e-08 7.969378e-08 7.969378e-08 7.969378e-08 7.969378e-08 7.969378e-08 7.969378e-08 7.969378e-08
268.9311569662325 66.07111366375585 PSF -1 -1 -1 -1 1.6442006e-07 1.6442006e-07 1.6442006e-07 1.6442006e-07 1.6442006e-07 1.6442006e-07 1.6442006e-07 1.6442006e-07
268.9323446505819 66.07149967226542 PSF -1 -1 -1 -1 4.1660755e-06 4.1660755e-06 4.1660755e-06 4.1660755e-06 4.1660755e-06 4.1660755e-06 4.1660755e-06 4.1660755e-06
268.9059361580559 66.07219903331534 PSF -1 -1 -1 -1 1.1202513e-08 1.1202513e-08 1.1202513e-08 1.1202513e-08 1.1202513e-08 1.1202513e-08 1.1202513e-08 1.1202513e-08
268.8823027097101 66.07124471415577 PSF -1 -1 -1 -1 7.063982e-09 7.063982e-09 7.063982e-09 7.063982e-09 7.063982e-09 7.063982e-09 7.063982e-09 7.063982e-09
268.8925705771535 66.06332897584643 PSF -1 -1 -1 -1 5.888391e-09 5.888391e-09 5.888391e-09 5.888391e-09 5.888391e-09 5.888391e-09 5.888391e-09 5.888391e-09
268.93575002875156 66.08537542703934 PSF -1 -1 -1 -1 9.420571e-09 9.420571e-09 9.420571e-09 9.420571e-09 9.420571e-09 9.420571e-09 9.420571e-09 9.420571e-09
268.8024859716605 66.05263111781814 PSF -1 -1 -1 -1 3.1150975e-08 3.1150975e-08 3.1150975e-08 3.1150975e-08 3.1150975e-08 3.1150975e-08 3.1150975e-08 3.1150975e-08
268.82765804391755 66.0677224865583 PSF -1 -1 -1 -1 1.12945475e-08 1.12945475e-08 1.12945475e-08 1.12945475e-08 1.12945475e-08 1.12945475e-08 1.12945475e-08 1.12945475e-08
268.85504544579584 66.06562748273201 PSF -1 -1 -1 -1 1.0938352e-08 1.0938352e-08 1.0938352e-08 1.0938352e-08 1.0938352e-08 1.0938352e-08 1.0938352e-08 1.0938352e-08
268.8328752673634 66.05932987106685 PSF -1 -1 -1 -1 1.6164416e-08 1.6164416e-08 1.6164416e-08 1.6164416e-08 1.6164416e-08 1.6164416e-08 1.6164416e-08 1.6164416e-08
268.8165143545154 66.0717654239552 PSF -1 -1 -1 -1 6.080354e-09 6.080354e-09 6.080354e-09 6.080354e-09 6.080354e-09 6.080354e-09 6.080354e-09 6.080354e-09
268.797550726241 66.06622875773206 PSF -1 -1 -1 -1 1.4280869e-08 1.4280869e-08 1.4280869e-08 1.4280869e-08 1.4280869e-08 1.4280869e-08 1.4280869e-08 1.4280869e-08
268.8425529485957 66.07660046600651 PSF -1 -1 -1 -1 7.567327e-09 7.567327e-09 7.567327e-09 7.567327e-09 7.567327e-09 7.567327e-09 7.567327e-09 7.567327e-09
nan nan PSF -1 -1 -1 -1 3.525349e-09 3.525349e-09 3.525349e-09 3.525349e-09 3.525349e-09 3.525349e-09 3.525349e-09 3.525349e-09
268.8670723183693 66.09147204337646 PSF -1 -1 -1 -1 1.0433013e-07 1.0433013e-07 1.0433013e-07 1.0433013e-07 1.0433013e-07 1.0433013e-07 1.0433013e-07 1.0433013e-07
268.8468176303663 66.08114055109161 PSF -1 -1 -1 -1 1.2691773e-08 1.2691773e-08 1.2691773e-08 1.2691773e-08 1.2691773e-08 1.2691773e-08 1.2691773e-08 1.2691773e-08
268.886192028272 66.0741717949598 PSF -1 -1 -1 -1 1.0147969e-06 1.0147969e-06 1.0147969e-06 1.0147969e-06 1.0147969e-06 1.0147969e-06 1.0147969e-06 1.0147969e-06
268.95159426835534 66.09856096120215 PSF -1 -1 -1 -1 5.8742233e-09 5.8742233e-09 5.8742233e-09 5.8742233e-09 5.8742233e-09 5.8742233e-09 5.8742233e-09 5.8742233e-09
268.9015184104655 66.09630323426607 PSF -1 -1 -1 -1 6.5044774e-09 6.5044774e-09 6.5044774e-09 6.5044774e-09 6.5044774e-09 6.5044774e-09 6.5044774e-09 6.5044774e-09
268.9020129430305 66.09818317584384 PSF -1 -1 -1 -1 6.7547146e-09 6.7547146e-09 6.7547146e-09 6.7547146e-09 6.7547146e-09 6.7547146e-09 6.7547146e-09 6.7547146e-09
268.9507350432523 66.11248494277679 PSF -1 -1 -1 -1 7.622597e-08 7.622597e-08 7.622597e-08 7.622597e-08 7.622597e-08 7.622597e-08 7.622597e-08 7.622597e-08
268.9300709747577 66.09821157058892 PSF -1 -1 -1 -1 2.6305804e-06 2.6305804e-06 2.6305804e-06 2.6305804e-06 2.6305804e-06 2.6305804e-06 2.6305804e-06 2.6305804e-06
268.63319686663993 66.04542173536852 PSF -1 -1 -1 -1 1.25273e-08 1.25273e-08 1.25273e-08 1.25273e-08 1.25273e-08 1.25273e-08 1.25273e-08 1.25273e-08
268.67999685654115 66.05392877092908 PSF -1 -1 -1 -1 1.7428713e-08 1.7428713e-08 1.7428713e-08 1.7428713e-08 1.7428713e-08 1.7428713e-08 1.7428713e-08 1.7428713e-08
268.6795946254362 66.06099535397584 PSF -1 -1 -1 -1 1.6733418e-08 1.6733418e-08 1.6733418e-08 1.6733418e-08 1.6733418e-08 1.6733418e-08 1.6733418e-08 1.6733418e-08
268.6869677167423 66.06503145032643 PSF -1 -1 -1 -1 1.5771955e-06 1.5771955e-06 1.5771955e-06 1.5771955e-06 1.5771955e-06 1.5771955e-06 1.5771955e-06 1.5771955e-06
268.76476790045285 66.06999918485147 PSF -1 -1 -1 -1 8.515761e-09 8.515761e-09 8.515761e-09 8.515761e-09 8.515761e-09 8.515761e-09 8.515761e-09 8.515761e-09
268.78561328155814 66.07237347493395 PSF -1 -1 -1 -1 2.6466825e-08 2.6466825e-08 2.6466825e-08 2.6466825e-08 2.6466825e-08 2.6466825e-08 2.6466825e-08 2.6466825e-08
268.75337250620663 66.06700956204128 PSF -1 -1 -1 -1 3.4885156e-06 3.4885156e-06 3.4885156e-06 3.4885156e-06 3.4885156e-06 3.4885156e-06 3.4885156e-06 3.4885156e-06
268.74992886840664 66.06387672380494 PSF -1 -1 -1 -1 1.6419834e-07 1.6419834e-07 1.6419834e-07 1.6419834e-07 1.6419834e-07 1.6419834e-07 1.6419834e-07 1.6419834e-07
268.7334856221124 66.07258614074637 PSF -1 -1 -1 -1 1.2983475e-08 1.2983475e-08 1.2983475e-08 1.2983475e-08 1.2983475e-08 1.2983475e-08 1.2983475e-08 1.2983475e-08
268.73479758957666 66.07620074622305 PSF -1 -1 -1 -1 1.6533534e-08 1.6533534e-08 1.6533534e-08 1.6533534e-08 1.6533534e-08 1.6533534e-08 1.6533534e-08 1.6533534e-08
268.73512177963755 66.0758508422869 PSF -1 -1 -1 -1 1.0014482e-08 1.0014482e-08 1.0014482e-08 1.0014482e-08 1.0014482e-08 1.0014482e-08 1.0014482e-08 1.0014482e-08
268.7803621305204 66.08107841282978 PSF -1 -1 -1 -1 5.6285526e-08 5.6285526e-08 5.6285526e-08 5.6285526e-08 5.6285526e-08 5.6285526e-08 5.6285526e-08 5.6285526e-08
268.78313094605 66.08751916421055 PSF -1 -1 -1 -1 3.8636266e-08 3.8636266e-08 3.8636266e-08 3.8636266e-08 3.8636266e-08 3.8636266e-08 3.8636266e-08 3.8636266e-08
268.76622905065716 66.07990353796805 PSF -1 -1 -1 -1 7.935814e-09 7.935814e-09 7.935814e-09 7.935814e-09 7.935814e-09 7.935814e-09 7.935814e-09 7.935814e-09
nan nan PSF -1 -1 -1 -1 4.3875823e-09 4.3875823e-09 4.3875823e-09 4.3875823e-09 4.3875823e-09 4.3875823e-09 4.3875823e-09 4.3875823e-09
268.7462029316418 66.07915160666239 PSF -1 -1 -1 -1 1.8305128e-06 1.8305128e-06 1.8305128e-06 1.8305128e-06 1.8305128e-06 1.8305128e-06 1.8305128e-06 1.8305128e-06
268.7476728881759 66.07941913064806 PSF -1 -1 -1 -1 6.752327e-07 6.752327e-07 6.752327e-07 6.752327e-07 6.752327e-07 6.752327e-07 6.752327e-07 6.752327e-07
268.65828630698286 66.06501277810278 PSF -1 -1 -1 -1 4.8839612e-09 4.8839612e-09 4.8839612e-09 4.8839612e-09 4.8839612e-09 4.8839612e-09 4.8839612e-09 4.8839612e-09
268.66505560713676 66.07064452768454 PSF -1 -1 -1 -1 1.4581402e-08 1.4581402e-08 1.4581402e-08 1.4581402e-08 1.4581402e-08 1.4581402e-08 1.4581402e-08 1.4581402e-08
268.68155780809127 66.07235209647688 PSF -1 -1 -1 -1 8.7223935e-09 8.7223935e-09 8.7223935e-09 8.7223935e-09 8.7223935e-09 8.7223935e-09 8.7223935e-09 8.7223935e-09
268.6750641295532 66.06889968076148 PSF -1 -1 -1 -1 6.327058e-09 6.327058e-09 6.327058e-09 6.327058e-09 6.327058e-09 6.327058e-09 6.327058e-09 6.327058e-09
268.69368684180927 66.06943192907654 PSF -1 -1 -1 -1 1.3362255e-08 1.3362255e-08 1.3362255e-08 1.3362255e-08 1.3362255e-08 1.3362255e-08 1.3362255e-08 1.3362255e-08
268.65945171425864 66.06117912888188 PSF -1 -1 -1 -1 3.0269496e-06 3.0269496e-06 3.0269496e-06 3.0269496e-06 3.0269496e-06 3.0269496e-06 3.0269496e-06 3.0269496e-06
268.6636684588673 66.06036293354406 PSF -1 -1 -1 -1 6.675765e-08 6.675765e-08 6.675765e-08 6.675765e-08 6.675765e-08 6.675765e-08 6.675765e-08 6.675765e-08
268.6437452784726 66.0692640329338 PSF -1 -1 -1 -1 9.828041e-09 9.828041e-09 9.828041e-09 9.828041e-09 9.828041e-09 9.828041e-09 9.828041e-09 9.828041e-09
268.6357795164316 66.06632537223179 PSF -1 -1 -1 -1 5.7308338e-08 5.7308338e-08 5.7308338e-08 5.7308338e-08 5.7308338e-08 5.7308338e-08 5.7308338e-08 5.7308338e-08
268.6592484069255 66.07041136099986 PSF -1 -1 -1 -1 4.1985453e-07 4.1985453e-07 4.1985453e-07 4.1985453e-07 4.1985453e-07 4.1985453e-07 4.1985453e-07 4.1985453e-07
268.6725826242691 66.07413054579949 PSF -1 -1 -1 -1 1.5034178e-08 1.5034178e-08 1.5034178e-08 1.5034178e-08 1.5034178e-08 1.5034178e-08 1.5034178e-08 1.5034178e-08
nan nan PSF -1 -1 -1 -1 4.499259e-09 4.499259e-09 4.499259e-09 4.499259e-09 4.499259e-09 4.499259e-09 4.499259e-09 4.499259e-09
268.6930504144451 66.08132442608128 PSF -1 -1 -1 -1 1.4359783e-07 1.4359783e-07 1.4359783e-07 1.4359783e-07 1.4359783e-07 1.4359783e-07 1.4359783e-07 1.4359783e-07
268.7306425976164 66.08935225312243 PSF -1 -1 -1 -1 1.0258832e-08 1.0258832e-08 1.0258832e-08 1.0258832e-08 1.0258832e-08 1.0258832e-08 1.0258832e-08 1.0258832e-08
268.71772681247984 66.08600697142742 PSF -1 -1 -1 -1 5.523049e-07 5.523049e-07 5.523049e-07 5.523049e-07 5.523049e-07 5.523049e-07 5.523049e-07 5.523049e-07
268.71635231964956 66.07885010946292 PSF -1 -1 -1 -1 4.03225e-07 4.03225e-07 4.03225e-07 4.03225e-07 4.03225e-07 4.03225e-07 4.03225e-07 4.03225e-07
nan nan PSF -1 -1 -1 -1 4.489834e-09 4.489834e-09 4.489834e-09 4.489834e-09 4.489834e-09 4.489834e-09 4.489834e-09 4.489834e-09
268.75423966649953 66.09567709844474 PSF -1 -1 -1 -1 8.736425e-09 8.736425e-09 8.736425e-09 8.736425e-09 8.736425e-09 8.736425e-09 8.736425e-09 8.736425e-09
nan nan PSF -1 -1 -1 -1 3.9069072e-09 3.9069072e-09 3.9069072e-09 3.9069072e-09 3.9069072e-09 3.9069072e-09 3.9069072e-09 3.9069072e-09
268.7786244200861 66.10905277598832 PSF -1 -1 -1 -1 1.609457e-08 1.609457e-08 1.609457e-08 1.609457e-08 1.609457e-08 1.609457e-08 1.609457e-08 1.609457e-08
268.82309958240046 66.08741918492517 PSF -1 -1 -1 -1 4.657694e-09 4.657694e-09 4.657694e-09 4.657694e-09 4.657694e-09 4.657694e-09 4.657694e-09 4.657694e-09
268.85148284754854 66.08863744834522 PSF -1 -1 -1 -1 7.285369e-09 7.285369e-09 7.285369e-09 7.285369e-09 7.285369e-09 7.285369e-09 7.285369e-09 7.285369e-09
268.82504952823956 66.09690412793078 PSF -1 -1 -1 -1 7.4028685e-09 7.4028685e-09 7.4028685e-09 7.4028685e-09 7.4028685e-09 7.4028685e-09 7.4028685e-09 7.4028685e-09
268.8031996023486 66.09601373036732 PSF -1 -1 -1 -1 9.890262e-09 9.890262e-09 9.890262e-09 9.890262e-09 9.890262e-09 9.890262e-09 9.890262e-09 9.890262e-09
268.8576896360265 66.10392737588103 PSF -1 -1 -1 -1 5.641434e-09 5.641434e-09 5.641434e-09 5.641434e-09 5.641434e-09 5.641434e-09 5.641434e-09 5.641434e-09
268.8471463504667 66.10333539763974 PSF -1 -1 -1 -1 1.4471844e-07 1.4471844e-07 1.4471844e-07 1.4471844e-07 1.4471844e-07 1.4471844e-07 1.4471844e-07 1.4471844e-07
268.8808247210874 66.12520371924496 PSF -1 -1 -1 -1 1.3412952e-07 1.3412952e-07 1.3412952e-07 1.3412952e-07 1.3412952e-07 1.3412952e-07 1.3412952e-07 1.3412952e-07
268.91515127899083 66.11636371411151 PSF -1 -1 -1 -1 3.3843867e-07 3.3843867e-07 3.3843867e-07 3.3843867e-07 3.3843867e-07 3.3843867e-07 3.3843867e-07 3.3843867e-07
268.9158461191091 66.11426522814975 PSF -1 -1 -1 -1 2.409609e-07 2.409609e-07 2.409609e-07 2.409609e-07 2.409609e-07 2.409609e-07 2.409609e-07 2.409609e-07
268.8920145218377 66.12154947410242 PSF -1 -1 -1 -1 2.3261602e-07 2.3261602e-07 2.3261602e-07 2.3261602e-07 2.3261602e-07 2.3261602e-07 2.3261602e-07 2.3261602e-07
268.91304845332326 66.12024831934043 PSF -1 -1 -1 -1 3.135456e-08 3.135456e-08 3.135456e-08 3.135456e-08 3.135456e-08 3.135456e-08 3.135456e-08 3.135456e-08
268.8947898770136 66.11248541245541 PSF -1 -1 -1 -1 1.66385e-08 1.66385e-08 1.66385e-08 1.66385e-08 1.66385e-08 1.66385e-08 1.66385e-08 1.66385e-08
268.9334030750482 66.12645342974945 PSF -1 -1 -1 -1 3.5311868e-06 3.5311868e-06 3.5311868e-06 3.5311868e-06 3.5311868e-06 3.5311868e-06 3.5311868e-06 3.5311868e-06
