romanisim/data/gaia-270-66-2027-06-01.ecsv
# %ECSV 1.0
# ---
# datatype:
# - {name: ra, datatype: float64}
# - {name: dec, datatype: float64}
# - {name: type, datatype: string}
# - {name: n, datatype: int64}
# - {name: half_light_radius, datatype: int64}
# - {name: pa, datatype: int64}
# - {name: ba, datatype: int64}
# - {name: F184, datatype: float32}
# - {name: F213, datatype: float32}
# - {name: F062, datatype: float32}
# - {name: F158, datatype: float32}
# - {name: F106, datatype: float32}
# - {name: F087, datatype: float32}
# - {name: F146, datatype: float32}
# - {name: F129, datatype: float32}
# schema: astropy-2.0
ra dec type n half_light_radius pa ba F184 F213 F062 F158 F106 F087 F146 F129
[from data line 6883]
270.0099865142358 66.13306955858317 PSF -1 -1 -1 -1 6.122088e-08 6.122088e-08 6.122088e-08 6.122088e-08 6.122088e-08 6.122088e-08 6.122088e-08 6.122088e-08
270.0470963568173 66.1421670631738 PSF -1 -1 -1 -1 1.5961282e-08 1.5961282e-08 1.5961282e-08 1.5961282e-08 1.5961282e-08 1.5961282e-08 1.5961282e-08 1.5961282e-08
270.0708580258753 66.13780625946855 PSF -1 -1 -1 -1 5.6862577e-09 5.6862577e-09 5.6862577e-09 5.6862577e-09 5.6862577e-09 5.6862577e-09 5.6862577e-09 5.6862577e-09
270.04116403245274 66.13581761510095 PSF -1 -1 -1 -1 4.7669623e-08 4.7669623e-08 4.7669623e-08 4.7669623e-08 4.7669623e-08 4.7669623e-08 4.7669623e-08 4.7669623e-08
270.03679172203795 66.13438756627492 PSF -1 -1 -1 -1 4.3184873e-06 4.3184873e-06 4.3184873e-06 4.3184873e-06 4.3184873e-06 4.3184873e-06 4.3184873e-06 4.3184873e-06
270.0214621202965 66.15518817811395 PSF -1 -1 -1 -1 9.732962e-09 9.732962e-09 9.732962e-09 9.732962e-09 9.732962e-09 9.732962e-09 9.732962e-09 9.732962e-09
270.3392303550641 66.07558199449497 PSF -1 -1 -1 -1 1.4174986e-08 1.4174986e-08 1.4174986e-08 1.4174986e-08 1.4174986e-08 1.4174986e-08 1.4174986e-08 1.4174986e-08
270.3372376569405 66.07496583877554 PSF -1 -1 -1 -1 5.1763607e-07 5.1763607e-07 5.1763607e-07 5.1763607e-07 5.1763607e-07 5.1763607e-07 5.1763607e-07 5.1763607e-07
270.3401501172476 66.08371976229509 PSF -1 -1 -1 -1 3.5181877e-08 3.5181877e-08 3.5181877e-08 3.5181877e-08 3.5181877e-08 3.5181877e-08 3.5181877e-08 3.5181877e-08
270.33244251799357 66.09725895084904 PSF -1 -1 -1 -1 8.556643e-09 8.556643e-09 8.556643e-09 8.556643e-09 8.556643e-09 8.556643e-09 8.556643e-09 8.556643e-09
270.32762896217065 66.0935176952154 PSF -1 -1 -1 -1 3.129269e-07 3.129269e-07 3.129269e-07 3.129269e-07 3.129269e-07 3.129269e-07 3.129269e-07 3.129269e-07
270.3446982851545 66.0895128717582 PSF -1 -1 -1 -1 3.9712873e-07 3.9712873e-07 3.9712873e-07 3.9712873e-07 3.9712873e-07 3.9712873e-07 3.9712873e-07 3.9712873e-07
270.2948582563211 66.09344969258233 PSF -1 -1 -1 -1 2.2934026e-08 2.2934026e-08 2.2934026e-08 2.2934026e-08 2.2934026e-08 2.2934026e-08 2.2934026e-08 2.2934026e-08
270.29345367082834 66.10610530517451 PSF -1 -1 -1 -1 4.976453e-08 4.976453e-08 4.976453e-08 4.976453e-08 4.976453e-08 4.976453e-08 4.976453e-08 4.976453e-08
270.26575079772545 66.11322893005095 PSF -1 -1 -1 -1 4.5609042e-08 4.5609042e-08 4.5609042e-08 4.5609042e-08 4.5609042e-08 4.5609042e-08 4.5609042e-08 4.5609042e-08
270.28074386477783 66.10767533141774 PSF -1 -1 -1 -1 7.109266e-08 7.109266e-08 7.109266e-08 7.109266e-08 7.109266e-08 7.109266e-08 7.109266e-08 7.109266e-08
270.3200972066804 66.10655194565803 PSF -1 -1 -1 -1 2.1563215e-08 2.1563215e-08 2.1563215e-08 2.1563215e-08 2.1563215e-08 2.1563215e-08 2.1563215e-08 2.1563215e-08
270.31686205267465 66.12042536837264 PSF -1 -1 -1 -1 1.83576e-08 1.83576e-08 1.83576e-08 1.83576e-08 1.83576e-08 1.83576e-08 1.83576e-08 1.83576e-08
270.30886797491394 66.12136138411749 PSF -1 -1 -1 -1 1.143854e-06 1.143854e-06 1.143854e-06 1.143854e-06 1.143854e-06 1.143854e-06 1.143854e-06 1.143854e-06
270.2860963089464 66.11338726173798 PSF -1 -1 -1 -1 4.1608278e-08 4.1608278e-08 4.1608278e-08 4.1608278e-08 4.1608278e-08 4.1608278e-08 4.1608278e-08 4.1608278e-08
270.26448151315327 66.11992003755259 PSF -1 -1 -1 -1 5.8760685e-09 5.8760685e-09 5.8760685e-09 5.8760685e-09 5.8760685e-09 5.8760685e-09 5.8760685e-09 5.8760685e-09
270.27181616546545 66.12215369133396 PSF -1 -1 -1 -1 1.0104064e-07 1.0104064e-07 1.0104064e-07 1.0104064e-07 1.0104064e-07 1.0104064e-07 1.0104064e-07 1.0104064e-07
270.2796652431519 66.12928878814765 PSF -1 -1 -1 -1 1.0886807e-07 1.0886807e-07 1.0886807e-07 1.0886807e-07 1.0886807e-07 1.0886807e-07 1.0886807e-07 1.0886807e-07
270.2492424866899 66.10295419959607 PSF -1 -1 -1 -1 5.370053e-09 5.370053e-09 5.370053e-09 5.370053e-09 5.370053e-09 5.370053e-09 5.370053e-09 5.370053e-09
270.2210810101112 66.10949461514737 PSF -1 -1 -1 -1 1.7916373e-07 1.7916373e-07 1.7916373e-07 1.7916373e-07 1.7916373e-07 1.7916373e-07 1.7916373e-07 1.7916373e-07
270.2403839163166 66.10735486387637 PSF -1 -1 -1 -1 2.878524e-07 2.878524e-07 2.878524e-07 2.878524e-07 2.878524e-07 2.878524e-07 2.878524e-07 2.878524e-07
270.23047870047037 66.12337782556335 PSF -1 -1 -1 -1 2.2549505e-06 2.2549505e-06 2.2549505e-06 2.2549505e-06 2.2549505e-06 2.2549505e-06 2.2549505e-06 2.2549505e-06
nan nan PSF -1 -1 -1 -1 4.2856074e-09 4.2856074e-09 4.2856074e-09 4.2856074e-09 4.2856074e-09 4.2856074e-09 4.2856074e-09 4.2856074e-09
270.1736271016244 66.1235642010255 PSF -1 -1 -1 -1 3.9835893e-08 3.9835893e-08 3.9835893e-08 3.9835893e-08 3.9835893e-08 3.9835893e-08 3.9835893e-08 3.9835893e-08
nan nan PSF -1 -1 -1 -1 3.4597396e-09 3.4597396e-09 3.4597396e-09 3.4597396e-09 3.4597396e-09 3.4597396e-09 3.4597396e-09 3.4597396e-09
270.17925994304227 66.1297329637854 PSF -1 -1 -1 -1 9.533635e-09 9.533635e-09 9.533635e-09 9.533635e-09 9.533635e-09 9.533635e-09 9.533635e-09 9.533635e-09
270.2376876969754 66.12594368503865 PSF -1 -1 -1 -1 2.7186084e-08 2.7186084e-08 2.7186084e-08 2.7186084e-08 2.7186084e-08 2.7186084e-08 2.7186084e-08 2.7186084e-08
270.2465950178183 66.1423476427532 PSF -1 -1 -1 -1 4.368796e-09 4.368796e-09 4.368796e-09 4.368796e-09 4.368796e-09 4.368796e-09 4.368796e-09 4.368796e-09
nan nan PSF -1 -1 -1 -1 4.1433856e-09 4.1433856e-09 4.1433856e-09 4.1433856e-09 4.1433856e-09 4.1433856e-09 4.1433856e-09 4.1433856e-09
270.18933305261834 66.15276089162633 PSF -1 -1 -1 -1 5.6755855e-08 5.6755855e-08 5.6755855e-08 5.6755855e-08 5.6755855e-08 5.6755855e-08 5.6755855e-08 5.6755855e-08
270.3165991313007 66.1289095884893 PSF -1 -1 -1 -1 4.753165e-09 4.753165e-09 4.753165e-09 4.753165e-09 4.753165e-09 4.753165e-09 4.753165e-09 4.753165e-09
270.3389014001093 66.12315726011629 PSF -1 -1 -1 -1 6.6761903e-09 6.6761903e-09 6.6761903e-09 6.6761903e-09 6.6761903e-09 6.6761903e-09 6.6761903e-09 6.6761903e-09
270.3357451857194 66.12957317233247 PSF -1 -1 -1 -1 2.3805067e-07 2.3805067e-07 2.3805067e-07 2.3805067e-07 2.3805067e-07 2.3805067e-07 2.3805067e-07 2.3805067e-07
270.32050837661643 66.13672808287839 PSF -1 -1 -1 -1 2.5572152e-07 2.5572152e-07 2.5572152e-07 2.5572152e-07 2.5572152e-07 2.5572152e-07 2.5572152e-07 2.5572152e-07
270.29505093544464 66.14206166040235 PSF -1 -1 -1 -1 5.541381e-09 5.541381e-09 5.541381e-09 5.541381e-09 5.541381e-09 5.541381e-09 5.541381e-09 5.541381e-09
270.2625158658015 66.1417130759208 PSF -1 -1 -1 -1 9.122833e-09 9.122833e-09 9.122833e-09 9.122833e-09 9.122833e-09 9.122833e-09 9.122833e-09 9.122833e-09
270.29760491478527 66.14350918764542 PSF -1 -1 -1 -1 2.8696787e-08 2.8696787e-08 2.8696787e-08 2.8696787e-08 2.8696787e-08 2.8696787e-08 2.8696787e-08 2.8696787e-08
270.3032970938515 66.14895117120561 PSF -1 -1 -1 -1 7.3874413e-09 7.3874413e-09 7.3874413e-09 7.3874413e-09 7.3874413e-09 7.3874413e-09 7.3874413e-09 7.3874413e-09
270.316391478857 66.15430348535608 PSF -1 -1 -1 -1 3.680639e-08 3.680639e-08 3.680639e-08 3.680639e-08 3.680639e-08 3.680639e-08 3.680639e-08 3.680639e-08
270.307983409348 66.16473791934892 PSF -1 -1 -1 -1 7.8320014e-08 7.8320014e-08 7.8320014e-08 7.8320014e-08 7.8320014e-08 7.8320014e-08 7.8320014e-08 7.8320014e-08
270.3111058736132 66.17019542037622 PSF -1 -1 -1 -1 7.965161e-08 7.965161e-08 7.965161e-08 7.965161e-08 7.965161e-08 7.965161e-08 7.965161e-08 7.965161e-08
270.3118237255092 66.16289882376972 PSF -1 -1 -1 -1 3.441694e-08 3.441694e-08 3.441694e-08 3.441694e-08 3.441694e-08 3.441694e-08 3.441694e-08 3.441694e-08
270.3195453257218 66.16663484514288 PSF -1 -1 -1 -1 1.5169295e-08 1.5169295e-08 1.5169295e-08 1.5169295e-08 1.5169295e-08 1.5169295e-08 1.5169295e-08 1.5169295e-08
270.27883647466837 66.16531330922689 PSF -1 -1 -1 -1 1.1356e-08 1.1356e-08 1.1356e-08 1.1356e-08 1.1356e-08 1.1356e-08 1.1356e-08 1.1356e-08
270.2902486678936 66.16051510813601 PSF -1 -1 -1 -1 1.9783181e-07 1.9783181e-07 1.9783181e-07 1.9783181e-07 1.9783181e-07 1.9783181e-07 1.9783181e-07 1.9783181e-07
270.2807709513919 66.17635679368159 PSF -1 -1 -1 -1 6.434412e-09 6.434412e-09 6.434412e-09 6.434412e-09 6.434412e-09 6.434412e-09 6.434412e-09 6.434412e-09
270.2194947347178 66.15312095319445 PSF -1 -1 -1 -1 2.7630886e-08 2.7630886e-08 2.7630886e-08 2.7630886e-08 2.7630886e-08 2.7630886e-08 2.7630886e-08 2.7630886e-08
270.2386067444867 66.15427847824358 PSF -1 -1 -1 -1 2.7853057e-08 2.7853057e-08 2.7853057e-08 2.7853057e-08 2.7853057e-08 2.7853057e-08 2.7853057e-08 2.7853057e-08
270.25659494991277 66.1610874489428 PSF -1 -1 -1 -1 6.7503256e-09 6.7503256e-09 6.7503256e-09 6.7503256e-09 6.7503256e-09 6.7503256e-09 6.7503256e-09 6.7503256e-09
270.24393289610975 66.15836122779079 PSF -1 -1 -1 -1 3.7578278e-07 3.7578278e-07 3.7578278e-07 3.7578278e-07 3.7578278e-07 3.7578278e-07 3.7578278e-07 3.7578278e-07
nan nan PSF -1 -1 -1 -1 9.9840264e-08 9.9840264e-08 9.9840264e-08 9.9840264e-08 9.9840264e-08 9.9840264e-08 9.9840264e-08 9.9840264e-08
270.2118131450676 66.1719473153905 PSF -1 -1 -1 -1 2.3188239e-08 2.3188239e-08 2.3188239e-08 2.3188239e-08 2.3188239e-08 2.3188239e-08 2.3188239e-08 2.3188239e-08
270.2171710285804 66.1642022204242 PSF -1 -1 -1 -1 6.988811e-07 6.988811e-07 6.988811e-07 6.988811e-07 6.988811e-07 6.988811e-07 6.988811e-07 6.988811e-07
nan nan PSF -1 -1 -1 -1 4.1042836e-09 4.1042836e-09 4.1042836e-09 4.1042836e-09 4.1042836e-09 4.1042836e-09 4.1042836e-09 4.1042836e-09
270.2346176884761 66.17429119774413 PSF -1 -1 -1 -1 1.3548754e-07 1.3548754e-07 1.3548754e-07 1.3548754e-07 1.3548754e-07 1.3548754e-07 1.3548754e-07 1.3548754e-07
nan nan PSF -1 -1 -1 -1 4.243234e-09 4.243234e-09 4.243234e-09 4.243234e-09 4.243234e-09 4.243234e-09 4.243234e-09 4.243234e-09
270.1791093264029 66.18654727490241 PSF -1 -1 -1 -1 1.8615046e-08 1.8615046e-08 1.8615046e-08 1.8615046e-08 1.8615046e-08 1.8615046e-08 1.8615046e-08 1.8615046e-08
270.19379311908006 66.20091454487101 PSF -1 -1 -1 -1 8.768464e-09 8.768464e-09 8.768464e-09 8.768464e-09 8.768464e-09 8.768464e-09 8.768464e-09 8.768464e-09
270.2031783356774 66.1956609082211 PSF -1 -1 -1 -1 5.2409607e-08 5.2409607e-08 5.2409607e-08 5.2409607e-08 5.2409607e-08 5.2409607e-08 5.2409607e-08 5.2409607e-08
270.15450079831385 66.1344599757419 PSF -1 -1 -1 -1 1.2162435e-07 1.2162435e-07 1.2162435e-07 1.2162435e-07 1.2162435e-07 1.2162435e-07 1.2162435e-07 1.2162435e-07
270.16358776573435 66.13663715342545 PSF -1 -1 -1 -1 2.006271e-08 2.006271e-08 2.006271e-08 2.006271e-08 2.006271e-08 2.006271e-08 2.006271e-08 2.006271e-08
270.10981950891875 66.1430919031489 PSF -1 -1 -1 -1 7.877822e-09 7.877822e-09 7.877822e-09 7.877822e-09 7.877822e-09 7.877822e-09 7.877822e-09 7.877822e-09
270.1490583548747 66.15459750607823 PSF -1 -1 -1 -1 3.2247658e-06 3.2247658e-06 3.2247658e-06 3.2247658e-06 3.2247658e-06 3.2247658e-06 3.2247658e-06 3.2247658e-06
270.16574652862147 66.14700141322103 PSF -1 -1 -1 -1 2.104848e-07 2.104848e-07 2.104848e-07 2.104848e-07 2.104848e-07 2.104848e-07 2.104848e-07 2.104848e-07
270.14149713377714 66.15908056748782 PSF -1 -1 -1 -1 1.3412908e-07 1.3412908e-07 1.3412908e-07 1.3412908e-07 1.3412908e-07 1.3412908e-07 1.3412908e-07 1.3412908e-07
270.1635261218317 66.16350352722309 PSF -1 -1 -1 -1 3.5823124e-08 3.5823124e-08 3.5823124e-08 3.5823124e-08 3.5823124e-08 3.5823124e-08 3.5823124e-08 3.5823124e-08
270.1641737369985 66.16398888520285 PSF -1 -1 -1 -1 5.177316e-06 5.177316e-06 5.177316e-06 5.177316e-06 5.177316e-06 5.177316e-06 5.177316e-06 5.177316e-06
270.0875858387736 66.16940707380465 PSF -1 -1 -1 -1 1.5331883e-08 1.5331883e-08 1.5331883e-08 1.5331883e-08 1.5331883e-08 1.5331883e-08 1.5331883e-08 1.5331883e-08
270.1172123264853 66.1609850027742 PSF -1 -1 -1 -1 1.6597847e-08 1.6597847e-08 1.6597847e-08 1.6597847e-08 1.6597847e-08 1.6597847e-08 1.6597847e-08 1.6597847e-08
270.12659255036885 66.1626211094857 PSF -1 -1 -1 -1 1.8671704e-08 1.8671704e-08 1.8671704e-08 1.8671704e-08 1.8671704e-08 1.8671704e-08 1.8671704e-08 1.8671704e-08
270.0953800842019 66.1837169132987 PSF -1 -1 -1 -1 9.989004e-09 9.989004e-09 9.989004e-09 9.989004e-09 9.989004e-09 9.989004e-09 9.989004e-09 9.989004e-09
270.0856117637332 66.14425076591878 PSF -1 -1 -1 -1 4.5729083e-09 4.5729083e-09 4.5729083e-09 4.5729083e-09 4.5729083e-09 4.5729083e-09 4.5729083e-09 4.5729083e-09
270.08577760906934 66.14107885362921 PSF -1 -1 -1 -1 2.2961213e-07 2.2961213e-07 2.2961213e-07 2.2961213e-07 2.2961213e-07 2.2961213e-07 2.2961213e-07 2.2961213e-07
270.08026196341245 66.16436181951876 PSF -1 -1 -1 -1 4.999471e-09 4.999471e-09 4.999471e-09 4.999471e-09 4.999471e-09 4.999471e-09 4.999471e-09 4.999471e-09
270.07997438790784 66.16272788342732 PSF -1 -1 -1 -1 2.1050027e-07 2.1050027e-07 2.1050027e-07 2.1050027e-07 2.1050027e-07 2.1050027e-07 2.1050027e-07 2.1050027e-07
270.0155215104628 66.18110293096757 PSF -1 -1 -1 -1 7.442656e-09 7.442656e-09 7.442656e-09 7.442656e-09 7.442656e-09 7.442656e-09 7.442656e-09 7.442656e-09
nan nan PSF -1 -1 -1 -1 3.8866785e-09 3.8866785e-09 3.8866785e-09 3.8866785e-09 3.8866785e-09 3.8866785e-09 3.8866785e-09 3.8866785e-09
nan nan PSF -1 -1 -1 -1 4.4954076e-09 4.4954076e-09 4.4954076e-09 4.4954076e-09 4.4954076e-09 4.4954076e-09 4.4954076e-09 4.4954076e-09
270.0013692064493 66.18141766701648 PSF -1 -1 -1 -1 4.0650065e-08 4.0650065e-08 4.0650065e-08 4.0650065e-08 4.0650065e-08 4.0650065e-08 4.0650065e-08 4.0650065e-08
270.0152277511185 66.1790244527498 PSF -1 -1 -1 -1 3.863096e-08 3.863096e-08 3.863096e-08 3.863096e-08 3.863096e-08 3.863096e-08 3.863096e-08 3.863096e-08
270.01285802195855 66.17450526290222 PSF -1 -1 -1 -1 6.2476644e-08 6.2476644e-08 6.2476644e-08 6.2476644e-08 6.2476644e-08 6.2476644e-08 6.2476644e-08 6.2476644e-08
270.07811565767116 66.16749811946286 PSF -1 -1 -1 -1 1.0362392e-08 1.0362392e-08 1.0362392e-08 1.0362392e-08 1.0362392e-08 1.0362392e-08 1.0362392e-08 1.0362392e-08
270.0451498347424 66.17938416044368 PSF -1 -1 -1 -1 9.874941e-07 9.874941e-07 9.874941e-07 9.874941e-07 9.874941e-07 9.874941e-07 9.874941e-07 9.874941e-07
270.0826582027533 66.17312231204116 PSF -1 -1 -1 -1 9.266487e-08 9.266487e-08 9.266487e-08 9.266487e-08 9.266487e-08 9.266487e-08 9.266487e-08 9.266487e-08
270.07494337754616 66.1850386073232 PSF -1 -1 -1 -1 1.2068044e-07 1.2068044e-07 1.2068044e-07 1.2068044e-07 1.2068044e-07 1.2068044e-07 1.2068044e-07 1.2068044e-07
270.1682098738599 66.17346895812491 PSF -1 -1 -1 -1 4.9046824e-09 4.9046824e-09 4.9046824e-09 4.9046824e-09 4.9046824e-09 4.9046824e-09 4.9046824e-09 4.9046824e-09
270.098613648255 66.19077798861427 PSF -1 -1 -1 -1 1.3656526e-08 1.3656526e-08 1.3656526e-08 1.3656526e-08 1.3656526e-08 1.3656526e-08 1.3656526e-08 1.3656526e-08
270.09963368793694 66.19060263732838 PSF -1 -1 -1 -1 3.452545e-08 3.452545e-08 3.452545e-08 3.452545e-08 3.452545e-08 3.452545e-08 3.452545e-08 3.452545e-08
270.1018102055963 66.18530295506697 PSF -1 -1 -1 -1 2.6165607e-08 2.6165607e-08 2.6165607e-08 2.6165607e-08 2.6165607e-08 2.6165607e-08 2.6165607e-08 2.6165607e-08
270.10787867010833 66.18452118849697 PSF -1 -1 -1 -1 2.5815498e-07 2.5815498e-07 2.5815498e-07 2.5815498e-07 2.5815498e-07 2.5815498e-07 2.5815498e-07 2.5815498e-07
nan nan PSF -1 -1 -1 -1 4.551539e-09 4.551539e-09 4.551539e-09 4.551539e-09 4.551539e-09 4.551539e-09 4.551539e-09 4.551539e-09
nan nan PSF -1 -1 -1 -1 3.673372e-08 3.673372e-08 3.673372e-08 3.673372e-08 3.673372e-08 3.673372e-08 3.673372e-08 3.673372e-08
270.12004109568306 66.19833743061069 PSF -1 -1 -1 -1 1.2020292e-06 1.2020292e-06 1.2020292e-06 1.2020292e-06 1.2020292e-06 1.2020292e-06 1.2020292e-06 1.2020292e-06
270.1351195818033 66.2052255585051 PSF -1 -1 -1 -1 8.882261e-09 8.882261e-09 8.882261e-09 8.882261e-09 8.882261e-09 8.882261e-09 8.882261e-09 8.882261e-09
nan nan PSF -1 -1 -1 -1 4.462185e-09 4.462185e-09 4.462185e-09 4.462185e-09 4.462185e-09 4.462185e-09 4.462185e-09 4.462185e-09
270.0965670682129 66.22698129681928 PSF -1 -1 -1 -1 1.4265792e-07 1.4265792e-07 1.4265792e-07 1.4265792e-07 1.4265792e-07 1.4265792e-07 1.4265792e-07 1.4265792e-07
