romanisim/data/gaia-270-66-2027-06-01.ecsv
# %ECSV 1.0
# ---
# datatype:
# - {name: ra, datatype: float64}
# - {name: dec, datatype: float64}
# - {name: type, datatype: string}
# - {name: n, datatype: int64}
# - {name: half_light_radius, datatype: int64}
# - {name: pa, datatype: int64}
# - {name: ba, datatype: int64}
# - {name: F184, datatype: float32}
# - {name: F213, datatype: float32}
# - {name: F062, datatype: float32}
# - {name: F158, datatype: float32}
# - {name: F106, datatype: float32}
# - {name: F087, datatype: float32}
# - {name: F146, datatype: float32}
# - {name: F129, datatype: float32}
# schema: astropy-2.0
ra dec type n half_light_radius pa ba F184 F213 F062 F158 F106 F087 F146 F129
[from data line 5160]
270.01679963763314 65.74148198639237 PSF -1 -1 -1 -1 6.406152e-07 6.406152e-07 6.406152e-07 6.406152e-07 6.406152e-07 6.406152e-07 6.406152e-07 6.406152e-07
270.0240961939447 65.74085032268542 PSF -1 -1 -1 -1 2.0198863e-08 2.0198863e-08 2.0198863e-08 2.0198863e-08 2.0198863e-08 2.0198863e-08 2.0198863e-08 2.0198863e-08
270.00825741988285 65.7529480355932 PSF -1 -1 -1 -1 1.3186082e-07 1.3186082e-07 1.3186082e-07 1.3186082e-07 1.3186082e-07 1.3186082e-07 1.3186082e-07 1.3186082e-07
nan nan PSF -1 -1 -1 -1 3.5081587e-09 3.5081587e-09 3.5081587e-09 3.5081587e-09 3.5081587e-09 3.5081587e-09 3.5081587e-09 3.5081587e-09
270.04660931880153 65.76907709288811 PSF -1 -1 -1 -1 5.080148e-09 5.080148e-09 5.080148e-09 5.080148e-09 5.080148e-09 5.080148e-09 5.080148e-09 5.080148e-09
270.01079706631015 65.76764444281095 PSF -1 -1 -1 -1 2.1299743e-07 2.1299743e-07 2.1299743e-07 2.1299743e-07 2.1299743e-07 2.1299743e-07 2.1299743e-07 2.1299743e-07
270.01438640731686 65.76783721608416 PSF -1 -1 -1 -1 8.322243e-09 8.322243e-09 8.322243e-09 8.322243e-09 8.322243e-09 8.322243e-09 8.322243e-09 8.322243e-09
270.03011366540096 65.77899692017567 PSF -1 -1 -1 -1 9.450428e-08 9.450428e-08 9.450428e-08 9.450428e-08 9.450428e-08 9.450428e-08 9.450428e-08 9.450428e-08
270.3322086428967 65.70862494076569 PSF -1 -1 -1 -1 7.013424e-09 7.013424e-09 7.013424e-09 7.013424e-09 7.013424e-09 7.013424e-09 7.013424e-09 7.013424e-09
270.31084604664477 65.70613548990143 PSF -1 -1 -1 -1 9.193905e-09 9.193905e-09 9.193905e-09 9.193905e-09 9.193905e-09 9.193905e-09 9.193905e-09 9.193905e-09
270.3259017271532 65.7033632108188 PSF -1 -1 -1 -1 5.6431935e-07 5.6431935e-07 5.6431935e-07 5.6431935e-07 5.6431935e-07 5.6431935e-07 5.6431935e-07 5.6431935e-07
270.24287474381396 65.74905564138423 PSF -1 -1 -1 -1 6.114853e-07 6.114853e-07 6.114853e-07 6.114853e-07 6.114853e-07 6.114853e-07 6.114853e-07 6.114853e-07
270.3264617851466 65.71645547892797 PSF -1 -1 -1 -1 7.7913555e-08 7.7913555e-08 7.7913555e-08 7.7913555e-08 7.7913555e-08 7.7913555e-08 7.7913555e-08 7.7913555e-08
270.310183102269 65.7187173875783 PSF -1 -1 -1 -1 4.7081638e-08 4.7081638e-08 4.7081638e-08 4.7081638e-08 4.7081638e-08 4.7081638e-08 4.7081638e-08 4.7081638e-08
270.3038130849824 65.72225967445132 PSF -1 -1 -1 -1 3.625828e-08 3.625828e-08 3.625828e-08 3.625828e-08 3.625828e-08 3.625828e-08 3.625828e-08 3.625828e-08
270.3149370180458 65.72043810149636 PSF -1 -1 -1 -1 4.638953e-09 4.638953e-09 4.638953e-09 4.638953e-09 4.638953e-09 4.638953e-09 4.638953e-09 4.638953e-09
270.269294030056 65.71799486965052 PSF -1 -1 -1 -1 2.2760537e-08 2.2760537e-08 2.2760537e-08 2.2760537e-08 2.2760537e-08 2.2760537e-08 2.2760537e-08 2.2760537e-08
270.2591416776152 65.71891059378073 PSF -1 -1 -1 -1 1.1439959e-07 1.1439959e-07 1.1439959e-07 1.1439959e-07 1.1439959e-07 1.1439959e-07 1.1439959e-07 1.1439959e-07
270.25687339681167 65.71996356898447 PSF -1 -1 -1 -1 1.9776753e-08 1.9776753e-08 1.9776753e-08 1.9776753e-08 1.9776753e-08 1.9776753e-08 1.9776753e-08 1.9776753e-08
270.2779346308019 65.72934298289078 PSF -1 -1 -1 -1 6.890937e-08 6.890937e-08 6.890937e-08 6.890937e-08 6.890937e-08 6.890937e-08 6.890937e-08 6.890937e-08
270.2624835842784 65.73185460506947 PSF -1 -1 -1 -1 9.076913e-09 9.076913e-09 9.076913e-09 9.076913e-09 9.076913e-09 9.076913e-09 9.076913e-09 9.076913e-09
270.3011163311847 65.73811604141342 PSF -1 -1 -1 -1 1.2331186e-08 1.2331186e-08 1.2331186e-08 1.2331186e-08 1.2331186e-08 1.2331186e-08 1.2331186e-08 1.2331186e-08
270.33812102558113 65.7243024721926 PSF -1 -1 -1 -1 9.949796e-07 9.949796e-07 9.949796e-07 9.949796e-07 9.949796e-07 9.949796e-07 9.949796e-07 9.949796e-07
270.2991394790243 65.75370515436616 PSF -1 -1 -1 -1 9.338258e-08 9.338258e-08 9.338258e-08 9.338258e-08 9.338258e-08 9.338258e-08 9.338258e-08 9.338258e-08
270.27224395770594 65.7394130329098 PSF -1 -1 -1 -1 5.35163e-07 5.35163e-07 5.35163e-07 5.35163e-07 5.35163e-07 5.35163e-07 5.35163e-07 5.35163e-07
270.2609425879116 65.74232896991955 PSF -1 -1 -1 -1 7.003082e-09 7.003082e-09 7.003082e-09 7.003082e-09 7.003082e-09 7.003082e-09 7.003082e-09 7.003082e-09
270.18534949663285 65.76552052123367 PSF -1 -1 -1 -1 2.7008142e-08 2.7008142e-08 2.7008142e-08 2.7008142e-08 2.7008142e-08 2.7008142e-08 2.7008142e-08 2.7008142e-08
270.2676397283457 65.74491681124883 PSF -1 -1 -1 -1 4.5872e-09 4.5872e-09 4.5872e-09 4.5872e-09 4.5872e-09 4.5872e-09 4.5872e-09 4.5872e-09
nan nan PSF -1 -1 -1 -1 1.7862477e-09 1.7862477e-09 1.7862477e-09 1.7862477e-09 1.7862477e-09 1.7862477e-09 1.7862477e-09 1.7862477e-09
270.2971352238965 65.73867224457956 PSF -1 -1 -1 -1 1.2037885e-08 1.2037885e-08 1.2037885e-08 1.2037885e-08 1.2037885e-08 1.2037885e-08 1.2037885e-08 1.2037885e-08
270.2940355761811 65.75457825992123 PSF -1 -1 -1 -1 4.7830945e-08 4.7830945e-08 4.7830945e-08 4.7830945e-08 4.7830945e-08 4.7830945e-08 4.7830945e-08 4.7830945e-08
270.28852479068917 65.75735669825183 PSF -1 -1 -1 -1 9.8476015e-08 9.8476015e-08 9.8476015e-08 9.8476015e-08 9.8476015e-08 9.8476015e-08 9.8476015e-08 9.8476015e-08
270.267551843489 65.75518368480255 PSF -1 -1 -1 -1 1.719275e-08 1.719275e-08 1.719275e-08 1.719275e-08 1.719275e-08 1.719275e-08 1.719275e-08 1.719275e-08
270.2902912085354 65.74554592751579 PSF -1 -1 -1 -1 1.0920267e-08 1.0920267e-08 1.0920267e-08 1.0920267e-08 1.0920267e-08 1.0920267e-08 1.0920267e-08 1.0920267e-08
270.2668017705883 65.75327756971485 PSF -1 -1 -1 -1 1.6036887e-07 1.6036887e-07 1.6036887e-07 1.6036887e-07 1.6036887e-07 1.6036887e-07 1.6036887e-07 1.6036887e-07
270.22106755151975 65.73760234424216 PSF -1 -1 -1 -1 1.2955322e-08 1.2955322e-08 1.2955322e-08 1.2955322e-08 1.2955322e-08 1.2955322e-08 1.2955322e-08 1.2955322e-08
270.21668560308507 65.73821455582232 PSF -1 -1 -1 -1 1.3066792e-08 1.3066792e-08 1.3066792e-08 1.3066792e-08 1.3066792e-08 1.3066792e-08 1.3066792e-08 1.3066792e-08
270.171061405085 65.76448056585626 PSF -1 -1 -1 -1 1.1281361e-08 1.1281361e-08 1.1281361e-08 1.1281361e-08 1.1281361e-08 1.1281361e-08 1.1281361e-08 1.1281361e-08
270.2475475701053 65.75171072361918 PSF -1 -1 -1 -1 3.2839317e-08 3.2839317e-08 3.2839317e-08 3.2839317e-08 3.2839317e-08 3.2839317e-08 3.2839317e-08 3.2839317e-08
270.2160370422823 65.75508432301626 PSF -1 -1 -1 -1 1.30698625e-08 1.30698625e-08 1.30698625e-08 1.30698625e-08 1.30698625e-08 1.30698625e-08 1.30698625e-08 1.30698625e-08
270.2303621449562 65.75848893380055 PSF -1 -1 -1 -1 6.8556267e-09 6.8556267e-09 6.8556267e-09 6.8556267e-09 6.8556267e-09 6.8556267e-09 6.8556267e-09 6.8556267e-09
270.21008013355834 65.76120222945053 PSF -1 -1 -1 -1 1.6543229e-08 1.6543229e-08 1.6543229e-08 1.6543229e-08 1.6543229e-08 1.6543229e-08 1.6543229e-08 1.6543229e-08
nan nan PSF -1 -1 -1 -1 3.654525e-09 3.654525e-09 3.654525e-09 3.654525e-09 3.654525e-09 3.654525e-09 3.654525e-09 3.654525e-09
270.210056225068 65.75691996196446 PSF -1 -1 -1 -1 1.2162181e-07 1.2162181e-07 1.2162181e-07 1.2162181e-07 1.2162181e-07 1.2162181e-07 1.2162181e-07 1.2162181e-07
270.20905168080026 65.77561471461411 PSF -1 -1 -1 -1 2.3565015e-08 2.3565015e-08 2.3565015e-08 2.3565015e-08 2.3565015e-08 2.3565015e-08 2.3565015e-08 2.3565015e-08
270.19886988525894 65.77296675979031 PSF -1 -1 -1 -1 1.8449942e-08 1.8449942e-08 1.8449942e-08 1.8449942e-08 1.8449942e-08 1.8449942e-08 1.8449942e-08 1.8449942e-08
270.3165871300493 65.75057288893137 PSF -1 -1 -1 -1 6.3160224e-09 6.3160224e-09 6.3160224e-09 6.3160224e-09 6.3160224e-09 6.3160224e-09 6.3160224e-09 6.3160224e-09
270.302300505639 65.77177363440785 PSF -1 -1 -1 -1 1.3275057e-07 1.3275057e-07 1.3275057e-07 1.3275057e-07 1.3275057e-07 1.3275057e-07 1.3275057e-07 1.3275057e-07
270.3390948903571 65.76406915286763 PSF -1 -1 -1 -1 2.8068753e-08 2.8068753e-08 2.8068753e-08 2.8068753e-08 2.8068753e-08 2.8068753e-08 2.8068753e-08 2.8068753e-08
nan nan PSF -1 -1 -1 -1 2.8691307e-09 2.8691307e-09 2.8691307e-09 2.8691307e-09 2.8691307e-09 2.8691307e-09 2.8691307e-09 2.8691307e-09
270.3124693746324 65.76509870936334 PSF -1 -1 -1 -1 5.4393987e-09 5.4393987e-09 5.4393987e-09 5.4393987e-09 5.4393987e-09 5.4393987e-09 5.4393987e-09 5.4393987e-09
270.27482606398746 65.76536931866748 PSF -1 -1 -1 -1 4.810819e-08 4.810819e-08 4.810819e-08 4.810819e-08 4.810819e-08 4.810819e-08 4.810819e-08 4.810819e-08
270.2572393480213 65.7713847105102 PSF -1 -1 -1 -1 8.325762e-08 8.325762e-08 8.325762e-08 8.325762e-08 8.325762e-08 8.325762e-08 8.325762e-08 8.325762e-08
270.28239020567435 65.7669017185668 PSF -1 -1 -1 -1 8.7860235e-09 8.7860235e-09 8.7860235e-09 8.7860235e-09 8.7860235e-09 8.7860235e-09 8.7860235e-09 8.7860235e-09
270.29908033768106 65.77762366349278 PSF -1 -1 -1 -1 7.357426e-08 7.357426e-08 7.357426e-08 7.357426e-08 7.357426e-08 7.357426e-08 7.357426e-08 7.357426e-08
nan nan PSF -1 -1 -1 -1 4.3008894e-09 4.3008894e-09 4.3008894e-09 4.3008894e-09 4.3008894e-09 4.3008894e-09 4.3008894e-09 4.3008894e-09
270.33122505261053 65.7756788363529 PSF -1 -1 -1 -1 5.0177174e-09 5.0177174e-09 5.0177174e-09 5.0177174e-09 5.0177174e-09 5.0177174e-09 5.0177174e-09 5.0177174e-09
270.34149458141485 65.77249164205475 PSF -1 -1 -1 -1 5.262422e-09 5.262422e-09 5.262422e-09 5.262422e-09 5.262422e-09 5.262422e-09 5.262422e-09 5.262422e-09
270.32619783229256 65.78668163577586 PSF -1 -1 -1 -1 1.8913484e-07 1.8913484e-07 1.8913484e-07 1.8913484e-07 1.8913484e-07 1.8913484e-07 1.8913484e-07 1.8913484e-07
nan nan PSF -1 -1 -1 -1 4.396291e-09 4.396291e-09 4.396291e-09 4.396291e-09 4.396291e-09 4.396291e-09 4.396291e-09 4.396291e-09
270.2758845406589 65.79560849085215 PSF -1 -1 -1 -1 2.3346063e-06 2.3346063e-06 2.3346063e-06 2.3346063e-06 2.3346063e-06 2.3346063e-06 2.3346063e-06 2.3346063e-06
270.2950456821713 65.79241362997848 PSF -1 -1 -1 -1 7.563921e-09 7.563921e-09 7.563921e-09 7.563921e-09 7.563921e-09 7.563921e-09 7.563921e-09 7.563921e-09
nan nan PSF -1 -1 -1 -1 3.6196313e-09 3.6196313e-09 3.6196313e-09 3.6196313e-09 3.6196313e-09 3.6196313e-09 3.6196313e-09 3.6196313e-09
270.2409042937251 65.77112217884397 PSF -1 -1 -1 -1 1.2688791e-08 1.2688791e-08 1.2688791e-08 1.2688791e-08 1.2688791e-08 1.2688791e-08 1.2688791e-08 1.2688791e-08
270.2523164373716 65.78150368763997 PSF -1 -1 -1 -1 6.327065e-08 6.327065e-08 6.327065e-08 6.327065e-08 6.327065e-08 6.327065e-08 6.327065e-08 6.327065e-08
270.1943502569131 65.79504904581952 PSF -1 -1 -1 -1 1.296917e-08 1.296917e-08 1.296917e-08 1.296917e-08 1.296917e-08 1.296917e-08 1.296917e-08 1.296917e-08
270.21100301312174 65.78600091200076 PSF -1 -1 -1 -1 8.104633e-09 8.104633e-09 8.104633e-09 8.104633e-09 8.104633e-09 8.104633e-09 8.104633e-09 8.104633e-09
nan nan PSF -1 -1 -1 -1 4.0203094e-09 4.0203094e-09 4.0203094e-09 4.0203094e-09 4.0203094e-09 4.0203094e-09 4.0203094e-09 4.0203094e-09
270.25435873661615 65.79478712787125 PSF -1 -1 -1 -1 9.487908e-08 9.487908e-08 9.487908e-08 9.487908e-08 9.487908e-08 9.487908e-08 9.487908e-08 9.487908e-08
270.250856707961 65.81049891163303 PSF -1 -1 -1 -1 3.1550744e-08 3.1550744e-08 3.1550744e-08 3.1550744e-08 3.1550744e-08 3.1550744e-08 3.1550744e-08 3.1550744e-08
270.23555688671416 65.81504577226532 PSF -1 -1 -1 -1 8.2708125e-09 8.2708125e-09 8.2708125e-09 8.2708125e-09 8.2708125e-09 8.2708125e-09 8.2708125e-09 8.2708125e-09
270.19643383974915 65.82336876040438 PSF -1 -1 -1 -1 3.3528046e-08 3.3528046e-08 3.3528046e-08 3.3528046e-08 3.3528046e-08 3.3528046e-08 3.3528046e-08 3.3528046e-08
270.1762963170459 65.83484325959824 PSF -1 -1 -1 -1 7.7783975e-09 7.7783975e-09 7.7783975e-09 7.7783975e-09 7.7783975e-09 7.7783975e-09 7.7783975e-09 7.7783975e-09
270.15293334795615 65.74954955107437 PSF -1 -1 -1 -1 1.3844745e-07 1.3844745e-07 1.3844745e-07 1.3844745e-07 1.3844745e-07 1.3844745e-07 1.3844745e-07 1.3844745e-07
270.1320531338185 65.76577113165631 PSF -1 -1 -1 -1 7.409829e-09 7.409829e-09 7.409829e-09 7.409829e-09 7.409829e-09 7.409829e-09 7.409829e-09 7.409829e-09
nan nan PSF -1 -1 -1 -1 6.1677508e-09 6.1677508e-09 6.1677508e-09 6.1677508e-09 6.1677508e-09 6.1677508e-09 6.1677508e-09 6.1677508e-09
270.1147093316956 65.76500507587532 PSF -1 -1 -1 -1 2.0184609e-07 2.0184609e-07 2.0184609e-07 2.0184609e-07 2.0184609e-07 2.0184609e-07 2.0184609e-07 2.0184609e-07
270.11796515200666 65.76615652496244 PSF -1 -1 -1 -1 1.0780385e-06 1.0780385e-06 1.0780385e-06 1.0780385e-06 1.0780385e-06 1.0780385e-06 1.0780385e-06 1.0780385e-06
270.11005113525783 65.77729091591243 PSF -1 -1 -1 -1 8.702019e-08 8.702019e-08 8.702019e-08 8.702019e-08 8.702019e-08 8.702019e-08 8.702019e-08 8.702019e-08
270.1041798501273 65.78262356885291 PSF -1 -1 -1 -1 6.4063136e-07 6.4063136e-07 6.4063136e-07 6.4063136e-07 6.4063136e-07 6.4063136e-07 6.4063136e-07 6.4063136e-07
270.15494917580173 65.78788289618737 PSF -1 -1 -1 -1 7.3264874e-09 7.3264874e-09 7.3264874e-09 7.3264874e-09 7.3264874e-09 7.3264874e-09 7.3264874e-09 7.3264874e-09
270.08928816865495 65.79254364620729 PSF -1 -1 -1 -1 3.750643e-08 3.750643e-08 3.750643e-08 3.750643e-08 3.750643e-08 3.750643e-08 3.750643e-08 3.750643e-08
270.0705589130576 65.77943519616393 PSF -1 -1 -1 -1 6.909279e-09 6.909279e-09 6.909279e-09 6.909279e-09 6.909279e-09 6.909279e-09 6.909279e-09 6.909279e-09
270.0811090179681 65.77248283526973 PSF -1 -1 -1 -1 5.4128395e-09 5.4128395e-09 5.4128395e-09 5.4128395e-09 5.4128395e-09 5.4128395e-09 5.4128395e-09 5.4128395e-09
270.05671805264984 65.77893935173661 PSF -1 -1 -1 -1 5.3492566e-09 5.3492566e-09 5.3492566e-09 5.3492566e-09 5.3492566e-09 5.3492566e-09 5.3492566e-09 5.3492566e-09
270.0691140134518 65.7896860332437 PSF -1 -1 -1 -1 2.6118935e-08 2.6118935e-08 2.6118935e-08 2.6118935e-08 2.6118935e-08 2.6118935e-08 2.6118935e-08 2.6118935e-08
nan nan PSF -1 -1 -1 -1 3.8704284e-09 3.8704284e-09 3.8704284e-09 3.8704284e-09 3.8704284e-09 3.8704284e-09 3.8704284e-09 3.8704284e-09
270.0227873045802 65.78807187427759 PSF -1 -1 -1 -1 4.393753e-06 4.393753e-06 4.393753e-06 4.393753e-06 4.393753e-06 4.393753e-06 4.393753e-06 4.393753e-06
270.0124231702986 65.80125782168267 PSF -1 -1 -1 -1 2.048474e-07 2.048474e-07 2.048474e-07 2.048474e-07 2.048474e-07 2.048474e-07 2.048474e-07 2.048474e-07
270.0680867978635 65.79992961788774 PSF -1 -1 -1 -1 1.9740371e-08 1.9740371e-08 1.9740371e-08 1.9740371e-08 1.9740371e-08 1.9740371e-08 1.9740371e-08 1.9740371e-08
270.0751487863 65.80847812533906 PSF -1 -1 -1 -1 1.6483813e-08 1.6483813e-08 1.6483813e-08 1.6483813e-08 1.6483813e-08 1.6483813e-08 1.6483813e-08 1.6483813e-08
270.0267701121449 65.81377582044837 PSF -1 -1 -1 -1 1.7794923e-08 1.7794923e-08 1.7794923e-08 1.7794923e-08 1.7794923e-08 1.7794923e-08 1.7794923e-08 1.7794923e-08
270.02056869331733 65.80852748634655 PSF -1 -1 -1 -1 6.185709e-09 6.185709e-09 6.185709e-09 6.185709e-09 6.185709e-09 6.185709e-09 6.185709e-09 6.185709e-09
270.006631315575 65.82032019140382 PSF -1 -1 -1 -1 2.1176413e-06 2.1176413e-06 2.1176413e-06 2.1176413e-06 2.1176413e-06 2.1176413e-06 2.1176413e-06 2.1176413e-06
270.0132946730158 65.8244530291863 PSF -1 -1 -1 -1 6.38156e-07 6.38156e-07 6.38156e-07 6.38156e-07 6.38156e-07 6.38156e-07 6.38156e-07 6.38156e-07
270.00983690654124 65.82783853428509 PSF -1 -1 -1 -1 8.727193e-07 8.727193e-07 8.727193e-07 8.727193e-07 8.727193e-07 8.727193e-07 8.727193e-07 8.727193e-07
270.1420378261108 65.80892675102918 PSF -1 -1 -1 -1 3.671114e-08 3.671114e-08 3.671114e-08 3.671114e-08 3.671114e-08 3.671114e-08 3.671114e-08 3.671114e-08
270.159101459366 65.79357436555456 PSF -1 -1 -1 -1 1.3258101e-08 1.3258101e-08 1.3258101e-08 1.3258101e-08 1.3258101e-08 1.3258101e-08 1.3258101e-08 1.3258101e-08
270.16790377829693 65.8053685323561 PSF -1 -1 -1 -1 9.837174e-09 9.837174e-09 9.837174e-09 9.837174e-09 9.837174e-09 9.837174e-09 9.837174e-09 9.837174e-09
270.15383443964026 65.81313331381347 PSF -1 -1 -1 -1 6.420665e-09 6.420665e-09 6.420665e-09 6.420665e-09 6.420665e-09 6.420665e-09 6.420665e-09 6.420665e-09
