romanisim/data/gaia-270-66-2027-06-01.ecsv
# %ECSV 1.0
# ---
# datatype:
# - {name: ra, datatype: float64}
# - {name: dec, datatype: float64}
# - {name: type, datatype: string}
# - {name: n, datatype: int64}
# - {name: half_light_radius, datatype: int64}
# - {name: pa, datatype: int64}
# - {name: ba, datatype: int64}
# - {name: F184, datatype: float32}
# - {name: F213, datatype: float32}
# - {name: F062, datatype: float32}
# - {name: F158, datatype: float32}
# - {name: F106, datatype: float32}
# - {name: F087, datatype: float32}
# - {name: F146, datatype: float32}
# - {name: F129, datatype: float32}
# schema: astropy-2.0
ra dec type n half_light_radius pa ba F184 F213 F062 F158 F106 F087 F146 F129
[from data line 10734]
268.46382669190217 66.55431904105895 PSF -1 -1 -1 -1 1.1238141e-08 1.1238141e-08 1.1238141e-08 1.1238141e-08 1.1238141e-08 1.1238141e-08 1.1238141e-08 1.1238141e-08
268.4599654766654 66.55619558553997 PSF -1 -1 -1 -1 4.984158e-09 4.984158e-09 4.984158e-09 4.984158e-09 4.984158e-09 4.984158e-09 4.984158e-09 4.984158e-09
268.4568882222163 66.55091032065921 PSF -1 -1 -1 -1 9.915618e-09 9.915618e-09 9.915618e-09 9.915618e-09 9.915618e-09 9.915618e-09 9.915618e-09 9.915618e-09
268.4592285338795 66.55029609089866 PSF -1 -1 -1 -1 8.8403084e-08 8.8403084e-08 8.8403084e-08 8.8403084e-08 8.8403084e-08 8.8403084e-08 8.8403084e-08 8.8403084e-08
268.4687876380112 66.55924103958054 PSF -1 -1 -1 -1 6.373417e-08 6.373417e-08 6.373417e-08 6.373417e-08 6.373417e-08 6.373417e-08 6.373417e-08 6.373417e-08
268.4894764957263 66.57487946049494 PSF -1 -1 -1 -1 4.7906785e-09 4.7906785e-09 4.7906785e-09 4.7906785e-09 4.7906785e-09 4.7906785e-09 4.7906785e-09 4.7906785e-09
268.474921109648 66.57685791880351 PSF -1 -1 -1 -1 2.8401575e-06 2.8401575e-06 2.8401575e-06 2.8401575e-06 2.8401575e-06 2.8401575e-06 2.8401575e-06 2.8401575e-06
nan nan PSF -1 -1 -1 -1 2.7809481e-09 2.7809481e-09 2.7809481e-09 2.7809481e-09 2.7809481e-09 2.7809481e-09 2.7809481e-09 2.7809481e-09
268.50784750026264 66.57640893533971 PSF -1 -1 -1 -1 8.464863e-09 8.464863e-09 8.464863e-09 8.464863e-09 8.464863e-09 8.464863e-09 8.464863e-09 8.464863e-09
268.50140925909045 66.58217332924386 PSF -1 -1 -1 -1 1.748038e-08 1.748038e-08 1.748038e-08 1.748038e-08 1.748038e-08 1.748038e-08 1.748038e-08 1.748038e-08
268.4251657804296 66.56721663573784 PSF -1 -1 -1 -1 7.829671e-09 7.829671e-09 7.829671e-09 7.829671e-09 7.829671e-09 7.829671e-09 7.829671e-09 7.829671e-09
nan nan PSF -1 -1 -1 -1 2.3723945e-09 2.3723945e-09 2.3723945e-09 2.3723945e-09 2.3723945e-09 2.3723945e-09 2.3723945e-09 2.3723945e-09
268.44429787275993 66.58199024131164 PSF -1 -1 -1 -1 4.0570384e-08 4.0570384e-08 4.0570384e-08 4.0570384e-08 4.0570384e-08 4.0570384e-08 4.0570384e-08 4.0570384e-08
268.45854832233596 66.58803025778067 PSF -1 -1 -1 -1 7.0290116e-09 7.0290116e-09 7.0290116e-09 7.0290116e-09 7.0290116e-09 7.0290116e-09 7.0290116e-09 7.0290116e-09
268.4887196651166 66.60145358899823 PSF -1 -1 -1 -1 8.9434815e-07 8.9434815e-07 8.9434815e-07 8.9434815e-07 8.9434815e-07 8.9434815e-07 8.9434815e-07 8.9434815e-07
268.524985313178 66.59469098497725 PSF -1 -1 -1 -1 1.6204646e-06 1.6204646e-06 1.6204646e-06 1.6204646e-06 1.6204646e-06 1.6204646e-06 1.6204646e-06 1.6204646e-06
268.5284941931523 66.61284241086659 PSF -1 -1 -1 -1 5.5759246e-09 5.5759246e-09 5.5759246e-09 5.5759246e-09 5.5759246e-09 5.5759246e-09 5.5759246e-09 5.5759246e-09
268.55653499604637 66.617168418843 PSF -1 -1 -1 -1 4.7333124e-09 4.7333124e-09 4.7333124e-09 4.7333124e-09 4.7333124e-09 4.7333124e-09 4.7333124e-09 4.7333124e-09
268.54261205215766 66.61073262046294 PSF -1 -1 -1 -1 6.641302e-08 6.641302e-08 6.641302e-08 6.641302e-08 6.641302e-08 6.641302e-08 6.641302e-08 6.641302e-08
268.54587409661514 66.60856403492411 PSF -1 -1 -1 -1 2.1778571e-07 2.1778571e-07 2.1778571e-07 2.1778571e-07 2.1778571e-07 2.1778571e-07 2.1778571e-07 2.1778571e-07
267.78424034835047 66.41721634812612 PSF -1 -1 -1 -1 8.372431e-09 8.372431e-09 8.372431e-09 8.372431e-09 8.372431e-09 8.372431e-09 8.372431e-09 8.372431e-09
267.7898697258251 66.41940734154973 PSF -1 -1 -1 -1 6.8471864e-09 6.8471864e-09 6.8471864e-09 6.8471864e-09 6.8471864e-09 6.8471864e-09 6.8471864e-09 6.8471864e-09
267.7706198288533 66.42744419424469 PSF -1 -1 -1 -1 1.7354489e-05 1.7354489e-05 1.7354489e-05 1.7354489e-05 1.7354489e-05 1.7354489e-05 1.7354489e-05 1.7354489e-05
267.7604492467763 66.42766326567961 PSF -1 -1 -1 -1 8.4938545e-09 8.4938545e-09 8.4938545e-09 8.4938545e-09 8.4938545e-09 8.4938545e-09 8.4938545e-09 8.4938545e-09
267.8443577337197 66.43807130811133 PSF -1 -1 -1 -1 4.0690654e-08 4.0690654e-08 4.0690654e-08 4.0690654e-08 4.0690654e-08 4.0690654e-08 4.0690654e-08 4.0690654e-08
267.8229771246091 66.43205976025874 PSF -1 -1 -1 -1 9.3402164e-08 9.3402164e-08 9.3402164e-08 9.3402164e-08 9.3402164e-08 9.3402164e-08 9.3402164e-08 9.3402164e-08
267.8542234465714 66.433884226692 PSF -1 -1 -1 -1 9.1924113e-07 9.1924113e-07 9.1924113e-07 9.1924113e-07 9.1924113e-07 9.1924113e-07 9.1924113e-07 9.1924113e-07
267.8634338303339 66.44612488005879 PSF -1 -1 -1 -1 3.1614064e-08 3.1614064e-08 3.1614064e-08 3.1614064e-08 3.1614064e-08 3.1614064e-08 3.1614064e-08 3.1614064e-08
267.84994972768254 66.43844381168361 PSF -1 -1 -1 -1 2.207398e-07 2.207398e-07 2.207398e-07 2.207398e-07 2.207398e-07 2.207398e-07 2.207398e-07 2.207398e-07
267.8583537744133 66.43839997764682 PSF -1 -1 -1 -1 2.6671463e-08 2.6671463e-08 2.6671463e-08 2.6671463e-08 2.6671463e-08 2.6671463e-08 2.6671463e-08 2.6671463e-08
267.8260459907727 66.43861335426026 PSF -1 -1 -1 -1 9.4420164e-07 9.4420164e-07 9.4420164e-07 9.4420164e-07 9.4420164e-07 9.4420164e-07 9.4420164e-07 9.4420164e-07
267.87791230909136 66.46319496189523 PSF -1 -1 -1 -1 1.1498907e-08 1.1498907e-08 1.1498907e-08 1.1498907e-08 1.1498907e-08 1.1498907e-08 1.1498907e-08 1.1498907e-08
267.79401503491215 66.44982653162806 PSF -1 -1 -1 -1 8.005791e-09 8.005791e-09 8.005791e-09 8.005791e-09 8.005791e-09 8.005791e-09 8.005791e-09 8.005791e-09
267.77944676497924 66.43972596549557 PSF -1 -1 -1 -1 7.192869e-08 7.192869e-08 7.192869e-08 7.192869e-08 7.192869e-08 7.192869e-08 7.192869e-08 7.192869e-08
267.8362706935443 66.45617372603589 PSF -1 -1 -1 -1 9.0276755e-09 9.0276755e-09 9.0276755e-09 9.0276755e-09 9.0276755e-09 9.0276755e-09 9.0276755e-09 9.0276755e-09
267.8696711159954 66.46553773318355 PSF -1 -1 -1 -1 1.3909347e-07 1.3909347e-07 1.3909347e-07 1.3909347e-07 1.3909347e-07 1.3909347e-07 1.3909347e-07 1.3909347e-07
nan nan PSF -1 -1 -1 -1 3.8540766e-09 3.8540766e-09 3.8540766e-09 3.8540766e-09 3.8540766e-09 3.8540766e-09 3.8540766e-09 3.8540766e-09
267.88277109796303 66.49599741741658 PSF -1 -1 -1 -1 4.083078e-08 4.083078e-08 4.083078e-08 4.083078e-08 4.083078e-08 4.083078e-08 4.083078e-08 4.083078e-08
268.25353443716835 66.54636955621915 PSF -1 -1 -1 -1 1.0337925e-08 1.0337925e-08 1.0337925e-08 1.0337925e-08 1.0337925e-08 1.0337925e-08 1.0337925e-08 1.0337925e-08
267.91691748321296 66.45689650489152 PSF -1 -1 -1 -1 3.5427206e-07 3.5427206e-07 3.5427206e-07 3.5427206e-07 3.5427206e-07 3.5427206e-07 3.5427206e-07 3.5427206e-07
267.9258426845387 66.45527943599025 PSF -1 -1 -1 -1 2.9004303e-08 2.9004303e-08 2.9004303e-08 2.9004303e-08 2.9004303e-08 2.9004303e-08 2.9004303e-08 2.9004303e-08
nan nan PSF -1 -1 -1 -1 4.0515675e-09 4.0515675e-09 4.0515675e-09 4.0515675e-09 4.0515675e-09 4.0515675e-09 4.0515675e-09 4.0515675e-09
267.89315657733795 66.4601736937453 PSF -1 -1 -1 -1 1.7065315e-07 1.7065315e-07 1.7065315e-07 1.7065315e-07 1.7065315e-07 1.7065315e-07 1.7065315e-07 1.7065315e-07
267.93838887624605 66.47694625849711 PSF -1 -1 -1 -1 4.505923e-09 4.505923e-09 4.505923e-09 4.505923e-09 4.505923e-09 4.505923e-09 4.505923e-09 4.505923e-09
nan nan PSF -1 -1 -1 -1 3.9657797e-09 3.9657797e-09 3.9657797e-09 3.9657797e-09 3.9657797e-09 3.9657797e-09 3.9657797e-09 3.9657797e-09
267.9687983260522 66.47880221845273 PSF -1 -1 -1 -1 1.2544767e-07 1.2544767e-07 1.2544767e-07 1.2544767e-07 1.2544767e-07 1.2544767e-07 1.2544767e-07 1.2544767e-07
267.9926116565945 66.47371625624643 PSF -1 -1 -1 -1 2.6570683e-08 2.6570683e-08 2.6570683e-08 2.6570683e-08 2.6570683e-08 2.6570683e-08 2.6570683e-08 2.6570683e-08
267.99945097007225 66.47430323492397 PSF -1 -1 -1 -1 3.197969e-08 3.197969e-08 3.197969e-08 3.197969e-08 3.197969e-08 3.197969e-08 3.197969e-08 3.197969e-08
268.0086578471966 66.47824857506123 PSF -1 -1 -1 -1 1.0588179e-08 1.0588179e-08 1.0588179e-08 1.0588179e-08 1.0588179e-08 1.0588179e-08 1.0588179e-08 1.0588179e-08
268.04732400267625 66.49445049962091 PSF -1 -1 -1 -1 1.1520289e-08 1.1520289e-08 1.1520289e-08 1.1520289e-08 1.1520289e-08 1.1520289e-08 1.1520289e-08 1.1520289e-08
268.0261327097831 66.48391363987383 PSF -1 -1 -1 -1 4.137971e-07 4.137971e-07 4.137971e-07 4.137971e-07 4.137971e-07 4.137971e-07 4.137971e-07 4.137971e-07
268.04055017141104 66.48949140451478 PSF -1 -1 -1 -1 7.0125076e-08 7.0125076e-08 7.0125076e-08 7.0125076e-08 7.0125076e-08 7.0125076e-08 7.0125076e-08 7.0125076e-08
nan nan PSF -1 -1 -1 -1 2.7461395e-09 2.7461395e-09 2.7461395e-09 2.7461395e-09 2.7461395e-09 2.7461395e-09 2.7461395e-09 2.7461395e-09
267.9813862548299 66.48055581689343 PSF -1 -1 -1 -1 1.144643e-07 1.144643e-07 1.144643e-07 1.144643e-07 1.144643e-07 1.144643e-07 1.144643e-07 1.144643e-07
268.04805517654097 66.50447253851578 PSF -1 -1 -1 -1 6.588407e-08 6.588407e-08 6.588407e-08 6.588407e-08 6.588407e-08 6.588407e-08 6.588407e-08 6.588407e-08
267.95054276971166 66.48545443320849 PSF -1 -1 -1 -1 1.26753825e-08 1.26753825e-08 1.26753825e-08 1.26753825e-08 1.26753825e-08 1.26753825e-08 1.26753825e-08 1.26753825e-08
267.9101984347455 66.48714567906315 PSF -1 -1 -1 -1 1.3280246e-08 1.3280246e-08 1.3280246e-08 1.3280246e-08 1.3280246e-08 1.3280246e-08 1.3280246e-08 1.3280246e-08
267.89198892079804 66.48699447276482 PSF -1 -1 -1 -1 5.2598343e-09 5.2598343e-09 5.2598343e-09 5.2598343e-09 5.2598343e-09 5.2598343e-09 5.2598343e-09 5.2598343e-09
nan nan PSF -1 -1 -1 -1 4.2783483e-09 4.2783483e-09 4.2783483e-09 4.2783483e-09 4.2783483e-09 4.2783483e-09 4.2783483e-09 4.2783483e-09
267.9332974310328 66.4965409776417 PSF -1 -1 -1 -1 1.45698795e-08 1.45698795e-08 1.45698795e-08 1.45698795e-08 1.45698795e-08 1.45698795e-08 1.45698795e-08 1.45698795e-08
268.01615040431204 66.50698371391333 PSF -1 -1 -1 -1 5.8960508e-09 5.8960508e-09 5.8960508e-09 5.8960508e-09 5.8960508e-09 5.8960508e-09 5.8960508e-09 5.8960508e-09
268.0567422674284 66.52065756272403 PSF -1 -1 -1 -1 5.773952e-08 5.773952e-08 5.773952e-08 5.773952e-08 5.773952e-08 5.773952e-08 5.773952e-08 5.773952e-08
268.03520756528735 66.51580961185527 PSF -1 -1 -1 -1 4.9527036e-09 4.9527036e-09 4.9527036e-09 4.9527036e-09 4.9527036e-09 4.9527036e-09 4.9527036e-09 4.9527036e-09
nan nan PSF -1 -1 -1 -1 3.4984886e-09 3.4984886e-09 3.4984886e-09 3.4984886e-09 3.4984886e-09 3.4984886e-09 3.4984886e-09 3.4984886e-09
268.0317806971981 66.52463124085402 PSF -1 -1 -1 -1 6.551143e-08 6.551143e-08 6.551143e-08 6.551143e-08 6.551143e-08 6.551143e-08 6.551143e-08 6.551143e-08
268.05602784492 66.52973586688938 PSF -1 -1 -1 -1 8.381205e-07 8.381205e-07 8.381205e-07 8.381205e-07 8.381205e-07 8.381205e-07 8.381205e-07 8.381205e-07
268.0919028252254 66.50672753256256 PSF -1 -1 -1 -1 7.7918685e-09 7.7918685e-09 7.7918685e-09 7.7918685e-09 7.7918685e-09 7.7918685e-09 7.7918685e-09 7.7918685e-09
268.11428661404796 66.51323698826924 PSF -1 -1 -1 -1 1.4213511e-08 1.4213511e-08 1.4213511e-08 1.4213511e-08 1.4213511e-08 1.4213511e-08 1.4213511e-08 1.4213511e-08
268.07083214623174 66.51300653244702 PSF -1 -1 -1 -1 5.1325126e-09 5.1325126e-09 5.1325126e-09 5.1325126e-09 5.1325126e-09 5.1325126e-09 5.1325126e-09 5.1325126e-09
nan nan PSF -1 -1 -1 -1 2.1169393e-09 2.1169393e-09 2.1169393e-09 2.1169393e-09 2.1169393e-09 2.1169393e-09 2.1169393e-09 2.1169393e-09
268.0919992778028 66.51039544969953 PSF -1 -1 -1 -1 1.1826492e-08 1.1826492e-08 1.1826492e-08 1.1826492e-08 1.1826492e-08 1.1826492e-08 1.1826492e-08 1.1826492e-08
268.14234643066374 66.52761657622432 PSF -1 -1 -1 -1 6.204891e-09 6.204891e-09 6.204891e-09 6.204891e-09 6.204891e-09 6.204891e-09 6.204891e-09 6.204891e-09
268.1080047323285 66.51896380073802 PSF -1 -1 -1 -1 2.0404961e-08 2.0404961e-08 2.0404961e-08 2.0404961e-08 2.0404961e-08 2.0404961e-08 2.0404961e-08 2.0404961e-08
268.15818145502243 66.51725697646735 PSF -1 -1 -1 -1 4.2049532e-08 4.2049532e-08 4.2049532e-08 4.2049532e-08 4.2049532e-08 4.2049532e-08 4.2049532e-08 4.2049532e-08
268.1980642321811 66.53251677198922 PSF -1 -1 -1 -1 3.289901e-08 3.289901e-08 3.289901e-08 3.289901e-08 3.289901e-08 3.289901e-08 3.289901e-08 3.289901e-08
268.22403768743254 66.54194643999598 PSF -1 -1 -1 -1 5.3656265e-07 5.3656265e-07 5.3656265e-07 5.3656265e-07 5.3656265e-07 5.3656265e-07 5.3656265e-07 5.3656265e-07
268.1599540981721 66.5329688886172 PSF -1 -1 -1 -1 4.999987e-09 4.999987e-09 4.999987e-09 4.999987e-09 4.999987e-09 4.999987e-09 4.999987e-09 4.999987e-09
nan nan PSF -1 -1 -1 -1 3.8532217e-09 3.8532217e-09 3.8532217e-09 3.8532217e-09 3.8532217e-09 3.8532217e-09 3.8532217e-09 3.8532217e-09
268.1782155279751 66.54482044691066 PSF -1 -1 -1 -1 1.4548492e-07 1.4548492e-07 1.4548492e-07 1.4548492e-07 1.4548492e-07 1.4548492e-07 1.4548492e-07 1.4548492e-07
268.1983836812101 66.54155433641418 PSF -1 -1 -1 -1 1.827619e-08 1.827619e-08 1.827619e-08 1.827619e-08 1.827619e-08 1.827619e-08 1.827619e-08 1.827619e-08
268.20216830481485 66.547708329522 PSF -1 -1 -1 -1 6.2612e-09 6.2612e-09 6.2612e-09 6.2612e-09 6.2612e-09 6.2612e-09 6.2612e-09 6.2612e-09
nan nan PSF -1 -1 -1 -1 3.401299e-09 3.401299e-09 3.401299e-09 3.401299e-09 3.401299e-09 3.401299e-09 3.401299e-09 3.401299e-09
268.0794494063714 66.52659804914583 PSF -1 -1 -1 -1 7.709645e-09 7.709645e-09 7.709645e-09 7.709645e-09 7.709645e-09 7.709645e-09 7.709645e-09 7.709645e-09
268.1032343160312 66.52761018344238 PSF -1 -1 -1 -1 2.0213706e-07 2.0213706e-07 2.0213706e-07 2.0213706e-07 2.0213706e-07 2.0213706e-07 2.0213706e-07 2.0213706e-07
268.09744666239857 66.54185831361349 PSF -1 -1 -1 -1 8.277717e-09 8.277717e-09 8.277717e-09 8.277717e-09 8.277717e-09 8.277717e-09 8.277717e-09 8.277717e-09
268.06502922235336 66.52896645509664 PSF -1 -1 -1 -1 4.912562e-07 4.912562e-07 4.912562e-07 4.912562e-07 4.912562e-07 4.912562e-07 4.912562e-07 4.912562e-07
268.119072847545 66.54583565118676 PSF -1 -1 -1 -1 4.7284455e-08 4.7284455e-08 4.7284455e-08 4.7284455e-08 4.7284455e-08 4.7284455e-08 4.7284455e-08 4.7284455e-08
nan nan PSF -1 -1 -1 -1 2.84874e-09 2.84874e-09 2.84874e-09 2.84874e-09 2.84874e-09 2.84874e-09 2.84874e-09 2.84874e-09
268.2227024819739 66.56975193217056 PSF -1 -1 -1 -1 1.4913732e-08 1.4913732e-08 1.4913732e-08 1.4913732e-08 1.4913732e-08 1.4913732e-08 1.4913732e-08 1.4913732e-08
268.1931793757735 66.56816332938594 PSF -1 -1 -1 -1 8.2758994e-08 8.2758994e-08 8.2758994e-08 8.2758994e-08 8.2758994e-08 8.2758994e-08 8.2758994e-08 8.2758994e-08
267.9710098614278 66.52221010437813 PSF -1 -1 -1 -1 1.21718e-08 1.21718e-08 1.21718e-08 1.21718e-08 1.21718e-08 1.21718e-08 1.21718e-08 1.21718e-08
267.9293466882816 66.51320011693713 PSF -1 -1 -1 -1 8.191087e-08 8.191087e-08 8.191087e-08 8.191087e-08 8.191087e-08 8.191087e-08 8.191087e-08 8.191087e-08
267.9578231644212 66.51426626575599 PSF -1 -1 -1 -1 3.347938e-06 3.347938e-06 3.347938e-06 3.347938e-06 3.347938e-06 3.347938e-06 3.347938e-06 3.347938e-06
267.89130624208394 66.50373894861877 PSF -1 -1 -1 -1 5.412459e-08 5.412459e-08 5.412459e-08 5.412459e-08 5.412459e-08 5.412459e-08 5.412459e-08 5.412459e-08
267.9915524029451 66.52992104055936 PSF -1 -1 -1 -1 3.5215692e-07 3.5215692e-07 3.5215692e-07 3.5215692e-07 3.5215692e-07 3.5215692e-07 3.5215692e-07 3.5215692e-07
268.02683504772574 66.5340232580074 PSF -1 -1 -1 -1 3.4049386e-08 3.4049386e-08 3.4049386e-08 3.4049386e-08 3.4049386e-08 3.4049386e-08 3.4049386e-08 3.4049386e-08
268.0230164772062 66.53199928417722 PSF -1 -1 -1 -1 4.4677932e-09 4.4677932e-09 4.4677932e-09 4.4677932e-09 4.4677932e-09 4.4677932e-09 4.4677932e-09 4.4677932e-09
268.00457943103817 66.53567069245787 PSF -1 -1 -1 -1 6.2367467e-09 6.2367467e-09 6.2367467e-09 6.2367467e-09 6.2367467e-09 6.2367467e-09 6.2367467e-09 6.2367467e-09
nan nan PSF -1 -1 -1 -1 3.908864e-09 3.908864e-09 3.908864e-09 3.908864e-09 3.908864e-09 3.908864e-09 3.908864e-09 3.908864e-09
267.9932196524895 66.53514439831186 PSF -1 -1 -1 -1 6.3015314e-08 6.3015314e-08 6.3015314e-08 6.3015314e-08 6.3015314e-08 6.3015314e-08 6.3015314e-08 6.3015314e-08
268.0231302371621 66.5454879134727 PSF -1 -1 -1 -1 2.5966587e-08 2.5966587e-08 2.5966587e-08 2.5966587e-08 2.5966587e-08 2.5966587e-08 2.5966587e-08 2.5966587e-08
