romanisim/data/roman-technical-information/data/WideFieldInstrument/Imaging/EffectiveAreas/Roman_effarea_v8_SCA02_20240301.ecsv
# %ECSV 1.0
# ---
# Effective area for Roman (m^2) - parameters as of 2024 03 01
# datatype:
# - {name: Wave, datatype: float32}
# - {name: F062, datatype: float32}
# - {name: F087, datatype: float32}
# - {name: F106, datatype: float32}
# - {name: F129, datatype: float32}
# - {name: F158, datatype: float32}
# - {name: F184, datatype: float32}
# - {name: F146, datatype: float32}
# - {name: F213, datatype: float32}
# - {name: Prism, datatype: float32}
# - {name: Grism_1stOrder, datatype: float32}
# - {name: Grism_0thOrder, datatype: float32}
# schema: astropy-2.0
Wave, F062, F087, F106, F129, F158, F184, F146, F213, Prism, Grism_1stOrder, Grism_0thOrder
[from data line 1075]
     1.475,    0.0000,    0.0000,    0.0000,    0.0000,    2.4908,    0.0000,    2.4908,    0.0000,    2.3746,     2.0563,     0.0003
     1.476,    0.0000,    0.0000,    0.0000,    0.0000,    2.4914,    0.0000,    2.4914,    0.0000,    2.3751,     2.0551,     0.0003
     1.477,    0.0000,    0.0000,    0.0000,    0.0000,    2.4921,    0.0000,    2.4921,    0.0000,    2.3758,     2.0541,     0.0003
     1.478,    0.0000,    0.0000,    0.0000,    0.0000,    2.4929,    0.0000,    2.4929,    0.0000,    2.3766,     2.0531,     0.0003
     1.479,    0.0000,    0.0000,    0.0000,    0.0000,    2.4937,    0.0000,    2.4937,    0.0000,    2.3773,     2.0521,     0.0003
     1.480,    0.0000,    0.0000,    0.0000,    0.0000,    2.4946,    0.0000,    2.4946,    0.0000,    2.3782,     2.0511,     0.0003
     1.481,    0.0000,    0.0000,    0.0000,    0.0000,    2.4956,    0.0000,    2.4956,    0.0000,    2.3791,     2.0503,     0.0003
     1.482,    0.0000,    0.0000,    0.0000,    0.0000,    2.4965,    0.0000,    2.4965,    0.0000,    2.3800,     2.0494,     0.0003
     1.483,    0.0000,    0.0000,    0.0000,    0.0000,    2.4971,    0.0000,    2.4971,    0.0000,    2.3806,     2.0482,     0.0003
     1.484,    0.0000,    0.0000,    0.0000,    0.0000,    2.4977,    0.0000,    2.4977,    0.0000,    2.3811,     2.0469,     0.0003
     1.485,    0.0000,    0.0000,    0.0000,    0.0000,    2.4985,    0.0000,    2.4985,    0.0000,    2.3819,     2.0459,     0.0004
     1.486,    0.0000,    0.0000,    0.0000,    0.0000,    2.4993,    0.0000,    2.4993,    0.0000,    2.3827,     2.0449,     0.0004
     1.487,    0.0000,    0.0000,    0.0000,    0.0000,    2.5000,    0.0000,    2.5000,    0.0000,    2.3834,     2.0438,     0.0004
     1.488,    0.0000,    0.0000,    0.0000,    0.0000,    2.5006,    0.0000,    2.5006,    0.0000,    2.3839,     2.0425,     0.0004
     1.489,    0.0000,    0.0000,    0.0000,    0.0000,    2.5011,    0.0000,    2.5011,    0.0000,    2.3844,     2.0412,     0.0004
     1.490,    0.0000,    0.0000,    0.0000,    0.0000,    2.5018,    0.0000,    2.5018,    0.0000,    2.3850,     2.0400,     0.0004
     1.491,    0.0000,    0.0000,    0.0000,    0.0000,    2.5027,    0.0000,    2.5027,    0.0000,    2.3859,     2.0390,     0.0004
     1.492,    0.0000,    0.0000,    0.0000,    0.0000,    2.5035,    0.0000,    2.5035,    0.0000,    2.3867,     2.0379,     0.0004
     1.493,    0.0000,    0.0000,    0.0000,    0.0000,    2.5041,    0.0000,    2.5041,    0.0000,    2.3873,     2.0367,     0.0004
     1.494,    0.0000,    0.0000,    0.0000,    0.0000,    2.5048,    0.0000,    2.5048,    0.0000,    2.3879,     2.0354,     0.0004
     1.495,    0.0000,    0.0000,    0.0000,    0.0000,    2.5058,    0.0000,    2.5058,    0.0000,    2.3889,     2.0345,     0.0005
     1.496,    0.0000,    0.0000,    0.0000,    0.0000,    2.5069,    0.0000,    2.5069,    0.0000,    2.3899,     2.0336,     0.0005
     1.497,    0.0000,    0.0000,    0.0000,    0.0000,    2.5076,    0.0000,    2.5076,    0.0000,    2.3906,     2.0324,     0.0005
     1.498,    0.0000,    0.0000,    0.0000,    0.0000,    2.5081,    0.0000,    2.5081,    0.0000,    2.3910,     2.0310,     0.0005
     1.499,    0.0000,    0.0000,    0.0000,    0.0000,    2.5084,    0.0000,    2.5084,    0.0000,    2.3913,     2.0295,     0.0005
     1.500,    0.0000,    0.0000,    0.0000,    0.0000,    2.5088,    0.0000,    2.5088,    0.0000,    2.3918,     2.0281,     0.0005
     1.501,    0.0000,    0.0000,    0.0000,    0.0000,    2.5096,    0.0000,    2.5096,    0.0000,    2.3925,     2.0269,     0.0005
     1.502,    0.0000,    0.0000,    0.0000,    0.0000,    2.5106,    0.0000,    2.5106,    0.0000,    2.3934,     2.0259,     0.0005
     1.503,    0.0000,    0.0000,    0.0000,    0.0000,    2.5115,    0.0000,    2.5115,    0.0000,    2.3943,     2.0248,     0.0006
     1.504,    0.0000,    0.0000,    0.0000,    0.0000,    2.5123,    0.0000,    2.5123,    0.0000,    2.3951,     2.0236,     0.0006
     1.505,    0.0000,    0.0000,    0.0000,    0.0000,    2.5131,    0.0000,    2.5131,    0.0000,    2.3958,     2.0224,     0.0006
     1.506,    0.0000,    0.0000,    0.0000,    0.0000,    2.5139,    0.0000,    2.5139,    0.0000,    2.3966,     2.0212,     0.0006
     1.507,    0.0000,    0.0000,    0.0000,    0.0000,    2.5146,    0.0000,    2.5146,    0.0000,    2.3973,     2.0200,     0.0006
     1.508,    0.0000,    0.0000,    0.0000,    0.0000,    2.5151,    0.0000,    2.5151,    0.0000,    2.3978,     2.0186,     0.0006
     1.509,    0.0000,    0.0000,    0.0000,    0.0000,    2.5153,    0.0000,    2.5153,    0.0000,    2.3979,     2.0169,     0.0006
     1.510,    0.0000,    0.0000,    0.0000,    0.0000,    2.5156,    0.0000,    2.5156,    0.0000,    2.3982,     2.0152,     0.0006
     1.511,    0.0000,    0.0000,    0.0000,    0.0000,    2.5165,    0.0000,    2.5165,    0.0000,    2.3990,     2.0140,     0.0007
     1.512,    0.0000,    0.0000,    0.0000,    0.0000,    2.5176,    0.0000,    2.5176,    0.0000,    2.4001,     2.0131,     0.0007
     1.513,    0.0000,    0.0000,    0.0000,    0.0000,    2.5186,    0.0000,    2.5186,    0.0000,    2.4010,     2.0120,     0.0007
     1.514,    0.0000,    0.0000,    0.0000,    0.0000,    2.5193,    0.0000,    2.5193,    0.0000,    2.4017,     2.0107,     0.0007
     1.515,    0.0000,    0.0000,    0.0000,    0.0000,    2.5196,    0.0000,    2.5196,    0.0000,    2.4020,     2.0090,     0.0007
     1.516,    0.0000,    0.0000,    0.0000,    0.0000,    2.5198,    0.0000,    2.5198,    0.0000,    2.4022,     2.0073,     0.0007
     1.517,    0.0000,    0.0000,    0.0000,    0.0000,    2.5200,    0.0000,    2.5200,    0.0000,    2.4024,     2.0056,     0.0007
     1.518,    0.0000,    0.0000,    0.0000,    0.0000,    2.5203,    0.0000,    2.5203,    0.0000,    2.4027,     2.0040,     0.0008
     1.519,    0.0000,    0.0000,    0.0000,    0.0000,    2.5208,    0.0000,    2.5208,    0.0000,    2.4031,     2.0024,     0.0008
     1.520,    0.0000,    0.0000,    0.0000,    0.0000,    2.5213,    0.0000,    2.5213,    0.0000,    2.4036,     2.0009,     0.0008
     1.521,    0.0000,    0.0000,    0.0000,    0.0000,    2.5219,    0.0000,    2.5219,    0.0000,    2.4042,     1.9995,     0.0008
     1.522,    0.0000,    0.0000,    0.0000,    0.0000,    2.5224,    0.0000,    2.5224,    0.0000,    2.4047,     1.9980,     0.0008
     1.523,    0.0000,    0.0000,    0.0000,    0.0000,    2.5229,    0.0000,    2.5229,    0.0000,    2.4052,     1.9965,     0.0008
     1.524,    0.0000,    0.0000,    0.0000,    0.0000,    2.5235,    0.0000,    2.5235,    0.0000,    2.4057,     1.9949,     0.0009
     1.525,    0.0000,    0.0000,    0.0000,    0.0000,    2.5241,    0.0000,    2.5241,    0.0000,    2.4063,     1.9935,     0.0009
     1.526,    0.0000,    0.0000,    0.0000,    0.0000,    2.5248,    0.0000,    2.5248,    0.0000,    2.4070,     1.9921,     0.0009
     1.527,    0.0000,    0.0000,    0.0000,    0.0000,    2.5255,    0.0000,    2.5255,    0.0000,    2.4077,     1.9907,     0.0009
     1.528,    0.0000,    0.0000,    0.0000,    0.0000,    2.5260,    0.0000,    2.5260,    0.0000,    2.4081,     1.9892,     0.0009
     1.529,    0.0000,    0.0000,    0.0000,    0.0000,    2.5263,    0.0000,    2.5263,    0.0000,    2.4084,     1.9874,     0.0010
     1.530,    0.0000,    0.0000,    0.0000,    0.0000,    2.5267,    0.0000,    2.5267,    0.0000,    2.4088,     1.9858,     0.0010
     1.531,    0.0000,    0.0000,    0.0000,    0.0000,    2.5275,    0.0000,    2.5275,    0.0000,    2.4096,     1.9845,     0.0010
     1.532,    0.0000,    0.0000,    0.0000,    0.0000,    2.5283,    0.0000,    2.5283,    0.0000,    2.4104,     1.9832,     0.0010
     1.533,    0.0000,    0.0000,    0.0000,    0.0000,    2.5286,    0.0000,    2.5286,    0.0000,    2.4106,     1.9814,     0.0010
     1.534,    0.0000,    0.0000,    0.0000,    0.0000,    2.5286,    0.0000,    2.5286,    0.0000,    2.4106,     1.9794,     0.0011
     1.535,    0.0000,    0.0000,    0.0000,    0.0000,    2.5288,    0.0000,    2.5288,    0.0000,    2.4108,     1.9776,     0.0011
     1.536,    0.0000,    0.0000,    0.0000,    0.0000,    2.5291,    0.0000,    2.5291,    0.0000,    2.4111,     1.9759,     0.0011
     1.537,    0.0000,    0.0000,    0.0000,    0.0000,    2.5294,    0.0000,    2.5294,    0.0000,    2.4114,     1.9741,     0.0011
     1.538,    0.0000,    0.0000,    0.0000,    0.0000,    2.5299,    0.0000,    2.5299,    0.0000,    2.4119,     1.9725,     0.0011
     1.539,    0.0000,    0.0000,    0.0000,    0.0000,    2.5308,    0.0000,    2.5308,    0.0000,    2.4127,     1.9712,     0.0012
     1.540,    0.0000,    0.0000,    0.0000,    0.0000,    2.5315,    0.0000,    2.5315,    0.0000,    2.4134,     1.9697,     0.0012
     1.541,    0.0000,    0.0000,    0.0000,    0.0000,    2.5317,    0.0000,    2.5317,    0.0000,    2.4136,     1.9679,     0.0012
     1.542,    0.0000,    0.0000,    0.0000,    0.0000,    2.5316,    0.0000,    2.5316,    0.0000,    2.4135,     1.9658,     0.0012
     1.543,    0.0000,    0.0000,    0.0000,    0.0000,    2.5315,    0.0000,    2.5315,    0.0000,    2.4134,     1.9637,     0.0012
     1.544,    0.0000,    0.0000,    0.0000,    0.0000,    2.5318,    0.0000,    2.5318,    0.0000,    2.4137,     1.9619,     0.0013
     1.545,    0.0000,    0.0000,    0.0000,    0.0000,    2.5327,    0.0000,    2.5327,    0.0000,    2.4145,     1.9606,     0.0013
     1.546,    0.0000,    0.0000,    0.0000,    0.0000,    2.5337,    0.0000,    2.5337,    0.0000,    2.4154,     1.9593,     0.0013
     1.547,    0.0000,    0.0000,    0.0000,    0.0000,    2.5342,    0.0000,    2.5342,    0.0000,    2.4159,     1.9576,     0.0013
     1.548,    0.0000,    0.0000,    0.0000,    0.0000,    2.5345,    0.0000,    2.5345,    0.0000,    2.4162,     1.9559,     0.0014
     1.549,    0.0000,    0.0000,    0.0000,    0.0000,    2.5350,    0.0000,    2.5350,    0.0000,    2.4167,     1.9542,     0.0014
     1.550,    0.0000,    0.0000,    0.0000,    0.0000,    2.5354,    0.0000,    2.5354,    0.0000,    2.4171,     1.9525,     0.0014
     1.551,    0.0000,    0.0000,    0.0000,    0.0000,    2.5354,    0.0000,    2.5354,    0.0000,    2.4171,     1.9504,     0.0014
     1.552,    0.0000,    0.0000,    0.0000,    0.0000,    2.5354,    0.0000,    2.5354,    0.0000,    2.4171,     1.9484,     0.0015
     1.553,    0.0000,    0.0000,    0.0000,    0.0000,    2.5358,    0.0000,    2.5358,    0.0000,    2.4175,     1.9466,     0.0015
     1.554,    0.0000,    0.0000,    0.0000,    0.0000,    2.5364,    0.0000,    2.5364,    0.0000,    2.4180,     1.9450,     0.0015
     1.555,    0.0000,    0.0000,    0.0000,    0.0000,    2.5368,    0.0000,    2.5368,    0.0000,    2.4184,     1.9433,     0.0015
     1.556,    0.0000,    0.0000,    0.0000,    0.0000,    2.5368,    0.0000,    2.5368,    0.0000,    2.4185,     1.9413,     0.0016
     1.557,    0.0000,    0.0000,    0.0000,    0.0000,    2.5367,    0.0000,    2.5367,    0.0000,    2.4183,     1.9391,     0.0016
     1.558,    0.0000,    0.0000,    0.0000,    0.0000,    2.5368,    0.0000,    2.5368,    0.0000,    2.4184,     1.9371,     0.0016
     1.559,    0.0000,    0.0000,    0.0000,    0.0000,    2.5375,    0.0000,    2.5375,    0.0000,    2.4191,     1.9355,     0.0016
     1.560,    0.0000,    0.0000,    0.0000,    0.0000,    2.5381,    0.0000,    2.5381,    0.0000,    2.4197,     1.9339,     0.0017
     1.561,    0.0000,    0.0000,    0.0000,    0.0000,    2.5381,    0.0000,    2.5381,    0.0000,    2.4197,     1.9318,     0.0017
     1.562,    0.0000,    0.0000,    0.0000,    0.0000,    2.5382,    0.0000,    2.5382,    0.0000,    2.4197,     1.9298,     0.0017
     1.563,    0.0000,    0.0000,    0.0000,    0.0000,    2.5391,    0.0000,    2.5391,    0.0000,    2.4206,     1.9284,     0.0018
     1.564,    0.0000,    0.0000,    0.0000,    0.0000,    2.5400,    0.0000,    2.5400,    0.0000,    2.4215,     1.9270,     0.0018
     1.565,    0.0000,    0.0000,    0.0000,    0.0000,    2.5403,    0.0000,    2.5403,    0.0000,    2.4217,     1.9251,     0.0018
     1.566,    0.0000,    0.0000,    0.0000,    0.0000,    2.5402,    0.0000,    2.5402,    0.0000,    2.4217,     1.9230,     0.0018
     1.567,    0.0000,    0.0000,    0.0000,    0.0000,    2.5403,    0.0000,    2.5403,    0.0000,    2.4218,     1.9210,     0.0019
     1.568,    0.0000,    0.0000,    0.0000,    0.0000,    2.5409,    0.0000,    2.5409,    0.0000,    2.4223,     1.9193,     0.0019
     1.569,    0.0000,    0.0000,    0.0000,    0.0000,    2.5418,    0.0000,    2.5418,    0.0000,    2.4232,     1.9179,     0.0019
     1.570,    0.0000,    0.0000,    0.0000,    0.0000,    2.5424,    0.0000,    2.5424,    0.0000,    2.4237,     1.9162,     0.0020
     1.571,    0.0000,    0.0000,    0.0000,    0.0000,    2.5420,    0.0000,    2.5420,    0.0000,    2.4234,     1.9138,     0.0020
     1.572,    0.0000,    0.0000,    0.0000,    0.0000,    2.5418,    0.0000,    2.5418,    0.0000,    2.4232,     1.9115,     0.0020
     1.573,    0.0000,    0.0000,    0.0000,    0.0000,    2.5425,    0.0000,    2.5425,    0.0000,    2.4238,     1.9099,     0.0021
     1.574,    0.0000,    0.0000,    0.0000,    0.0000,    2.5435,    0.0000,    2.5435,    0.0000,    2.4248,     1.9086,     0.0021
     1.575,    0.0000,    0.0000,    0.0000,    0.0000,    2.5441,    0.0000,    2.5441,    0.0000,    2.4254,     1.9069,     0.0021
     1.576,    0.0000,    0.0000,    0.0000,    0.0000,    2.5442,    0.0000,    2.5442,    0.0000,    2.4255,     1.9049,     0.0022
     1.577,    0.0000,    0.0000,    0.0000,    0.0000,    2.5441,    0.0000,    2.5441,    0.0000,    2.4254,     1.9027,     0.0022
     1.578,    0.0000,    0.0000,    0.0000,    0.0000,    2.5441,    0.0000,    2.5441,    0.0000,    2.4254,     1.9005,     0.0022
     1.579,    0.0000,    0.0000,    0.0000,    0.0000,    2.5444,    0.0000,    2.5444,    0.0000,    2.4256,     1.8986,     0.0023
     1.580,    0.0000,    0.0000,    0.0000,    0.0000,    2.5447,    0.0000,    2.5447,    0.0000,    2.4260,     1.8967,     0.0023
     1.581,    0.0000,    0.0000,    0.0000,    0.0000,    2.5449,    0.0000,    2.5449,    0.0000,    2.4262,     1.8947,     0.0023
     1.582,    0.0000,    0.0000,    0.0000,    0.0000,    2.5453,    0.0000,    2.5453,    0.0000,    2.4265,     1.8928,     0.0024
     1.583,    0.0000,    0.0000,    0.0000,    0.0000,    2.5459,    0.0000,    2.5459,    0.0000,    2.4271,     1.8911,     0.0024
     1.584,    0.0000,    0.0000,    0.0000,    0.0000,    2.5465,    0.0000,    2.5465,    0.0000,    2.4277,     1.8894,     0.0024
     1.585,    0.0000,    0.0000,    0.0000,    0.0000,    2.5466,    0.0000,    2.5466,    0.0000,    2.4277,     1.8873,     0.0025
     1.586,    0.0000,    0.0000,    0.0000,    0.0000,    2.5467,    0.0000,    2.5467,    0.0000,    2.4279,     1.8853,     0.0025
     1.587,    0.0000,    0.0000,    0.0000,    0.0000,    2.5474,    0.0000,    2.5474,    0.0000,    2.4286,     1.8837,     0.0025
     1.588,    0.0000,    0.0000,    0.0000,    0.0000,    2.5484,    0.0000,    2.5484,    0.0000,    2.4294,     1.8822,     0.0026
     1.589,    0.0000,    0.0000,    0.0000,    0.0000,    2.5489,    0.0000,    2.5489,    0.0000,    2.4300,     1.8804,     0.0026
     1.590,    0.0000,    0.0000,    0.0000,    0.0000,    2.5492,    0.0000,    2.5492,    0.0000,    2.4302,     1.8784,     0.0027
     1.591,    0.0000,    0.0000,    0.0000,    0.0000,    2.5493,    0.0000,    2.5493,    0.0000,    2.4304,     1.8764,     0.0027
     1.592,    0.0000,    0.0000,    0.0000,    0.0000,    2.5497,    0.0000,    2.5497,    0.0000,    2.4308,     1.8745,     0.0027
     1.593,    0.0000,    0.0000,    0.0000,    0.0000,    2.5506,    0.0000,    2.5506,    0.0000,    2.4316,     1.8730,     0.0028
