romanisim/data/roman-technical-information/data/WideFieldInstrument/Imaging/EffectiveAreas/Roman_effarea_v8_SCA04_20240301.ecsv
# %ECSV 1.0
# ---
# Effective area for Roman (m^2) - parameters as of 2024 03 01
# datatype:
# - {name: Wave, datatype: float32}
# - {name: F062, datatype: float32}
# - {name: F087, datatype: float32}
# - {name: F106, datatype: float32}
# - {name: F129, datatype: float32}
# - {name: F158, datatype: float32}
# - {name: F184, datatype: float32}
# - {name: F146, datatype: float32}
# - {name: F213, datatype: float32}
# - {name: Prism, datatype: float32}
# - {name: Grism_1stOrder, datatype: float32}
# - {name: Grism_0thOrder, datatype: float32}
# schema: astropy-2.0
Wave, F062, F087, F106, F129, F158, F184, F146, F213, Prism, Grism_1stOrder, Grism_0thOrder
[from data line 1075]
     1.475,    0.0000,    0.0000,    0.0000,    0.0000,    2.4566,    0.0000,    2.4566,    0.0000,    2.4554,     1.9547,     0.0003
     1.476,    0.0000,    0.0000,    0.0000,    0.0000,    2.4569,    0.0000,    2.4569,    0.0000,    2.4557,     1.9535,     0.0003
     1.477,    0.0000,    0.0000,    0.0000,    0.0000,    2.4574,    0.0000,    2.4574,    0.0000,    2.4562,     1.9523,     0.0003
     1.478,    0.0000,    0.0000,    0.0000,    0.0000,    2.4579,    0.0000,    2.4579,    0.0000,    2.4567,     1.9511,     0.0003
     1.479,    0.0000,    0.0000,    0.0000,    0.0000,    2.4585,    0.0000,    2.4585,    0.0000,    2.4573,     1.9500,     0.0003
     1.480,    0.0000,    0.0000,    0.0000,    0.0000,    2.4591,    0.0000,    2.4591,    0.0000,    2.4579,     1.9489,     0.0003
     1.481,    0.0000,    0.0000,    0.0000,    0.0000,    2.4598,    0.0000,    2.4598,    0.0000,    2.4586,     1.9479,     0.0003
     1.482,    0.0000,    0.0000,    0.0000,    0.0000,    2.4605,    0.0000,    2.4605,    0.0000,    2.4593,     1.9468,     0.0003
     1.483,    0.0000,    0.0000,    0.0000,    0.0000,    2.4608,    0.0000,    2.4608,    0.0000,    2.4596,     1.9455,     0.0003
     1.484,    0.0000,    0.0000,    0.0000,    0.0000,    2.4612,    0.0000,    2.4612,    0.0000,    2.4600,     1.9441,     0.0003
     1.485,    0.0000,    0.0000,    0.0000,    0.0000,    2.4617,    0.0000,    2.4617,    0.0000,    2.4605,     1.9430,     0.0003
     1.486,    0.0000,    0.0000,    0.0000,    0.0000,    2.4623,    0.0000,    2.4623,    0.0000,    2.4611,     1.9418,     0.0003
     1.487,    0.0000,    0.0000,    0.0000,    0.0000,    2.4628,    0.0000,    2.4628,    0.0000,    2.4616,     1.9406,     0.0004
     1.488,    0.0000,    0.0000,    0.0000,    0.0000,    2.4632,    0.0000,    2.4632,    0.0000,    2.4620,     1.9392,     0.0004
     1.489,    0.0000,    0.0000,    0.0000,    0.0000,    2.4634,    0.0000,    2.4634,    0.0000,    2.4622,     1.9378,     0.0004
     1.490,    0.0000,    0.0000,    0.0000,    0.0000,    2.4639,    0.0000,    2.4639,    0.0000,    2.4627,     1.9365,     0.0004
     1.491,    0.0000,    0.0000,    0.0000,    0.0000,    2.4645,    0.0000,    2.4645,    0.0000,    2.4633,     1.9354,     0.0004
     1.492,    0.0000,    0.0000,    0.0000,    0.0000,    2.4652,    0.0000,    2.4652,    0.0000,    2.4640,     1.9342,     0.0004
     1.493,    0.0000,    0.0000,    0.0000,    0.0000,    2.4656,    0.0000,    2.4656,    0.0000,    2.4644,     1.9329,     0.0004
     1.494,    0.0000,    0.0000,    0.0000,    0.0000,    2.4660,    0.0000,    2.4660,    0.0000,    2.4648,     1.9316,     0.0004
     1.495,    0.0000,    0.0000,    0.0000,    0.0000,    2.4669,    0.0000,    2.4669,    0.0000,    2.4657,     1.9305,     0.0004
     1.496,    0.0000,    0.0000,    0.0000,    0.0000,    2.4677,    0.0000,    2.4677,    0.0000,    2.4665,     1.9296,     0.0004
     1.497,    0.0000,    0.0000,    0.0000,    0.0000,    2.4683,    0.0000,    2.4683,    0.0000,    2.4671,     1.9283,     0.0005
     1.498,    0.0000,    0.0000,    0.0000,    0.0000,    2.4686,    0.0000,    2.4686,    0.0000,    2.4674,     1.9268,     0.0005
     1.499,    0.0000,    0.0000,    0.0000,    0.0000,    2.4687,    0.0000,    2.4687,    0.0000,    2.4675,     1.9253,     0.0005
     1.500,    0.0000,    0.0000,    0.0000,    0.0000,    2.4691,    0.0000,    2.4691,    0.0000,    2.4678,     1.9238,     0.0005
     1.501,    0.0000,    0.0000,    0.0000,    0.0000,    2.4697,    0.0000,    2.4697,    0.0000,    2.4685,     1.9226,     0.0005
     1.502,    0.0000,    0.0000,    0.0000,    0.0000,    2.4705,    0.0000,    2.4705,    0.0000,    2.4693,     1.9215,     0.0005
     1.503,    0.0000,    0.0000,    0.0000,    0.0000,    2.4713,    0.0000,    2.4713,    0.0000,    2.4701,     1.9204,     0.0005
     1.504,    0.0000,    0.0000,    0.0000,    0.0000,    2.4720,    0.0000,    2.4720,    0.0000,    2.4708,     1.9192,     0.0005
     1.505,    0.0000,    0.0000,    0.0000,    0.0000,    2.4727,    0.0000,    2.4727,    0.0000,    2.4715,     1.9180,     0.0005
     1.506,    0.0000,    0.0000,    0.0000,    0.0000,    2.4733,    0.0000,    2.4733,    0.0000,    2.4721,     1.9168,     0.0006
     1.507,    0.0000,    0.0000,    0.0000,    0.0000,    2.4740,    0.0000,    2.4740,    0.0000,    2.4728,     1.9155,     0.0006
     1.508,    0.0000,    0.0000,    0.0000,    0.0000,    2.4744,    0.0000,    2.4744,    0.0000,    2.4732,     1.9141,     0.0006
     1.509,    0.0000,    0.0000,    0.0000,    0.0000,    2.4745,    0.0000,    2.4745,    0.0000,    2.4733,     1.9124,     0.0006
     1.510,    0.0000,    0.0000,    0.0000,    0.0000,    2.4747,    0.0000,    2.4747,    0.0000,    2.4735,     1.9109,     0.0006
     1.511,    0.0000,    0.0000,    0.0000,    0.0000,    2.4755,    0.0000,    2.4755,    0.0000,    2.4743,     1.9097,     0.0006
     1.512,    0.0000,    0.0000,    0.0000,    0.0000,    2.4766,    0.0000,    2.4766,    0.0000,    2.4753,     1.9087,     0.0006
     1.513,    0.0000,    0.0000,    0.0000,    0.0000,    2.4775,    0.0000,    2.4775,    0.0000,    2.4763,     1.9077,     0.0007
     1.514,    0.0000,    0.0000,    0.0000,    0.0000,    2.4781,    0.0000,    2.4781,    0.0000,    2.4769,     1.9064,     0.0007
     1.515,    0.0000,    0.0000,    0.0000,    0.0000,    2.4784,    0.0000,    2.4784,    0.0000,    2.4772,     1.9048,     0.0007
     1.516,    0.0000,    0.0000,    0.0000,    0.0000,    2.4785,    0.0000,    2.4785,    0.0000,    2.4773,     1.9031,     0.0007
     1.517,    0.0000,    0.0000,    0.0000,    0.0000,    2.4787,    0.0000,    2.4787,    0.0000,    2.4775,     1.9015,     0.0007
     1.518,    0.0000,    0.0000,    0.0000,    0.0000,    2.4790,    0.0000,    2.4790,    0.0000,    2.4778,     1.8999,     0.0007
     1.519,    0.0000,    0.0000,    0.0000,    0.0000,    2.4794,    0.0000,    2.4794,    0.0000,    2.4782,     1.8984,     0.0007
     1.520,    0.0000,    0.0000,    0.0000,    0.0000,    2.4799,    0.0000,    2.4799,    0.0000,    2.4787,     1.8970,     0.0008
     1.521,    0.0000,    0.0000,    0.0000,    0.0000,    2.4805,    0.0000,    2.4805,    0.0000,    2.4793,     1.8956,     0.0008
     1.522,    0.0000,    0.0000,    0.0000,    0.0000,    2.4811,    0.0000,    2.4811,    0.0000,    2.4798,     1.8942,     0.0008
     1.523,    0.0000,    0.0000,    0.0000,    0.0000,    2.4815,    0.0000,    2.4815,    0.0000,    2.4803,     1.8927,     0.0008
     1.524,    0.0000,    0.0000,    0.0000,    0.0000,    2.4820,    0.0000,    2.4820,    0.0000,    2.4808,     1.8913,     0.0008
     1.525,    0.0000,    0.0000,    0.0000,    0.0000,    2.4827,    0.0000,    2.4827,    0.0000,    2.4814,     1.8899,     0.0008
     1.526,    0.0000,    0.0000,    0.0000,    0.0000,    2.4834,    0.0000,    2.4834,    0.0000,    2.4822,     1.8886,     0.0009
     1.527,    0.0000,    0.0000,    0.0000,    0.0000,    2.4840,    0.0000,    2.4840,    0.0000,    2.4828,     1.8873,     0.0009
     1.528,    0.0000,    0.0000,    0.0000,    0.0000,    2.4845,    0.0000,    2.4845,    0.0000,    2.4833,     1.8858,     0.0009
     1.529,    0.0000,    0.0000,    0.0000,    0.0000,    2.4848,    0.0000,    2.4848,    0.0000,    2.4836,     1.8842,     0.0009
     1.530,    0.0000,    0.0000,    0.0000,    0.0000,    2.4852,    0.0000,    2.4852,    0.0000,    2.4840,     1.8826,     0.0009
     1.531,    0.0000,    0.0000,    0.0000,    0.0000,    2.4861,    0.0000,    2.4861,    0.0000,    2.4848,     1.8814,     0.0009
     1.532,    0.0000,    0.0000,    0.0000,    0.0000,    2.4868,    0.0000,    2.4868,    0.0000,    2.4856,     1.8801,     0.0010
     1.533,    0.0000,    0.0000,    0.0000,    0.0000,    2.4871,    0.0000,    2.4871,    0.0000,    2.4858,     1.8784,     0.0010
     1.534,    0.0000,    0.0000,    0.0000,    0.0000,    2.4871,    0.0000,    2.4871,    0.0000,    2.4859,     1.8766,     0.0010
     1.535,    0.0000,    0.0000,    0.0000,    0.0000,    2.4873,    0.0000,    2.4873,    0.0000,    2.4861,     1.8749,     0.0010
     1.536,    0.0000,    0.0000,    0.0000,    0.0000,    2.4876,    0.0000,    2.4876,    0.0000,    2.4864,     1.8732,     0.0010
     1.537,    0.0000,    0.0000,    0.0000,    0.0000,    2.4880,    0.0000,    2.4880,    0.0000,    2.4867,     1.8716,     0.0011
     1.538,    0.0000,    0.0000,    0.0000,    0.0000,    2.4884,    0.0000,    2.4884,    0.0000,    2.4872,     1.8701,     0.0011
     1.539,    0.0000,    0.0000,    0.0000,    0.0000,    2.4892,    0.0000,    2.4892,    0.0000,    2.4880,     1.8688,     0.0011
     1.540,    0.0000,    0.0000,    0.0000,    0.0000,    2.4900,    0.0000,    2.4900,    0.0000,    2.4887,     1.8674,     0.0011
     1.541,    0.0000,    0.0000,    0.0000,    0.0000,    2.4902,    0.0000,    2.4902,    0.0000,    2.4890,     1.8657,     0.0011
     1.542,    0.0000,    0.0000,    0.0000,    0.0000,    2.4901,    0.0000,    2.4901,    0.0000,    2.4888,     1.8637,     0.0012
     1.543,    0.0000,    0.0000,    0.0000,    0.0000,    2.4900,    0.0000,    2.4900,    0.0000,    2.4887,     1.8617,     0.0012
     1.544,    0.0000,    0.0000,    0.0000,    0.0000,    2.4902,    0.0000,    2.4902,    0.0000,    2.4890,     1.8600,     0.0012
     1.545,    0.0000,    0.0000,    0.0000,    0.0000,    2.4911,    0.0000,    2.4911,    0.0000,    2.4899,     1.8587,     0.0012
     1.546,    0.0000,    0.0000,    0.0000,    0.0000,    2.4920,    0.0000,    2.4920,    0.0000,    2.4908,     1.8575,     0.0012
     1.547,    0.0000,    0.0000,    0.0000,    0.0000,    2.4925,    0.0000,    2.4925,    0.0000,    2.4913,     1.8559,     0.0013
     1.548,    0.0000,    0.0000,    0.0000,    0.0000,    2.4928,    0.0000,    2.4928,    0.0000,    2.4916,     1.8542,     0.0013
     1.549,    0.0000,    0.0000,    0.0000,    0.0000,    2.4933,    0.0000,    2.4933,    0.0000,    2.4920,     1.8526,     0.0013
     1.550,    0.0000,    0.0000,    0.0000,    0.0000,    2.4936,    0.0000,    2.4936,    0.0000,    2.4924,     1.8509,     0.0013
     1.551,    0.0000,    0.0000,    0.0000,    0.0000,    2.4936,    0.0000,    2.4936,    0.0000,    2.4923,     1.8490,     0.0014
     1.552,    0.0000,    0.0000,    0.0000,    0.0000,    2.4935,    0.0000,    2.4935,    0.0000,    2.4923,     1.8470,     0.0014
     1.553,    0.0000,    0.0000,    0.0000,    0.0000,    2.4939,    0.0000,    2.4939,    0.0000,    2.4927,     1.8453,     0.0014
     1.554,    0.0000,    0.0000,    0.0000,    0.0000,    2.4944,    0.0000,    2.4944,    0.0000,    2.4932,     1.8437,     0.0014
     1.555,    0.0000,    0.0000,    0.0000,    0.0000,    2.4947,    0.0000,    2.4947,    0.0000,    2.4935,     1.8420,     0.0015
     1.556,    0.0000,    0.0000,    0.0000,    0.0000,    2.4947,    0.0000,    2.4947,    0.0000,    2.4935,     1.8401,     0.0015
     1.557,    0.0000,    0.0000,    0.0000,    0.0000,    2.4945,    0.0000,    2.4945,    0.0000,    2.4933,     1.8379,     0.0015
     1.558,    0.0000,    0.0000,    0.0000,    0.0000,    2.4945,    0.0000,    2.4945,    0.0000,    2.4933,     1.8360,     0.0015
     1.559,    0.0000,    0.0000,    0.0000,    0.0000,    2.4952,    0.0000,    2.4952,    0.0000,    2.4939,     1.8345,     0.0016
     1.560,    0.0000,    0.0000,    0.0000,    0.0000,    2.4957,    0.0000,    2.4957,    0.0000,    2.4945,     1.8329,     0.0016
     1.561,    0.0000,    0.0000,    0.0000,    0.0000,    2.4956,    0.0000,    2.4956,    0.0000,    2.4944,     1.8309,     0.0016
     1.562,    0.0000,    0.0000,    0.0000,    0.0000,    2.4956,    0.0000,    2.4956,    0.0000,    2.4944,     1.8289,     0.0016
     1.563,    0.0000,    0.0000,    0.0000,    0.0000,    2.4964,    0.0000,    2.4964,    0.0000,    2.4952,     1.8275,     0.0017
     1.564,    0.0000,    0.0000,    0.0000,    0.0000,    2.4973,    0.0000,    2.4973,    0.0000,    2.4960,     1.8261,     0.0017
     1.565,    0.0000,    0.0000,    0.0000,    0.0000,    2.4974,    0.0000,    2.4974,    0.0000,    2.4962,     1.8243,     0.0017
     1.566,    0.0000,    0.0000,    0.0000,    0.0000,    2.4973,    0.0000,    2.4973,    0.0000,    2.4960,     1.8222,     0.0017
     1.567,    0.0000,    0.0000,    0.0000,    0.0000,    2.4973,    0.0000,    2.4973,    0.0000,    2.4961,     1.8202,     0.0018
     1.568,    0.0000,    0.0000,    0.0000,    0.0000,    2.4978,    0.0000,    2.4978,    0.0000,    2.4966,     1.8186,     0.0018
     1.569,    0.0000,    0.0000,    0.0000,    0.0000,    2.4986,    0.0000,    2.4986,    0.0000,    2.4974,     1.8172,     0.0018
     1.570,    0.0000,    0.0000,    0.0000,    0.0000,    2.4990,    0.0000,    2.4990,    0.0000,    2.4978,     1.8155,     0.0019
     1.571,    0.0000,    0.0000,    0.0000,    0.0000,    2.4987,    0.0000,    2.4987,    0.0000,    2.4974,     1.8132,     0.0019
     1.572,    0.0000,    0.0000,    0.0000,    0.0000,    2.4983,    0.0000,    2.4983,    0.0000,    2.4971,     1.8109,     0.0019
     1.573,    0.0000,    0.0000,    0.0000,    0.0000,    2.4989,    0.0000,    2.4989,    0.0000,    2.4977,     1.8094,     0.0020
     1.574,    0.0000,    0.0000,    0.0000,    0.0000,    2.4999,    0.0000,    2.4999,    0.0000,    2.4986,     1.8080,     0.0020
     1.575,    0.0000,    0.0000,    0.0000,    0.0000,    2.5004,    0.0000,    2.5004,    0.0000,    2.4991,     1.8064,     0.0020
     1.576,    0.0000,    0.0000,    0.0000,    0.0000,    2.5004,    0.0000,    2.5004,    0.0000,    2.4992,     1.8044,     0.0020
     1.577,    0.0000,    0.0000,    0.0000,    0.0000,    2.5002,    0.0000,    2.5002,    0.0000,    2.4990,     1.8023,     0.0021
     1.578,    0.0000,    0.0000,    0.0000,    0.0000,    2.5001,    0.0000,    2.5001,    0.0000,    2.4989,     1.8002,     0.0021
     1.579,    0.0000,    0.0000,    0.0000,    0.0000,    2.5003,    0.0000,    2.5003,    0.0000,    2.4991,     1.7983,     0.0021
     1.580,    0.0000,    0.0000,    0.0000,    0.0000,    2.5006,    0.0000,    2.5006,    0.0000,    2.4994,     1.7965,     0.0022
     1.581,    0.0000,    0.0000,    0.0000,    0.0000,    2.5007,    0.0000,    2.5007,    0.0000,    2.4995,     1.7945,     0.0022
     1.582,    0.0000,    0.0000,    0.0000,    0.0000,    2.5010,    0.0000,    2.5010,    0.0000,    2.4998,     1.7927,     0.0022
     1.583,    0.0000,    0.0000,    0.0000,    0.0000,    2.5016,    0.0000,    2.5016,    0.0000,    2.5004,     1.7911,     0.0023
     1.584,    0.0000,    0.0000,    0.0000,    0.0000,    2.5021,    0.0000,    2.5021,    0.0000,    2.5008,     1.7894,     0.0023
     1.585,    0.0000,    0.0000,    0.0000,    0.0000,    2.5021,    0.0000,    2.5021,    0.0000,    2.5009,     1.7874,     0.0023
     1.586,    0.0000,    0.0000,    0.0000,    0.0000,    2.5022,    0.0000,    2.5022,    0.0000,    2.5009,     1.7854,     0.0024
     1.587,    0.0000,    0.0000,    0.0000,    0.0000,    2.5029,    0.0000,    2.5029,    0.0000,    2.5016,     1.7838,     0.0024
     1.588,    0.0000,    0.0000,    0.0000,    0.0000,    2.5037,    0.0000,    2.5037,    0.0000,    2.5025,     1.7824,     0.0024
     1.589,    0.0000,    0.0000,    0.0000,    0.0000,    2.5042,    0.0000,    2.5042,    0.0000,    2.5030,     1.7807,     0.0025
     1.590,    0.0000,    0.0000,    0.0000,    0.0000,    2.5044,    0.0000,    2.5044,    0.0000,    2.5032,     1.7788,     0.0025
     1.591,    0.0000,    0.0000,    0.0000,    0.0000,    2.5046,    0.0000,    2.5046,    0.0000,    2.5034,     1.7768,     0.0026
     1.592,    0.0000,    0.0000,    0.0000,    0.0000,    2.5050,    0.0000,    2.5050,    0.0000,    2.5037,     1.7751,     0.0026
     1.593,    0.0000,    0.0000,    0.0000,    0.0000,    2.5058,    0.0000,    2.5058,    0.0000,    2.5045,     1.7736,     0.0026
