romanisim/data/roman-technical-information/data/WideFieldInstrument/Imaging/EffectiveAreas/Roman_effarea_v8_SCA16_20240301.ecsv
# %ECSV 1.0
# ---
# Effective area for Roman (m^2) - parameters as of 2024 03 01
# datatype:
# - {name: Wave, datatype: float32}
# - {name: F062, datatype: float32}
# - {name: F087, datatype: float32}
# - {name: F106, datatype: float32}
# - {name: F129, datatype: float32}
# - {name: F158, datatype: float32}
# - {name: F184, datatype: float32}
# - {name: F146, datatype: float32}
# - {name: F213, datatype: float32}
# - {name: Prism, datatype: float32}
# - {name: Grism_1stOrder, datatype: float32}
# - {name: Grism_0thOrder, datatype: float32}
# schema: astropy-2.0
Wave, F062, F087, F106, F129, F158, F184, F146, F213, Prism, Grism_1stOrder, Grism_0thOrder
[from data line 1314]
     1.714,    0.0000,    0.0000,    0.0000,    0.0000,    2.5730,    2.3226,    2.5730,    0.0000,    2.5786,     1.5413,     0.0105
     1.715,    0.0000,    0.0000,    0.0000,    0.0000,    2.5734,    2.3229,    2.5734,    0.0000,    2.5790,     1.5394,     0.0106
     1.716,    0.0000,    0.0000,    0.0000,    0.0000,    2.5743,    2.3237,    2.5743,    0.0000,    2.5799,     1.5377,     0.0107
     1.717,    0.0000,    0.0000,    0.0000,    0.0000,    2.5761,    2.3253,    2.5761,    0.0000,    2.5817,     1.5367,     0.0108
     1.718,    0.0000,    0.0000,    0.0000,    0.0000,    2.5778,    2.3269,    2.5778,    0.0000,    2.5835,     1.5356,     0.0109
     1.719,    0.0000,    0.0000,    0.0000,    0.0000,    2.5785,    2.3275,    2.5785,    0.0000,    2.5841,     1.5339,     0.0110
     1.720,    0.0000,    0.0000,    0.0000,    0.0000,    2.5788,    2.3278,    2.5788,    0.0000,    2.5844,     1.5319,     0.0111
     1.721,    0.0000,    0.0000,    0.0000,    0.0000,    2.5797,    2.3285,    2.5797,    0.0000,    2.5853,     1.5303,     0.0112
     1.722,    0.0000,    0.0000,    0.0000,    0.0000,    2.5807,    2.3295,    2.5807,    0.0000,    2.5863,     1.5287,     0.0113
     1.723,    0.0000,    0.0000,    0.0000,    0.0000,    2.5815,    2.3302,    2.5815,    0.0000,    2.5871,     1.5271,     0.0114
     1.724,    0.0000,    0.0000,    0.0000,    0.0000,    2.5823,    2.3309,    2.5823,    0.0000,    2.5879,     1.5254,     0.0115
     1.725,    0.0000,    0.0000,    0.0000,    0.0000,    2.5834,    2.3320,    2.5834,    0.0000,    2.5891,     1.5240,     0.0117
     1.726,    0.0000,    0.0000,    0.0000,    0.0000,    2.5845,    2.3329,    2.5845,    0.0000,    2.5902,     1.5225,     0.0118
     1.727,    0.0000,    0.0000,    0.0000,    0.0000,    2.5851,    2.3335,    2.5851,    0.0000,    2.5907,     1.5207,     0.0119
     1.728,    0.0000,    0.0000,    0.0000,    0.0000,    2.5856,    2.3339,    2.5856,    0.0000,    2.5912,     1.5188,     0.0120
     1.729,    0.0000,    0.0000,    0.0000,    0.0000,    2.5863,    2.3345,    2.5863,    0.0000,    2.5919,     1.5171,     0.0121
     1.730,    0.0000,    0.0000,    0.0000,    0.0000,    2.5872,    2.3354,    2.5872,    0.0000,    2.5928,     1.5155,     0.0122
     1.731,    0.0000,    0.0000,    0.0000,    0.0000,    2.5883,    2.3363,    2.5883,    0.0000,    2.5939,     1.5140,     0.0123
     1.732,    0.0000,    0.0000,    0.0000,    0.0000,    2.5894,    2.3373,    2.5894,    0.0000,    2.5950,     1.5125,     0.0124
     1.733,    0.0000,    0.0000,    0.0000,    0.0000,    2.5903,    2.3381,    2.5903,    0.0000,    2.5959,     1.5109,     0.0125
     1.734,    0.0000,    0.0000,    0.0000,    0.0000,    2.5912,    2.3390,    2.5912,    0.0000,    2.5969,     1.5093,     0.0126
     1.735,    0.0000,    0.0000,    0.0000,    0.0000,    2.5922,    2.3399,    2.5922,    0.0000,    2.5979,     1.5078,     0.0128
     1.736,    0.0000,    0.0000,    0.0000,    0.0000,    2.5931,    2.3407,    2.5931,    0.0000,    2.5988,     1.5062,     0.0129
     1.737,    0.0000,    0.0000,    0.0000,    0.0000,    2.5937,    2.3413,    2.5937,    0.0000,    2.5994,     1.5044,     0.0130
     1.738,    0.0000,    0.0000,    0.0000,    0.0000,    2.5940,    2.3415,    2.5940,    0.0000,    2.5996,     1.5024,     0.0131
     1.739,    0.0000,    0.0000,    0.0000,    0.0000,    2.5939,    2.3414,    2.5939,    0.0000,    2.5996,     1.5003,     0.0132
     1.740,    0.0000,    0.0000,    0.0000,    0.0000,    2.5943,    2.3418,    2.5943,    0.0000,    2.6000,     1.4984,     0.0133
     1.741,    0.0000,    0.0000,    0.0000,    0.0000,    2.5957,    2.3430,    2.5957,    0.0000,    2.6013,     1.4970,     0.0134
     1.742,    0.0000,    0.0000,    0.0000,    0.0000,    2.5971,    2.3443,    2.5971,    0.0000,    2.6028,     1.4958,     0.0136
     1.743,    0.0000,    0.0000,    0.0000,    0.0000,    2.5980,    2.3451,    2.5980,    0.0000,    2.6036,     1.4941,     0.0137
     1.744,    0.0000,    0.0000,    0.0000,    0.0000,    2.5986,    2.3456,    2.5986,    0.0000,    2.6042,     1.4923,     0.0138
     1.745,    0.0000,    0.0000,    0.0000,    0.0000,    2.5994,    2.3464,    2.5994,    0.0000,    2.6051,     1.4907,     0.0139
     1.746,    0.0000,    0.0000,    0.0000,    0.0000,    2.6002,    2.3471,    2.6002,    0.0000,    2.6058,     1.4890,     0.0140
     1.747,    0.0000,    0.0000,    0.0000,    0.0000,    2.6004,    2.3473,    2.6004,    0.0000,    2.6061,     1.4870,     0.0141
     1.748,    0.0000,    0.0000,    0.0000,    0.0000,    2.6005,    2.3474,    2.6005,    0.0000,    2.6062,     1.4850,     0.0143
     1.749,    0.0000,    0.0000,    0.0000,    0.0000,    2.6009,    2.3477,    2.6009,    0.0000,    2.6065,     1.4830,     0.0144
     1.750,    0.0000,    0.0000,    0.0000,    0.0000,    2.6013,    2.3481,    2.6013,    0.0000,    2.6070,     1.4812,     0.0145
     1.751,    0.0000,    0.0000,    0.0000,    0.0000,    2.6016,    2.3484,    2.6016,    0.0000,    2.6073,     1.4792,     0.0146
     1.752,    0.0000,    0.0000,    0.0000,    0.0000,    2.6023,    2.3490,    2.6023,    0.0000,    2.6079,     1.4775,     0.0147
     1.753,    0.0000,    0.0000,    0.0000,    0.0000,    2.6035,    2.3501,    2.6035,    0.0000,    2.6091,     1.4761,     0.0149
     1.754,    0.0000,    0.0000,    0.0000,    0.0000,    2.6047,    2.3512,    2.6047,    0.0000,    2.6103,     1.4746,     0.0150
     1.755,    0.0000,    0.0000,    0.0000,    0.0000,    2.6052,    2.3516,    2.6052,    0.0000,    2.6107,     1.4728,     0.0151
     1.756,    0.0000,    0.0000,    0.0000,    0.0000,    2.6053,    2.3516,    2.6053,    0.0000,    2.6108,     1.4707,     0.0152
     1.757,    0.0000,    0.0000,    0.0000,    0.0000,    2.6054,    2.3518,    2.6054,    0.0000,    2.6108,     1.4687,     0.0154
     1.758,    0.0000,    0.0000,    0.0000,    0.0000,    2.6057,    2.3521,    2.6057,    0.0000,    2.6111,     1.4667,     0.0155
     1.759,    0.0000,    0.0000,    0.0000,    0.0000,    2.6061,    2.3525,    2.6062,    0.0000,    2.6114,     1.4649,     0.0156
     1.760,    0.0000,    0.0000,    0.0000,    0.0000,    2.6066,    2.3530,    2.6068,    0.0000,    2.6118,     1.4631,     0.0157
     1.761,    0.0000,    0.0000,    0.0000,    0.0000,    2.6072,    2.3537,    2.6075,    0.0000,    2.6123,     1.4614,     0.0159
     1.762,    0.0000,    0.0000,    0.0000,    0.0000,    2.6072,    2.3541,    2.6080,    0.0000,    2.6125,     1.4596,     0.0160
     1.763,    0.0000,    0.0000,    0.0000,    0.0000,    2.6061,    2.3541,    2.6080,    0.0000,    2.6121,     1.4575,     0.0161
     1.764,    0.0000,    0.0000,    0.0000,    0.0000,    2.6039,    2.3541,    2.6080,    0.0000,    2.6116,     1.4554,     0.0163
     1.765,    0.0000,    0.0000,    0.0000,    0.0000,    2.6001,    2.3546,    2.6086,    0.0000,    2.6115,     1.4536,     0.0164
     1.766,    0.0000,    0.0000,    0.0000,    0.0000,    2.5927,    2.3553,    2.6093,    0.0000,    2.6113,     1.4519,     0.0165
     1.767,    0.0000,    0.0000,    0.0000,    0.0000,    2.5788,    2.3556,    2.6097,    0.0000,    2.6105,     1.4500,     0.0167
     1.768,    0.0000,    0.0000,    0.0000,    0.0000,    2.5549,    2.3557,    2.6097,    0.0000,    2.6091,     1.4479,     0.0168
     1.769,    0.0000,    0.0000,    0.0000,    0.0000,    2.5167,    2.3556,    2.6097,    0.0000,    2.6072,     1.4458,     0.0169
     1.770,    0.0000,    0.0000,    0.0000,    0.0000,    2.4591,    2.3556,    2.6096,    0.0000,    2.6048,     1.4436,     0.0170
     1.771,    0.0000,    0.0000,    0.0000,    0.0000,    2.3768,    2.3557,    2.6097,    0.0000,    2.6020,     1.4416,     0.0172
     1.772,    0.0000,    0.0000,    0.0000,    0.0000,    2.2649,    2.3558,    2.6099,    0.0000,    2.5986,     1.4396,     0.0173
     1.773,    0.0000,    0.0000,    0.0000,    0.0000,    2.1206,    2.3559,    2.6100,    0.0000,    2.5943,     1.4376,     0.0174
     1.774,    0.0000,    0.0000,    0.0000,    0.0000,    1.9439,    2.3562,    2.6104,    0.0000,    2.5893,     1.4357,     0.0176
     1.775,    0.0000,    0.0000,    0.0000,    0.0000,    1.7387,    2.3568,    2.6110,    0.0000,    2.5833,     1.4339,     0.0177
     1.776,    0.0000,    0.0000,    0.0000,    0.0000,    1.5122,    2.3574,    2.6116,    0.0000,    2.5760,     1.4322,     0.0179
     1.777,    0.0000,    0.0000,    0.0000,    0.0000,    1.2749,    2.3576,    2.6118,    0.0000,    2.5668,     1.4302,     0.0180
     1.778,    0.0000,    0.0000,    0.0000,    0.0000,    1.0391,    2.3578,    2.6121,    0.0000,    2.5557,     1.4282,     0.0181
     1.779,    0.0000,    0.0000,    0.0000,    0.0000,    0.8170,    2.3583,    2.6126,    0.0000,    2.5430,     1.4265,     0.0183
     1.780,    0.0000,    0.0000,    0.0000,    0.0000,    0.6181,    2.3588,    2.6132,    0.0000,    2.5279,     1.4247,     0.0184
     1.781,    0.0000,    0.0000,    0.0000,    0.0000,    0.4493,    2.3589,    2.6133,    0.0000,    2.5099,     1.4227,     0.0186
     1.782,    0.0000,    0.0000,    0.0000,    0.0000,    0.3131,    2.3587,    2.6131,    0.0000,    2.4887,     1.4205,     0.0187
     1.783,    0.0000,    0.0000,    0.0000,    0.0000,    0.2090,    2.3583,    2.6126,    0.0000,    2.4642,     1.4181,     0.0188
     1.784,    0.0000,    0.0000,    0.0000,    0.0000,    0.1335,    2.3579,    2.6122,    0.0000,    2.4364,     1.4158,     0.0190
     1.785,    0.0000,    0.0000,    0.0000,    0.0000,    0.0815,    2.3580,    2.6123,    0.0000,    2.4055,     1.4138,     0.0191
     1.786,    0.0000,    0.0000,    0.0000,    0.0000,    0.0475,    2.3585,    2.6128,    0.0000,    2.3711,     1.4120,     0.0193
     1.787,    0.0000,    0.0000,    0.0000,    0.0000,    0.0264,    2.3591,    2.6136,    0.0000,    2.3328,     1.4103,     0.0194
     1.788,    0.0000,    0.0000,    0.0000,    0.0000,    0.0140,    2.3599,    2.6144,    0.0000,    2.2903,     1.4087,     0.0195
     1.789,    0.0000,    0.0000,    0.0000,    0.0000,    0.0071,    2.3605,    2.6151,    0.0000,    2.2434,     1.4070,     0.0197
     1.790,    0.0000,    0.0000,    0.0000,    0.0000,    0.0034,    2.3609,    2.6156,    0.0000,    2.1918,     1.4052,     0.0198
     1.791,    0.0000,    0.0000,    0.0000,    0.0000,    0.0016,    2.3611,    2.6157,    0.0000,    2.1355,     1.4032,     0.0200
     1.792,    0.0000,    0.0000,    0.0000,    0.0000,    0.0007,    2.3609,    2.6156,    0.0000,    2.0747,     1.4010,     0.0201
     1.793,    0.0000,    0.0000,    0.0000,    0.0000,    0.0003,    2.3607,    2.6153,    0.0000,    2.0094,     1.3988,     0.0203
     1.794,    0.0000,    0.0000,    0.0000,    0.0000,    0.0001,    2.3609,    2.6155,    0.0000,    1.9404,     1.3969,     0.0204
     1.795,    0.0000,    0.0000,    0.0000,    0.0000,    0.0000,    2.3616,    2.6163,    0.0000,    1.8680,     1.3953,     0.0206
     1.796,    0.0000,    0.0000,    0.0000,    0.0000,    0.0000,    2.3623,    2.6170,    0.0000,    1.7921,     1.3936,     0.0207
     1.797,    0.0000,    0.0000,    0.0000,    0.0000,    0.0000,    2.3621,    2.6169,    0.0000,    1.7123,     1.3914,     0.0209
     1.798,    0.0000,    0.0000,    0.0000,    0.0000,    0.0000,    2.3618,    2.6165,    0.0000,    1.6298,     1.3892,     0.0210
     1.799,    0.0000,    0.0000,    0.0000,    0.0000,    0.0000,    2.3620,    2.6167,    0.0000,    1.5455,     1.3872,     0.0212
     1.800,    0.0000,    0.0000,    0.0000,    0.0000,    0.0000,    2.3627,    2.6175,    0.0000,    1.4599,     1.3856,     0.0213
     1.801,    0.0000,    0.0000,    0.0000,    0.0000,    0.0000,    2.3637,    2.6186,    0.0000,    1.3734,     1.3841,     0.0215
     1.802,    0.0000,    0.0000,    0.0000,    0.0000,    0.0000,    2.3644,    2.6194,    0.0000,    1.2862,     1.3825,     0.0217
     1.803,    0.0000,    0.0000,    0.0000,    0.0000,    0.0000,    2.3645,    2.6195,    0.0000,    1.1989,     1.3805,     0.0218
     1.804,    0.0000,    0.0000,    0.0000,    0.0000,    0.0000,    2.3643,    2.6193,    0.0000,    1.1122,     1.3783,     0.0220
     1.805,    0.0000,    0.0000,    0.0000,    0.0000,    0.0000,    2.3644,    2.6194,    0.0000,    1.0270,     1.3763,     0.0221
     1.806,    0.0000,    0.0000,    0.0000,    0.0000,    0.0000,    2.3648,    2.6198,    0.0000,    0.9439,     1.3745,     0.0223
     1.807,    0.0000,    0.0000,    0.0000,    0.0000,    0.0000,    2.3654,    2.6205,    0.0000,    0.8633,     1.3728,     0.0224
     1.808,    0.0000,    0.0000,    0.0000,    0.0000,    0.0000,    2.3661,    2.6213,    0.0000,    0.7856,     1.3712,     0.0226
     1.809,    0.0000,    0.0000,    0.0000,    0.0000,    0.0000,    2.3668,    2.6220,    0.0000,    0.7113,     1.3695,     0.0228
     1.810,    0.0000,    0.0000,    0.0000,    0.0000,    0.0000,    2.3672,    2.6225,    0.0000,    0.6405,     1.3677,     0.0229
     1.811,    0.0000,    0.0000,    0.0000,    0.0000,    0.0000,    2.3673,    2.6226,    0.0000,    0.5737,     1.3658,     0.0231
     1.812,    0.0000,    0.0000,    0.0000,    0.0000,    0.0000,    2.3676,    2.6229,    0.0000,    0.5110,     1.3638,     0.0232
     1.813,    0.0000,    0.0000,    0.0000,    0.0000,    0.0000,    2.3683,    2.6237,    0.0000,    0.4528,     1.3622,     0.0234
     1.814,    0.0000,    0.0000,    0.0000,    0.0000,    0.0000,    2.3692,    2.6247,    0.0000,    0.3991,     1.3607,     0.0236
     1.815,    0.0000,    0.0000,    0.0000,    0.0000,    0.0000,    2.3699,    2.6254,    0.0000,    0.3497,     1.3591,     0.0237
     1.816,    0.0000,    0.0000,    0.0000,    0.0000,    0.0000,    2.3703,    2.6260,    0.0000,    0.3047,     1.3573,     0.0239
     1.817,    0.0000,    0.0000,    0.0000,    0.0000,    0.0000,    2.3707,    2.6264,    0.0000,    0.2639,     1.3555,     0.0241
     1.818,    0.0000,    0.0000,    0.0000,    0.0000,    0.0000,    2.3706,    2.6263,    0.0000,    0.2272,     1.3534,     0.0242
     1.819,    0.0000,    0.0000,    0.0000,    0.0000,    0.0000,    2.3698,    2.6253,    0.0000,    0.1944,     1.3509,     0.0244
     1.820,    0.0000,    0.0000,    0.0000,    0.0000,    0.0000,    2.3691,    2.6246,    0.0000,    0.1654,     1.3485,     0.0246
     1.821,    0.0000,    0.0000,    0.0000,    0.0000,    0.0000,    2.3695,    2.6251,    0.0000,    0.1399,     1.3467,     0.0247
     1.822,    0.0000,    0.0000,    0.0000,    0.0000,    0.0000,    2.3706,    2.6263,    0.0000,    0.1177,     1.3453,     0.0249
     1.823,    0.0000,    0.0000,    0.0000,    0.0000,    0.0000,    2.3717,    2.6275,    0.0000,    0.0984,     1.3439,     0.0251
     1.824,    0.0000,    0.0000,    0.0000,    0.0000,    0.0000,    2.3730,    2.6289,    0.0000,    0.0818,     1.3426,     0.0253
     1.825,    0.0000,    0.0000,    0.0000,    0.0000,    0.0000,    2.3743,    2.6304,    0.0000,    0.0675,     1.3413,     0.0254
     1.826,    0.0000,    0.0000,    0.0000,    0.0000,    0.0000,    2.3757,    2.6319,    0.0000,    0.0555,     1.3401,     0.0256
     1.827,    0.0000,    0.0000,    0.0000,    0.0000,    0.0000,    2.3766,    2.6330,    0.0000,    0.0452,     1.3386,     0.0258
     1.828,    0.0000,    0.0000,    0.0000,    0.0000,    0.0000,    2.3770,    2.6334,    0.0000,    0.0367,     1.3368,     0.0260
     1.829,    0.0000,    0.0000,    0.0000,    0.0000,    0.0000,    2.3768,    2.6332,    0.0000,    0.0295,     1.3347,     0.0262
     1.830,    0.0000,    0.0000,    0.0000,    0.0000,    0.0000,    2.3767,    2.6331,    0.0000,    0.0236,     1.3326,     0.0263
     1.831,    0.0000,    0.0000,    0.0000,    0.0000,    0.0000,    2.3773,    2.6337,    0.0000,    0.0188,     1.3310,     0.0265
