romanisim/data/roman-technical-information/data/WideFieldInstrument/Imaging/EffectiveAreas/Roman_effarea_v8_SCA10_20240301.ecsv
# %ECSV 1.0
# ---
# Effective area for Roman (m^2) - parameters as of 2024 03 01
# datatype:
# - {name: Wave, datatype: float32}
# - {name: F062, datatype: float32}
# - {name: F087, datatype: float32}
# - {name: F106, datatype: float32}
# - {name: F129, datatype: float32}
# - {name: F158, datatype: float32}
# - {name: F184, datatype: float32}
# - {name: F146, datatype: float32}
# - {name: F213, datatype: float32}
# - {name: Prism, datatype: float32}
# - {name: Grism_1stOrder, datatype: float32}
# - {name: Grism_0thOrder, datatype: float32}
# schema: astropy-2.0
Wave, F062, F087, F106, F129, F158, F184, F146, F213, Prism, Grism_1stOrder, Grism_0thOrder
[from data line 1075]
     1.475,    0.0000,    0.0000,    0.0000,    0.0000,    2.4672,    0.0000,    2.4672,    0.0000,    2.4286,     1.8973,     0.0003
     1.476,    0.0000,    0.0000,    0.0000,    0.0000,    2.4677,    0.0000,    2.4677,    0.0000,    2.4291,     1.8962,     0.0003
     1.477,    0.0000,    0.0000,    0.0000,    0.0000,    2.4684,    0.0000,    2.4684,    0.0000,    2.4298,     1.8952,     0.0003
     1.478,    0.0000,    0.0000,    0.0000,    0.0000,    2.4691,    0.0000,    2.4691,    0.0000,    2.4305,     1.8942,     0.0003
     1.479,    0.0000,    0.0000,    0.0000,    0.0000,    2.4698,    0.0000,    2.4698,    0.0000,    2.4312,     1.8933,     0.0003
     1.480,    0.0000,    0.0000,    0.0000,    0.0000,    2.4706,    0.0000,    2.4706,    0.0000,    2.4320,     1.8923,     0.0003
     1.481,    0.0000,    0.0000,    0.0000,    0.0000,    2.4716,    0.0000,    2.4716,    0.0000,    2.4329,     1.8915,     0.0003
     1.482,    0.0000,    0.0000,    0.0000,    0.0000,    2.4724,    0.0000,    2.4724,    0.0000,    2.4337,     1.8906,     0.0003
     1.483,    0.0000,    0.0000,    0.0000,    0.0000,    2.4730,    0.0000,    2.4730,    0.0000,    2.4342,     1.8895,     0.0003
     1.484,    0.0000,    0.0000,    0.0000,    0.0000,    2.4735,    0.0000,    2.4735,    0.0000,    2.4347,     1.8883,     0.0003
     1.485,    0.0000,    0.0000,    0.0000,    0.0000,    2.4742,    0.0000,    2.4742,    0.0000,    2.4355,     1.8873,     0.0003
     1.486,    0.0000,    0.0000,    0.0000,    0.0000,    2.4750,    0.0000,    2.4750,    0.0000,    2.4362,     1.8863,     0.0003
     1.487,    0.0000,    0.0000,    0.0000,    0.0000,    2.4756,    0.0000,    2.4756,    0.0000,    2.4369,     1.8852,     0.0003
     1.488,    0.0000,    0.0000,    0.0000,    0.0000,    2.4761,    0.0000,    2.4761,    0.0000,    2.4374,     1.8840,     0.0004
     1.489,    0.0000,    0.0000,    0.0000,    0.0000,    2.4766,    0.0000,    2.4766,    0.0000,    2.4378,     1.8828,     0.0004
     1.490,    0.0000,    0.0000,    0.0000,    0.0000,    2.4772,    0.0000,    2.4772,    0.0000,    2.4384,     1.8816,     0.0004
     1.491,    0.0000,    0.0000,    0.0000,    0.0000,    2.4780,    0.0000,    2.4780,    0.0000,    2.4392,     1.8806,     0.0004
     1.492,    0.0000,    0.0000,    0.0000,    0.0000,    2.4788,    0.0000,    2.4788,    0.0000,    2.4400,     1.8796,     0.0004
     1.493,    0.0000,    0.0000,    0.0000,    0.0000,    2.4793,    0.0000,    2.4793,    0.0000,    2.4405,     1.8784,     0.0004
     1.494,    0.0000,    0.0000,    0.0000,    0.0000,    2.4799,    0.0000,    2.4799,    0.0000,    2.4411,     1.8773,     0.0004
     1.495,    0.0000,    0.0000,    0.0000,    0.0000,    2.4809,    0.0000,    2.4809,    0.0000,    2.4420,     1.8764,     0.0004
     1.496,    0.0000,    0.0000,    0.0000,    0.0000,    2.4819,    0.0000,    2.4819,    0.0000,    2.4430,     1.8755,     0.0004
     1.497,    0.0000,    0.0000,    0.0000,    0.0000,    2.4826,    0.0000,    2.4826,    0.0000,    2.4437,     1.8744,     0.0004
     1.498,    0.0000,    0.0000,    0.0000,    0.0000,    2.4830,    0.0000,    2.4830,    0.0000,    2.4441,     1.8730,     0.0005
     1.499,    0.0000,    0.0000,    0.0000,    0.0000,    2.4832,    0.0000,    2.4832,    0.0000,    2.4443,     1.8716,     0.0005
     1.500,    0.0000,    0.0000,    0.0000,    0.0000,    2.4836,    0.0000,    2.4836,    0.0000,    2.4447,     1.8702,     0.0005
     1.501,    0.0000,    0.0000,    0.0000,    0.0000,    2.4843,    0.0000,    2.4843,    0.0000,    2.4455,     1.8691,     0.0005
     1.502,    0.0000,    0.0000,    0.0000,    0.0000,    2.4852,    0.0000,    2.4852,    0.0000,    2.4463,     1.8681,     0.0005
     1.503,    0.0000,    0.0000,    0.0000,    0.0000,    2.4861,    0.0000,    2.4861,    0.0000,    2.4472,     1.8670,     0.0005
     1.504,    0.0000,    0.0000,    0.0000,    0.0000,    2.4868,    0.0000,    2.4868,    0.0000,    2.4479,     1.8659,     0.0005
     1.505,    0.0000,    0.0000,    0.0000,    0.0000,    2.4875,    0.0000,    2.4875,    0.0000,    2.4486,     1.8648,     0.0005
     1.506,    0.0000,    0.0000,    0.0000,    0.0000,    2.4883,    0.0000,    2.4883,    0.0000,    2.4493,     1.8636,     0.0005
     1.507,    0.0000,    0.0000,    0.0000,    0.0000,    2.4889,    0.0000,    2.4889,    0.0000,    2.4500,     1.8625,     0.0006
     1.508,    0.0000,    0.0000,    0.0000,    0.0000,    2.4894,    0.0000,    2.4894,    0.0000,    2.4504,     1.8611,     0.0006
     1.509,    0.0000,    0.0000,    0.0000,    0.0000,    2.4895,    0.0000,    2.4895,    0.0000,    2.4506,     1.8595,     0.0006
     1.510,    0.0000,    0.0000,    0.0000,    0.0000,    2.4898,    0.0000,    2.4898,    0.0000,    2.4508,     1.8579,     0.0006
     1.511,    0.0000,    0.0000,    0.0000,    0.0000,    2.4905,    0.0000,    2.4905,    0.0000,    2.4515,     1.8568,     0.0006
     1.512,    0.0000,    0.0000,    0.0000,    0.0000,    2.4916,    0.0000,    2.4916,    0.0000,    2.4526,     1.8559,     0.0006
     1.513,    0.0000,    0.0000,    0.0000,    0.0000,    2.4925,    0.0000,    2.4925,    0.0000,    2.4535,     1.8548,     0.0006
     1.514,    0.0000,    0.0000,    0.0000,    0.0000,    2.4931,    0.0000,    2.4931,    0.0000,    2.4541,     1.8536,     0.0006
     1.515,    0.0000,    0.0000,    0.0000,    0.0000,    2.4934,    0.0000,    2.4934,    0.0000,    2.4544,     1.8520,     0.0007
     1.516,    0.0000,    0.0000,    0.0000,    0.0000,    2.4935,    0.0000,    2.4935,    0.0000,    2.4545,     1.8504,     0.0007
     1.517,    0.0000,    0.0000,    0.0000,    0.0000,    2.4937,    0.0000,    2.4937,    0.0000,    2.4546,     1.8487,     0.0007
     1.518,    0.0000,    0.0000,    0.0000,    0.0000,    2.4940,    0.0000,    2.4940,    0.0000,    2.4549,     1.8472,     0.0007
     1.519,    0.0000,    0.0000,    0.0000,    0.0000,    2.4943,    0.0000,    2.4943,    0.0000,    2.4553,     1.8457,     0.0007
     1.520,    0.0000,    0.0000,    0.0000,    0.0000,    2.4948,    0.0000,    2.4948,    0.0000,    2.4557,     1.8443,     0.0007
     1.521,    0.0000,    0.0000,    0.0000,    0.0000,    2.4953,    0.0000,    2.4953,    0.0000,    2.4562,     1.8429,     0.0008
     1.522,    0.0000,    0.0000,    0.0000,    0.0000,    2.4958,    0.0000,    2.4958,    0.0000,    2.4567,     1.8415,     0.0008
     1.523,    0.0000,    0.0000,    0.0000,    0.0000,    2.4962,    0.0000,    2.4962,    0.0000,    2.4571,     1.8400,     0.0008
     1.524,    0.0000,    0.0000,    0.0000,    0.0000,    2.4967,    0.0000,    2.4967,    0.0000,    2.4576,     1.8386,     0.0008
     1.525,    0.0000,    0.0000,    0.0000,    0.0000,    2.4972,    0.0000,    2.4972,    0.0000,    2.4581,     1.8372,     0.0008
     1.526,    0.0000,    0.0000,    0.0000,    0.0000,    2.4979,    0.0000,    2.4979,    0.0000,    2.4588,     1.8359,     0.0008
     1.527,    0.0000,    0.0000,    0.0000,    0.0000,    2.4985,    0.0000,    2.4985,    0.0000,    2.4594,     1.8346,     0.0008
     1.528,    0.0000,    0.0000,    0.0000,    0.0000,    2.4989,    0.0000,    2.4989,    0.0000,    2.4598,     1.8331,     0.0009
     1.529,    0.0000,    0.0000,    0.0000,    0.0000,    2.4991,    0.0000,    2.4991,    0.0000,    2.4600,     1.8314,     0.0009
     1.530,    0.0000,    0.0000,    0.0000,    0.0000,    2.4994,    0.0000,    2.4994,    0.0000,    2.4603,     1.8299,     0.0009
     1.531,    0.0000,    0.0000,    0.0000,    0.0000,    2.5002,    0.0000,    2.5002,    0.0000,    2.4611,     1.8286,     0.0009
     1.532,    0.0000,    0.0000,    0.0000,    0.0000,    2.5009,    0.0000,    2.5009,    0.0000,    2.4618,     1.8273,     0.0009
     1.533,    0.0000,    0.0000,    0.0000,    0.0000,    2.5011,    0.0000,    2.5011,    0.0000,    2.4619,     1.8256,     0.0010
     1.534,    0.0000,    0.0000,    0.0000,    0.0000,    2.5010,    0.0000,    2.5010,    0.0000,    2.4618,     1.8237,     0.0010
     1.535,    0.0000,    0.0000,    0.0000,    0.0000,    2.5011,    0.0000,    2.5011,    0.0000,    2.4620,     1.8220,     0.0010
     1.536,    0.0000,    0.0000,    0.0000,    0.0000,    2.5014,    0.0000,    2.5014,    0.0000,    2.4623,     1.8204,     0.0010
     1.537,    0.0000,    0.0000,    0.0000,    0.0000,    2.5016,    0.0000,    2.5016,    0.0000,    2.4625,     1.8187,     0.0010
     1.538,    0.0000,    0.0000,    0.0000,    0.0000,    2.5020,    0.0000,    2.5020,    0.0000,    2.4629,     1.8172,     0.0010
     1.539,    0.0000,    0.0000,    0.0000,    0.0000,    2.5028,    0.0000,    2.5028,    0.0000,    2.4636,     1.8159,     0.0011
     1.540,    0.0000,    0.0000,    0.0000,    0.0000,    2.5034,    0.0000,    2.5034,    0.0000,    2.4642,     1.8145,     0.0011
     1.541,    0.0000,    0.0000,    0.0000,    0.0000,    2.5035,    0.0000,    2.5035,    0.0000,    2.4643,     1.8127,     0.0011
     1.542,    0.0000,    0.0000,    0.0000,    0.0000,    2.5033,    0.0000,    2.5033,    0.0000,    2.4642,     1.8107,     0.0011
     1.543,    0.0000,    0.0000,    0.0000,    0.0000,    2.5032,    0.0000,    2.5032,    0.0000,    2.4640,     1.8088,     0.0011
     1.544,    0.0000,    0.0000,    0.0000,    0.0000,    2.5034,    0.0000,    2.5034,    0.0000,    2.4642,     1.8070,     0.0012
     1.545,    0.0000,    0.0000,    0.0000,    0.0000,    2.5042,    0.0000,    2.5042,    0.0000,    2.4650,     1.8058,     0.0012
     1.546,    0.0000,    0.0000,    0.0000,    0.0000,    2.5050,    0.0000,    2.5050,    0.0000,    2.4658,     1.8045,     0.0012
     1.547,    0.0000,    0.0000,    0.0000,    0.0000,    2.5054,    0.0000,    2.5054,    0.0000,    2.4662,     1.8029,     0.0012
     1.548,    0.0000,    0.0000,    0.0000,    0.0000,    2.5056,    0.0000,    2.5056,    0.0000,    2.4664,     1.8012,     0.0013
     1.549,    0.0000,    0.0000,    0.0000,    0.0000,    2.5060,    0.0000,    2.5060,    0.0000,    2.4668,     1.7996,     0.0013
     1.550,    0.0000,    0.0000,    0.0000,    0.0000,    2.5063,    0.0000,    2.5063,    0.0000,    2.4671,     1.7979,     0.0013
     1.551,    0.0000,    0.0000,    0.0000,    0.0000,    2.5062,    0.0000,    2.5062,    0.0000,    2.4670,     1.7960,     0.0013
     1.552,    0.0000,    0.0000,    0.0000,    0.0000,    2.5061,    0.0000,    2.5061,    0.0000,    2.4669,     1.7940,     0.0013
     1.553,    0.0000,    0.0000,    0.0000,    0.0000,    2.5064,    0.0000,    2.5064,    0.0000,    2.4672,     1.7923,     0.0014
     1.554,    0.0000,    0.0000,    0.0000,    0.0000,    2.5069,    0.0000,    2.5069,    0.0000,    2.4676,     1.7908,     0.0014
     1.555,    0.0000,    0.0000,    0.0000,    0.0000,    2.5071,    0.0000,    2.5071,    0.0000,    2.4679,     1.7891,     0.0014
     1.556,    0.0000,    0.0000,    0.0000,    0.0000,    2.5071,    0.0000,    2.5071,    0.0000,    2.4679,     1.7871,     0.0014
     1.557,    0.0000,    0.0000,    0.0000,    0.0000,    2.5069,    0.0000,    2.5069,    0.0000,    2.4676,     1.7850,     0.0015
     1.558,    0.0000,    0.0000,    0.0000,    0.0000,    2.5068,    0.0000,    2.5068,    0.0000,    2.4676,     1.7831,     0.0015
     1.559,    0.0000,    0.0000,    0.0000,    0.0000,    2.5074,    0.0000,    2.5074,    0.0000,    2.4682,     1.7816,     0.0015
     1.560,    0.0000,    0.0000,    0.0000,    0.0000,    2.5079,    0.0000,    2.5079,    0.0000,    2.4687,     1.7801,     0.0015
     1.561,    0.0000,    0.0000,    0.0000,    0.0000,    2.5078,    0.0000,    2.5078,    0.0000,    2.4686,     1.7781,     0.0016
     1.562,    0.0000,    0.0000,    0.0000,    0.0000,    2.5078,    0.0000,    2.5078,    0.0000,    2.4685,     1.7761,     0.0016
     1.563,    0.0000,    0.0000,    0.0000,    0.0000,    2.5085,    0.0000,    2.5085,    0.0000,    2.4693,     1.7748,     0.0016
     1.564,    0.0000,    0.0000,    0.0000,    0.0000,    2.5094,    0.0000,    2.5094,    0.0000,    2.4701,     1.7734,     0.0016
     1.565,    0.0000,    0.0000,    0.0000,    0.0000,    2.5095,    0.0000,    2.5095,    0.0000,    2.4703,     1.7716,     0.0017
     1.566,    0.0000,    0.0000,    0.0000,    0.0000,    2.5093,    0.0000,    2.5093,    0.0000,    2.4701,     1.7695,     0.0017
     1.567,    0.0000,    0.0000,    0.0000,    0.0000,    2.5094,    0.0000,    2.5094,    0.0000,    2.4701,     1.7676,     0.0017
     1.568,    0.0000,    0.0000,    0.0000,    0.0000,    2.5098,    0.0000,    2.5098,    0.0000,    2.4705,     1.7660,     0.0018
     1.569,    0.0000,    0.0000,    0.0000,    0.0000,    2.5106,    0.0000,    2.5106,    0.0000,    2.4713,     1.7646,     0.0018
     1.570,    0.0000,    0.0000,    0.0000,    0.0000,    2.5111,    0.0000,    2.5111,    0.0000,    2.4718,     1.7630,     0.0018
     1.571,    0.0000,    0.0000,    0.0000,    0.0000,    2.5107,    0.0000,    2.5107,    0.0000,    2.4714,     1.7608,     0.0018
     1.572,    0.0000,    0.0000,    0.0000,    0.0000,    2.5103,    0.0000,    2.5103,    0.0000,    2.4710,     1.7586,     0.0019
     1.573,    0.0000,    0.0000,    0.0000,    0.0000,    2.5109,    0.0000,    2.5109,    0.0000,    2.4716,     1.7571,     0.0019
     1.574,    0.0000,    0.0000,    0.0000,    0.0000,    2.5119,    0.0000,    2.5119,    0.0000,    2.4726,     1.7558,     0.0019
     1.575,    0.0000,    0.0000,    0.0000,    0.0000,    2.5124,    0.0000,    2.5124,    0.0000,    2.4731,     1.7542,     0.0020
     1.576,    0.0000,    0.0000,    0.0000,    0.0000,    2.5124,    0.0000,    2.5124,    0.0000,    2.4731,     1.7522,     0.0020
     1.577,    0.0000,    0.0000,    0.0000,    0.0000,    2.5123,    0.0000,    2.5123,    0.0000,    2.4729,     1.7502,     0.0020
     1.578,    0.0000,    0.0000,    0.0000,    0.0000,    2.5121,    0.0000,    2.5121,    0.0000,    2.4728,     1.7481,     0.0020
     1.579,    0.0000,    0.0000,    0.0000,    0.0000,    2.5124,    0.0000,    2.5124,    0.0000,    2.4730,     1.7463,     0.0021
     1.580,    0.0000,    0.0000,    0.0000,    0.0000,    2.5127,    0.0000,    2.5127,    0.0000,    2.4733,     1.7445,     0.0021
     1.581,    0.0000,    0.0000,    0.0000,    0.0000,    2.5128,    0.0000,    2.5128,    0.0000,    2.4735,     1.7427,     0.0021
     1.582,    0.0000,    0.0000,    0.0000,    0.0000,    2.5131,    0.0000,    2.5131,    0.0000,    2.4738,     1.7409,     0.0022
     1.583,    0.0000,    0.0000,    0.0000,    0.0000,    2.5137,    0.0000,    2.5137,    0.0000,    2.4744,     1.7394,     0.0022
     1.584,    0.0000,    0.0000,    0.0000,    0.0000,    2.5142,    0.0000,    2.5142,    0.0000,    2.4749,     1.7377,     0.0022
     1.585,    0.0000,    0.0000,    0.0000,    0.0000,    2.5143,    0.0000,    2.5143,    0.0000,    2.4749,     1.7358,     0.0023
     1.586,    0.0000,    0.0000,    0.0000,    0.0000,    2.5144,    0.0000,    2.5144,    0.0000,    2.4750,     1.7339,     0.0023
     1.587,    0.0000,    0.0000,    0.0000,    0.0000,    2.5151,    0.0000,    2.5151,    0.0000,    2.4757,     1.7324,     0.0023
     1.588,    0.0000,    0.0000,    0.0000,    0.0000,    2.5160,    0.0000,    2.5160,    0.0000,    2.4766,     1.7310,     0.0024
     1.589,    0.0000,    0.0000,    0.0000,    0.0000,    2.5165,    0.0000,    2.5165,    0.0000,    2.4771,     1.7294,     0.0024
     1.590,    0.0000,    0.0000,    0.0000,    0.0000,    2.5168,    0.0000,    2.5168,    0.0000,    2.4774,     1.7276,     0.0024
     1.591,    0.0000,    0.0000,    0.0000,    0.0000,    2.5170,    0.0000,    2.5170,    0.0000,    2.4776,     1.7257,     0.0025
     1.592,    0.0000,    0.0000,    0.0000,    0.0000,    2.5174,    0.0000,    2.5174,    0.0000,    2.4780,     1.7240,     0.0025
     1.593,    0.0000,    0.0000,    0.0000,    0.0000,    2.5182,    0.0000,    2.5182,    0.0000,    2.4788,     1.7226,     0.0026
