romanisim/data/roman-technical-information/data/WideFieldInstrument/Imaging/EffectiveAreas/Roman_effarea_v8_SCA14_20240301.ecsv
# %ECSV 1.0
# ---
# Effective area for Roman (m^2) - parameters as of 2024 03 01
# datatype:
# - {name: Wave, datatype: float32}
# - {name: F062, datatype: float32}
# - {name: F087, datatype: float32}
# - {name: F106, datatype: float32}
# - {name: F129, datatype: float32}
# - {name: F158, datatype: float32}
# - {name: F184, datatype: float32}
# - {name: F146, datatype: float32}
# - {name: F213, datatype: float32}
# - {name: Prism, datatype: float32}
# - {name: Grism_1stOrder, datatype: float32}
# - {name: Grism_0thOrder, datatype: float32}
# schema: astropy-2.0
Wave, F062, F087, F106, F129, F158, F184, F146, F213, Prism, Grism_1stOrder, Grism_0thOrder
[from data line 956]
     1.356,    0.0000,    0.0000,    0.0000,    2.5038,    0.0000,    0.0000,    2.5038,    0.0000,    2.3940,     2.1446,     0.0000
     1.357,    0.0000,    0.0000,    0.0000,    2.5036,    0.0000,    0.0000,    2.5036,    0.0000,    2.3938,     2.1441,     0.0000
     1.358,    0.0000,    0.0000,    0.0000,    2.5035,    0.0000,    0.0000,    2.5035,    0.0000,    2.3937,     2.1436,     0.0000
     1.359,    0.0000,    0.0000,    0.0000,    2.5041,    0.0000,    0.0000,    2.5041,    0.0000,    2.3943,     2.1437,     0.0000
     1.360,    0.0000,    0.0000,    0.0000,    2.5048,    0.0000,    0.0000,    2.5048,    0.0000,    2.3949,     2.1439,     0.0000
     1.361,    0.0000,    0.0000,    0.0000,    2.5047,    0.0000,    0.0000,    2.5047,    0.0000,    2.3949,     2.1434,     0.0000
     1.362,    0.0000,    0.0000,    0.0000,    2.5043,    0.0000,    0.0000,    2.5043,    0.0000,    2.3945,     2.1426,     0.0000
     1.363,    0.0000,    0.0000,    0.0000,    2.5041,    0.0000,    0.0000,    2.5041,    0.0000,    2.3943,     2.1420,     0.0000
     1.364,    0.0000,    0.0000,    0.0000,    2.5040,    0.0000,    0.0000,    2.5040,    0.0000,    2.3942,     2.1414,     0.0000
     1.365,    0.0000,    0.0000,    0.0000,    2.5040,    0.0000,    0.0000,    2.5040,    0.0000,    2.3942,     2.1409,     0.0000
     1.366,    0.0000,    0.0000,    0.0000,    2.5042,    0.0000,    0.0000,    2.5042,    0.0000,    2.3944,     2.1406,     0.0000
     1.367,    0.0000,    0.0000,    0.0000,    2.5048,    0.0000,    0.0000,    2.5048,    0.0000,    2.3950,     2.1406,     0.0000
     1.368,    0.0000,    0.0000,    0.0000,    2.5054,    0.0000,    0.0000,    2.5054,    0.0000,    2.3955,     2.1405,     0.0000
     1.369,    0.0000,    0.0000,    0.0000,    2.5056,    0.0000,    0.0000,    2.5056,    0.0000,    2.3957,     2.1402,     0.0000
     1.370,    0.0000,    0.0000,    0.0000,    2.5055,    0.0000,    0.0000,    2.5055,    0.0000,    2.3956,     2.1395,     0.0000
     1.371,    0.0000,    0.0000,    0.0000,    2.5053,    0.0001,    0.0000,    2.5053,    0.0000,    2.3955,     2.1388,     0.0000
     1.372,    0.0000,    0.0000,    0.0000,    2.5052,    0.0002,    0.0000,    2.5052,    0.0000,    2.3953,     2.1381,     0.0000
     1.373,    0.0000,    0.0000,    0.0000,    2.5052,    0.0006,    0.0000,    2.5052,    0.0000,    2.3953,     2.1375,     0.0000
     1.374,    0.0000,    0.0000,    0.0000,    2.5053,    0.0019,    0.0000,    2.5053,    0.0000,    2.3955,     2.1370,     0.0000
     1.375,    0.0000,    0.0000,    0.0000,    2.5056,    0.0053,    0.0000,    2.5056,    0.0000,    2.3957,     2.1366,     0.0000
     1.376,    0.0000,    0.0000,    0.0000,    2.5058,    0.0134,    0.0000,    2.5058,    0.0000,    2.3959,     2.1362,     0.0000
     1.377,    0.0000,    0.0000,    0.0000,    2.5060,    0.0311,    0.0000,    2.5060,    0.0000,    2.3961,     2.1357,     0.0000
     1.378,    0.0000,    0.0000,    0.0000,    2.5059,    0.0664,    0.0000,    2.5059,    0.0000,    2.3960,     2.1349,     0.0000
     1.379,    0.0000,    0.0000,    0.0000,    2.5055,    0.1302,    0.0000,    2.5055,    0.0000,    2.3957,     2.1339,     0.0000
     1.380,    0.0000,    0.0000,    0.0000,    2.5052,    0.2353,    0.0000,    2.5052,    0.0000,    2.3953,     2.1330,     0.0000
     1.381,    0.0000,    0.0000,    0.0000,    2.5051,    0.3928,    0.0000,    2.5051,    0.0000,    2.3953,     2.1322,     0.0000
     1.382,    0.0000,    0.0000,    0.0000,    2.5051,    0.6072,    0.0000,    2.5051,    0.0000,    2.3952,     2.1315,     0.0000
     1.383,    0.0000,    0.0000,    0.0000,    2.5048,    0.8728,    0.0000,    2.5048,    0.0000,    2.3950,     2.1305,     0.0000
     1.384,    0.0000,    0.0000,    0.0000,    2.5043,    1.1719,    0.0000,    2.5043,    0.0000,    2.3945,     2.1293,     0.0000
     1.385,    0.0000,    0.0000,    0.0000,    2.5035,    1.4782,    0.0000,    2.5035,    0.0000,    2.3937,     2.1279,     0.0000
     1.386,    0.0000,    0.0000,    0.0000,    2.5029,    1.7637,    0.0000,    2.5029,    0.0000,    2.3932,     2.1266,     0.0000
     1.387,    0.0000,    0.0000,    0.0000,    2.5030,    2.0061,    0.0000,    2.5030,    0.0000,    2.3932,     2.1259,     0.0000
     1.388,    0.0000,    0.0000,    0.0000,    2.5031,    2.1932,    0.0000,    2.5031,    0.0000,    2.3934,     2.1253,     0.0000
     1.389,    0.0000,    0.0000,    0.0000,    2.5029,    2.3241,    0.0000,    2.5029,    0.0000,    2.3932,     2.1243,     0.0000
     1.390,    0.0000,    0.0000,    0.0000,    2.5030,    2.4078,    0.0000,    2.5030,    0.0000,    2.3932,     2.1235,     0.0000
     1.391,    0.0000,    0.0000,    0.0000,    2.5039,    2.4573,    0.0000,    2.5039,    0.0000,    2.3941,     2.1235,     0.0000
     1.392,    0.0000,    0.0000,    0.0000,    2.5047,    2.4837,    0.0000,    2.5047,    0.0000,    2.3949,     2.1233,     0.0000
     1.393,    0.0000,    0.0000,    0.0000,    2.5044,    2.4958,    0.0000,    2.5044,    0.0000,    2.3946,     2.1222,     0.0000
     1.394,    0.0000,    0.0000,    0.0000,    2.5036,    2.5004,    0.0000,    2.5036,    0.0000,    2.3939,     2.1207,     0.0000
     1.395,    0.0000,    0.0000,    0.0000,    2.5032,    2.5021,    0.0000,    2.5032,    0.0000,    2.3935,     2.1195,     0.0000
     1.396,    0.0000,    0.0000,    0.0000,    2.5033,    2.5030,    0.0000,    2.5033,    0.0000,    2.3936,     2.1187,     0.0000
     1.397,    0.0000,    0.0000,    0.0000,    2.5039,    2.5037,    0.0000,    2.5039,    0.0000,    2.3941,     2.1183,     0.0000
     1.398,    0.0000,    0.0000,    0.0000,    2.5041,    2.5040,    0.0000,    2.5041,    0.0000,    2.3943,     2.1175,     0.0000
     1.399,    0.0000,    0.0000,    0.0000,    2.5034,    2.5034,    0.0000,    2.5034,    0.0000,    2.3937,     2.1161,     0.0000
     1.400,    0.0000,    0.0000,    0.0000,    2.5025,    2.5025,    0.0000,    2.5025,    0.0000,    2.3928,     2.1144,     0.0000
     1.401,    0.0000,    0.0000,    0.0000,    2.5020,    2.5020,    0.0000,    2.5020,    0.0000,    2.3923,     2.1130,     0.0000
     1.402,    0.0000,    0.0000,    0.0000,    2.5019,    2.5019,    0.0000,    2.5019,    0.0000,    2.3922,     2.1120,     0.0000
     1.403,    0.0000,    0.0000,    0.0000,    2.5021,    2.5021,    0.0000,    2.5021,    0.0000,    2.3924,     2.1112,     0.0000
     1.404,    0.0000,    0.0000,    0.0000,    2.5023,    2.5023,    0.0000,    2.5023,    0.0000,    2.3926,     2.1104,     0.0000
     1.405,    0.0000,    0.0000,    0.0000,    2.5020,    2.5020,    0.0000,    2.5020,    0.0000,    2.3923,     2.1092,     0.0000
     1.406,    0.0000,    0.0000,    0.0000,    2.5014,    2.5014,    0.0000,    2.5014,    0.0000,    2.3917,     2.1077,     0.0000
     1.407,    0.0000,    0.0000,    0.0000,    2.5007,    2.5007,    0.0000,    2.5007,    0.0000,    2.3911,     2.1061,     0.0000
     1.408,    0.0000,    0.0000,    0.0000,    2.5001,    2.5001,    0.0000,    2.5001,    0.0000,    2.3905,     2.1045,     0.0000
     1.409,    0.0000,    0.0000,    0.0000,    2.4995,    2.4995,    0.0000,    2.4995,    0.0000,    2.3900,     2.1031,     0.0000
     1.410,    0.0000,    0.0000,    0.0000,    2.4988,    2.4988,    0.0000,    2.4988,    0.0000,    2.3892,     2.1014,     0.0000
     1.411,    0.0000,    0.0000,    0.0000,    2.4975,    2.4975,    0.0000,    2.4975,    0.0000,    2.3880,     2.0992,     0.0000
     1.412,    0.0000,    0.0000,    0.0000,    2.4964,    2.4964,    0.0000,    2.4964,    0.0000,    2.3870,     2.0973,     0.0000
     1.413,    0.0000,    0.0000,    0.0000,    2.4964,    2.4964,    0.0000,    2.4964,    0.0000,    2.3869,     2.0962,     0.0000
     1.414,    0.0000,    0.0000,    0.0000,    2.4964,    2.4964,    0.0000,    2.4964,    0.0000,    2.3870,     2.0952,     0.0000
     1.415,    0.0000,    0.0000,    0.0000,    2.4959,    2.4959,    0.0000,    2.4959,    0.0000,    2.3864,     2.0936,     0.0000
     1.416,    0.0000,    0.0000,    0.0000,    2.4950,    2.4950,    0.0000,    2.4950,    0.0000,    2.3856,     2.0917,     0.0000
     1.417,    0.0000,    0.0000,    0.0000,    2.4943,    2.4943,    0.0000,    2.4943,    0.0000,    2.3849,     2.0901,     0.0000
     1.418,    0.0000,    0.0000,    0.0000,    2.4940,    2.4940,    0.0000,    2.4940,    0.0000,    2.3847,     2.0887,     0.0000
     1.419,    0.0000,    0.0000,    0.0000,    2.4942,    2.4942,    0.0000,    2.4942,    0.0000,    2.3849,     2.0878,     0.0000
     1.420,    0.0000,    0.0000,    0.0000,    2.4945,    2.4945,    0.0000,    2.4945,    0.0000,    2.3851,     2.0869,     0.0000
     1.421,    0.0000,    0.0000,    0.0000,    2.4945,    2.4945,    0.0000,    2.4945,    0.0000,    2.3852,     2.0858,     0.0000
     1.422,    0.0000,    0.0000,    0.0000,    2.4950,    2.4950,    0.0000,    2.4950,    0.0000,    2.3856,     2.0850,     0.0000
     1.423,    0.0000,    0.0000,    0.0000,    2.4965,    2.4965,    0.0000,    2.4965,    0.0000,    2.3870,     2.0851,     0.0000
     1.424,    0.0000,    0.0000,    0.0000,    2.4984,    2.4984,    0.0000,    2.4984,    0.0000,    2.3888,     2.0855,     0.0000
     1.425,    0.0000,    0.0000,    0.0000,    2.4998,    2.4998,    0.0000,    2.4998,    0.0000,    2.3902,     2.0855,     0.0000
     1.426,    0.0000,    0.0000,    0.0000,    2.5005,    2.5005,    0.0000,    2.5005,    0.0000,    2.3908,     2.0849,     0.0001
     1.427,    0.0000,    0.0000,    0.0000,    2.5005,    2.5005,    0.0000,    2.5005,    0.0000,    2.3909,     2.0837,     0.0001
     1.428,    0.0000,    0.0000,    0.0000,    2.5005,    2.5005,    0.0000,    2.5005,    0.0000,    2.3908,     2.0824,     0.0001
     1.429,    0.0000,    0.0000,    0.0000,    2.5009,    2.5009,    0.0000,    2.5009,    0.0000,    2.3913,     2.0816,     0.0001
     1.430,    0.0000,    0.0000,    0.0000,    2.5015,    2.5015,    0.0000,    2.5015,    0.0000,    2.3919,     2.0809,     0.0001
     1.431,    0.0000,    0.0000,    0.0000,    2.5019,    2.5019,    0.0000,    2.5019,    0.0000,    2.3922,     2.0799,     0.0001
     1.432,    0.0000,    0.0000,    0.0000,    2.5021,    2.5021,    0.0000,    2.5021,    0.0000,    2.3924,     2.0789,     0.0001
     1.433,    0.0000,    0.0000,    0.0000,    2.5024,    2.5024,    0.0000,    2.5024,    0.0000,    2.3927,     2.0778,     0.0001
     1.434,    0.0000,    0.0000,    0.0000,    2.5028,    2.5028,    0.0000,    2.5028,    0.0000,    2.3931,     2.0769,     0.0001
     1.435,    0.0000,    0.0000,    0.0000,    2.5033,    2.5033,    0.0000,    2.5033,    0.0000,    2.3935,     2.0760,     0.0001
     1.436,    0.0000,    0.0000,    0.0000,    2.5037,    2.5037,    0.0000,    2.5037,    0.0000,    2.3940,     2.0751,     0.0001
     1.437,    0.0000,    0.0000,    0.0000,    2.5041,    2.5041,    0.0000,    2.5041,    0.0000,    2.3943,     2.0741,     0.0001
     1.438,    0.0000,    0.0000,    0.0000,    2.5042,    2.5042,    0.0000,    2.5042,    0.0000,    2.3945,     2.0729,     0.0001
     1.439,    0.0000,    0.0000,    0.0000,    2.5042,    2.5042,    0.0000,    2.5042,    0.0000,    2.3944,     2.0715,     0.0001
     1.440,    0.0000,    0.0000,    0.0000,    2.5043,    2.5043,    0.0000,    2.5043,    0.0000,    2.3945,     2.0703,     0.0001
     1.441,    0.0000,    0.0000,    0.0000,    2.5049,    2.5050,    0.0000,    2.5050,    0.0000,    2.3951,     2.0695,     0.0001
     1.442,    0.0000,    0.0000,    0.0000,    2.5056,    2.5058,    0.0000,    2.5058,    0.0000,    2.3959,     2.0689,     0.0001
     1.443,    0.0000,    0.0000,    0.0000,    2.5052,    2.5063,    0.0000,    2.5063,    0.0000,    2.3964,     2.0679,     0.0001
     1.444,    0.0000,    0.0000,    0.0000,    2.5024,    2.5065,    0.0000,    2.5065,    0.0000,    2.3966,     2.0667,     0.0001
     1.445,    0.0000,    0.0000,    0.0000,    2.4930,    2.5064,    0.0000,    2.5064,    0.0000,    2.3965,     2.0653,     0.0001
     1.446,    0.0000,    0.0000,    0.0000,    2.4678,    2.5064,    0.0000,    2.5064,    0.0000,    2.3966,     2.0639,     0.0001
     1.447,    0.0000,    0.0000,    0.0000,    2.4102,    2.5067,    0.0000,    2.5067,    0.0000,    2.3968,     2.0628,     0.0001
     1.448,    0.0000,    0.0000,    0.0000,    2.2960,    2.5072,    0.0000,    2.5072,    0.0000,    2.3973,     2.0618,     0.0001
     1.449,    0.0000,    0.0000,    0.0000,    2.1014,    2.5079,    0.0000,    2.5079,    0.0000,    2.3980,     2.0610,     0.0001
     1.450,    0.0000,    0.0000,    0.0000,    1.8162,    2.5087,    0.0000,    2.5087,    0.0000,    2.3988,     2.0602,     0.0001
     1.451,    0.0000,    0.0000,    0.0000,    1.4570,    2.5095,    0.0000,    2.5095,    0.0000,    2.3995,     2.0594,     0.0001
     1.452,    0.0000,    0.0000,    0.0000,    1.0681,    2.5101,    0.0000,    2.5101,    0.0000,    2.4000,     2.0584,     0.0001
     1.453,    0.0000,    0.0000,    0.0000,    0.7060,    2.5102,    0.0000,    2.5102,    0.0000,    2.4001,     2.0571,     0.0001
     1.454,    0.0000,    0.0000,    0.0000,    0.4166,    2.5103,    0.0000,    2.5103,    0.0000,    2.4002,     2.0557,     0.0001
     1.455,    0.0000,    0.0000,    0.0000,    0.2176,    2.5109,    0.0000,    2.5109,    0.0000,    2.4008,     2.0548,     0.0001
     1.456,    0.0000,    0.0000,    0.0000,    0.1000,    2.5116,    0.0000,    2.5116,    0.0000,    2.4015,     2.0539,     0.0002
     1.457,    0.0000,    0.0000,    0.0000,    0.0402,    2.5121,    0.0000,    2.5121,    0.0000,    2.4019,     2.0528,     0.0002
     1.458,    0.0000,    0.0000,    0.0000,    0.0141,    2.5126,    0.0000,    2.5126,    0.0000,    2.4024,     2.0518,     0.0002
     1.459,    0.0000,    0.0000,    0.0000,    0.0043,    2.5134,    0.0000,    2.5134,    0.0000,    2.4032,     2.0510,     0.0002
     1.460,    0.0000,    0.0000,    0.0000,    0.0011,    2.5143,    0.0000,    2.5143,    0.0000,    2.4040,     2.0501,     0.0002
     1.461,    0.0000,    0.0000,    0.0000,    0.0003,    2.5147,    0.0000,    2.5147,    0.0000,    2.4045,     2.0490,     0.0002
     1.462,    0.0000,    0.0000,    0.0000,    0.0001,    2.5151,    0.0000,    2.5151,    0.0000,    2.4048,     2.0478,     0.0002
     1.463,    0.0000,    0.0000,    0.0000,    0.0000,    2.5157,    0.0000,    2.5157,    0.0000,    2.4054,     2.0468,     0.0002
     1.464,    0.0000,    0.0000,    0.0000,    0.0000,    2.5163,    0.0000,    2.5163,    0.0000,    2.4060,     2.0458,     0.0002
     1.465,    0.0000,    0.0000,    0.0000,    0.0000,    2.5166,    0.0000,    2.5166,    0.0000,    2.4063,     2.0445,     0.0002
     1.466,    0.0000,    0.0000,    0.0000,    0.0000,    2.5170,    0.0000,    2.5170,    0.0000,    2.4067,     2.0432,     0.0002
     1.467,    0.0000,    0.0000,    0.0000,    0.0000,    2.5178,    0.0000,    2.5178,    0.0000,    2.4074,     2.0423,     0.0002
     1.468,    0.0000,    0.0000,    0.0000,    0.0000,    2.5189,    0.0000,    2.5189,    0.0000,    2.4084,     2.0416,     0.0002
     1.469,    0.0000,    0.0000,    0.0000,    0.0000,    2.5198,    0.0000,    2.5198,    0.0000,    2.4093,     2.0408,     0.0002
     1.470,    0.0000,    0.0000,    0.0000,    0.0000,    2.5204,    0.0000,    2.5204,    0.0000,    2.4098,     2.0397,     0.0002
     1.471,    0.0000,    0.0000,    0.0000,    0.0000,    2.5205,    0.0000,    2.5205,    0.0000,    2.4100,     2.0383,     0.0002
     1.472,    0.0000,    0.0000,    0.0000,    0.0000,    2.5209,    0.0000,    2.5209,    0.0000,    2.4103,     2.0369,     0.0002
     1.473,    0.0000,    0.0000,    0.0000,    0.0000,    2.5218,    0.0000,    2.5218,    0.0000,    2.4112,     2.0361,     0.0003
