romanisim/data/roman-technical-information/data/WideFieldInstrument/Imaging/EffectiveAreas/Roman_effarea_v8_SCA17_20240301.ecsv
# %ECSV 1.0
# ---
# Effective area for Roman (m^2) - parameters as of 2024 03 01
# datatype:
# - {name: Wave, datatype: float32}
# - {name: F062, datatype: float32}
# - {name: F087, datatype: float32}
# - {name: F106, datatype: float32}
# - {name: F129, datatype: float32}
# - {name: F158, datatype: float32}
# - {name: F184, datatype: float32}
# - {name: F146, datatype: float32}
# - {name: F213, datatype: float32}
# - {name: Prism, datatype: float32}
# - {name: Grism_1stOrder, datatype: float32}
# - {name: Grism_0thOrder, datatype: float32}
# schema: astropy-2.0
Wave, F062, F087, F106, F129, F158, F184, F146, F213, Prism, Grism_1stOrder, Grism_0thOrder
[from data line 956]
     1.356,    0.0000,    0.0000,    0.0000,    2.5966,    0.0000,    0.0000,    2.5966,    0.0000,    2.4866,     2.1452,     0.0000
     1.357,    0.0000,    0.0000,    0.0000,    2.5960,    0.0000,    0.0000,    2.5960,    0.0000,    2.4861,     2.1443,     0.0000
     1.358,    0.0000,    0.0000,    0.0000,    2.5956,    0.0000,    0.0000,    2.5956,    0.0000,    2.4857,     2.1436,     0.0000
     1.359,    0.0000,    0.0000,    0.0000,    2.5959,    0.0000,    0.0000,    2.5959,    0.0000,    2.4860,     2.1435,     0.0000
     1.360,    0.0000,    0.0000,    0.0000,    2.5963,    0.0000,    0.0000,    2.5963,    0.0000,    2.4863,     2.1434,     0.0000
     1.361,    0.0000,    0.0000,    0.0000,    2.5960,    0.0000,    0.0000,    2.5960,    0.0000,    2.4860,     2.1426,     0.0000
     1.362,    0.0000,    0.0000,    0.0000,    2.5953,    0.0000,    0.0000,    2.5953,    0.0000,    2.4854,     2.1416,     0.0000
     1.363,    0.0000,    0.0000,    0.0000,    2.5948,    0.0000,    0.0000,    2.5948,    0.0000,    2.4849,     2.1407,     0.0000
     1.364,    0.0000,    0.0000,    0.0000,    2.5944,    0.0000,    0.0000,    2.5944,    0.0000,    2.4845,     2.1400,     0.0000
     1.365,    0.0000,    0.0000,    0.0000,    2.5942,    0.0000,    0.0000,    2.5942,    0.0000,    2.4843,     2.1393,     0.0000
     1.366,    0.0000,    0.0000,    0.0000,    2.5942,    0.0000,    0.0000,    2.5942,    0.0000,    2.4843,     2.1388,     0.0000
     1.367,    0.0000,    0.0000,    0.0000,    2.5946,    0.0001,    0.0000,    2.5946,    0.0000,    2.4847,     2.1386,     0.0000
     1.368,    0.0000,    0.0000,    0.0000,    2.5950,    0.0003,    0.0000,    2.5950,    0.0000,    2.4851,     2.1384,     0.0000
     1.369,    0.0000,    0.0000,    0.0000,    2.5950,    0.0010,    0.0000,    2.5950,    0.0000,    2.4851,     2.1378,     0.0000
     1.370,    0.0000,    0.0000,    0.0000,    2.5947,    0.0028,    0.0000,    2.5947,    0.0000,    2.4848,     2.1371,     0.0000
     1.371,    0.0000,    0.0000,    0.0000,    2.5944,    0.0073,    0.0000,    2.5944,    0.0000,    2.4845,     2.1362,     0.0000
     1.372,    0.0000,    0.0000,    0.0000,    2.5941,    0.0175,    0.0000,    2.5941,    0.0000,    2.4842,     2.1354,     0.0000
     1.373,    0.0000,    0.0000,    0.0000,    2.5939,    0.0384,    0.0000,    2.5939,    0.0000,    2.4841,     2.1347,     0.0000
     1.374,    0.0000,    0.0000,    0.0000,    2.5939,    0.0781,    0.0000,    2.5939,    0.0000,    2.4841,     2.1341,     0.0000
     1.375,    0.0000,    0.0000,    0.0000,    2.5941,    0.1471,    0.0000,    2.5941,    0.0000,    2.4842,     2.1335,     0.0000
     1.376,    0.0000,    0.0000,    0.0000,    2.5942,    0.2569,    0.0000,    2.5942,    0.0000,    2.4843,     2.1330,     0.0000
     1.377,    0.0000,    0.0000,    0.0000,    2.5943,    0.4171,    0.0000,    2.5943,    0.0000,    2.4844,     2.1324,     0.0000
     1.378,    0.0000,    0.0000,    0.0000,    2.5941,    0.6314,    0.0000,    2.5941,    0.0000,    2.4842,     2.1316,     0.0000
     1.379,    0.0000,    0.0000,    0.0000,    2.5936,    0.8942,    0.0000,    2.5936,    0.0000,    2.4838,     2.1305,     0.0000
     1.380,    0.0000,    0.0000,    0.0000,    2.5932,    1.1896,    0.0000,    2.5932,    0.0000,    2.4833,     2.1295,     0.0000
     1.381,    0.0000,    0.0000,    0.0000,    2.5930,    1.4943,    0.0000,    2.5930,    0.0000,    2.4832,     2.1287,     0.0000
     1.382,    0.0000,    0.0000,    0.0000,    2.5929,    1.7822,    0.0000,    2.5929,    0.0000,    2.4831,     2.1279,     0.0000
     1.383,    0.0000,    0.0000,    0.0000,    2.5926,    2.0314,    0.0000,    2.5926,    0.0000,    2.4828,     2.1269,     0.0000
     1.384,    0.0000,    0.0000,    0.0000,    2.5920,    2.2290,    0.0000,    2.5920,    0.0000,    2.4822,     2.1257,     0.0000
     1.385,    0.0000,    0.0000,    0.0000,    2.5911,    2.3724,    0.0000,    2.5911,    0.0000,    2.4814,     2.1242,     0.0000
     1.386,    0.0000,    0.0000,    0.0000,    2.5905,    2.4680,    0.0000,    2.5905,    0.0000,    2.4808,     2.1229,     0.0000
     1.387,    0.0000,    0.0000,    0.0000,    2.5905,    2.5270,    0.0000,    2.5905,    0.0000,    2.4808,     2.1222,     0.0000
     1.388,    0.0000,    0.0000,    0.0000,    2.5907,    2.5601,    0.0000,    2.5907,    0.0000,    2.4809,     2.1215,     0.0000
     1.389,    0.0000,    0.0000,    0.0000,    2.5904,    2.5769,    0.0000,    2.5904,    0.0000,    2.4807,     2.1205,     0.0000
     1.390,    0.0000,    0.0000,    0.0000,    2.5905,    2.5849,    0.0000,    2.5905,    0.0000,    2.4808,     2.1197,     0.0000
     1.391,    0.0000,    0.0000,    0.0000,    2.5915,    2.5893,    0.0000,    2.5915,    0.0000,    2.4817,     2.1197,     0.0000
     1.392,    0.0000,    0.0000,    0.0000,    2.5923,    2.5916,    0.0000,    2.5923,    0.0000,    2.4825,     2.1196,     0.0000
     1.393,    0.0000,    0.0000,    0.0000,    2.5920,    2.5918,    0.0000,    2.5920,    0.0000,    2.4822,     2.1185,     0.0000
     1.394,    0.0000,    0.0000,    0.0000,    2.5912,    2.5912,    0.0000,    2.5912,    0.0000,    2.4815,     2.1170,     0.0000
     1.395,    0.0000,    0.0000,    0.0000,    2.5908,    2.5908,    0.0000,    2.5908,    0.0000,    2.4811,     2.1158,     0.0000
     1.396,    0.0000,    0.0000,    0.0000,    2.5910,    2.5910,    0.0000,    2.5910,    0.0000,    2.4812,     2.1150,     0.0000
     1.397,    0.0000,    0.0000,    0.0000,    2.5915,    2.5915,    0.0000,    2.5915,    0.0000,    2.4817,     2.1146,     0.0000
     1.398,    0.0000,    0.0000,    0.0000,    2.5918,    2.5918,    0.0000,    2.5918,    0.0000,    2.4820,     2.1139,     0.0000
     1.399,    0.0000,    0.0000,    0.0000,    2.5912,    2.5912,    0.0000,    2.5912,    0.0000,    2.4814,     2.1125,     0.0000
     1.400,    0.0000,    0.0000,    0.0000,    2.5902,    2.5902,    0.0000,    2.5902,    0.0000,    2.4805,     2.1108,     0.0000
     1.401,    0.0000,    0.0000,    0.0000,    2.5897,    2.5897,    0.0000,    2.5897,    0.0000,    2.4800,     2.1094,     0.0000
     1.402,    0.0000,    0.0000,    0.0000,    2.5897,    2.5897,    0.0000,    2.5897,    0.0000,    2.4800,     2.1085,     0.0000
     1.403,    0.0000,    0.0000,    0.0000,    2.5900,    2.5900,    0.0000,    2.5900,    0.0000,    2.4803,     2.1077,     0.0000
     1.404,    0.0000,    0.0000,    0.0000,    2.5902,    2.5902,    0.0000,    2.5902,    0.0000,    2.4805,     2.1069,     0.0000
     1.405,    0.0000,    0.0000,    0.0000,    2.5900,    2.5900,    0.0000,    2.5900,    0.0000,    2.4802,     2.1058,     0.0000
     1.406,    0.0000,    0.0000,    0.0000,    2.5894,    2.5894,    0.0000,    2.5894,    0.0000,    2.4797,     2.1043,     0.0000
     1.407,    0.0000,    0.0000,    0.0000,    2.5887,    2.5887,    0.0000,    2.5887,    0.0000,    2.4791,     2.1028,     0.0000
     1.408,    0.0000,    0.0000,    0.0000,    2.5881,    2.5881,    0.0000,    2.5881,    0.0000,    2.4785,     2.1013,     0.0000
     1.409,    0.0000,    0.0000,    0.0000,    2.5876,    2.5876,    0.0000,    2.5876,    0.0000,    2.4780,     2.0999,     0.0000
     1.410,    0.0000,    0.0000,    0.0000,    2.5869,    2.5869,    0.0000,    2.5869,    0.0000,    2.4773,     2.0982,     0.0000
     1.411,    0.0000,    0.0000,    0.0000,    2.5856,    2.5856,    0.0000,    2.5856,    0.0000,    2.4761,     2.0961,     0.0000
     1.412,    0.0000,    0.0000,    0.0000,    2.5846,    2.5846,    0.0000,    2.5846,    0.0000,    2.4751,     2.0943,     0.0000
     1.413,    0.0000,    0.0000,    0.0000,    2.5846,    2.5846,    0.0000,    2.5846,    0.0000,    2.4751,     2.0932,     0.0000
     1.414,    0.0000,    0.0000,    0.0000,    2.5847,    2.5847,    0.0000,    2.5847,    0.0000,    2.4752,     2.0922,     0.0000
     1.415,    0.0000,    0.0000,    0.0000,    2.5842,    2.5842,    0.0000,    2.5842,    0.0000,    2.4747,     2.0907,     0.0000
     1.416,    0.0000,    0.0000,    0.0000,    2.5833,    2.5833,    0.0000,    2.5833,    0.0000,    2.4738,     2.0889,     0.0000
     1.417,    0.0000,    0.0000,    0.0000,    2.5826,    2.5826,    0.0000,    2.5826,    0.0000,    2.4732,     2.0873,     0.0000
     1.418,    0.0000,    0.0000,    0.0000,    2.5824,    2.5824,    0.0000,    2.5824,    0.0000,    2.4730,     2.0860,     0.0000
     1.419,    0.0000,    0.0000,    0.0000,    2.5827,    2.5827,    0.0000,    2.5827,    0.0000,    2.4733,     2.0851,     0.0000
     1.420,    0.0000,    0.0000,    0.0000,    2.5830,    2.5830,    0.0000,    2.5830,    0.0000,    2.4736,     2.0842,     0.0000
     1.421,    0.0000,    0.0000,    0.0000,    2.5831,    2.5831,    0.0000,    2.5831,    0.0000,    2.4736,     2.0831,     0.0000
     1.422,    0.0000,    0.0000,    0.0000,    2.5836,    2.5836,    0.0000,    2.5836,    0.0000,    2.4741,     2.0824,     0.0000
     1.423,    0.0000,    0.0000,    0.0000,    2.5852,    2.5852,    0.0000,    2.5852,    0.0000,    2.4757,     2.0825,     0.0000
     1.424,    0.0000,    0.0000,    0.0000,    2.5871,    2.5871,    0.0000,    2.5871,    0.0000,    2.4775,     2.0829,     0.0000
     1.425,    0.0000,    0.0000,    0.0000,    2.5886,    2.5886,    0.0000,    2.5886,    0.0000,    2.4789,     2.0829,     0.0000
     1.426,    0.0000,    0.0000,    0.0000,    2.5893,    2.5893,    0.0000,    2.5893,    0.0000,    2.4797,     2.0823,     0.0001
     1.427,    0.0000,    0.0000,    0.0000,    2.5894,    2.5894,    0.0000,    2.5894,    0.0000,    2.4797,     2.0811,     0.0001
     1.428,    0.0000,    0.0000,    0.0000,    2.5894,    2.5894,    0.0000,    2.5894,    0.0000,    2.4797,     2.0799,     0.0001
     1.429,    0.0000,    0.0000,    0.0000,    2.5898,    2.5898,    0.0000,    2.5898,    0.0000,    2.4801,     2.0791,     0.0001
     1.430,    0.0000,    0.0000,    0.0000,    2.5905,    2.5905,    0.0000,    2.5905,    0.0000,    2.4807,     2.0783,     0.0001
     1.431,    0.0000,    0.0000,    0.0000,    2.5908,    2.5908,    0.0000,    2.5908,    0.0000,    2.4811,     2.0774,     0.0001
     1.432,    0.0000,    0.0000,    0.0000,    2.5911,    2.5911,    0.0000,    2.5911,    0.0000,    2.4813,     2.0763,     0.0001
     1.433,    0.0000,    0.0000,    0.0000,    2.5913,    2.5913,    0.0000,    2.5913,    0.0000,    2.4816,     2.0753,     0.0001
     1.434,    0.0000,    0.0000,    0.0000,    2.5917,    2.5917,    0.0000,    2.5917,    0.0000,    2.4819,     2.0743,     0.0001
     1.435,    0.0000,    0.0000,    0.0000,    2.5921,    2.5921,    0.0000,    2.5921,    0.0000,    2.4823,     2.0734,     0.0001
     1.436,    0.0000,    0.0000,    0.0000,    2.5926,    2.5926,    0.0000,    2.5926,    0.0000,    2.4828,     2.0724,     0.0001
     1.437,    0.0000,    0.0000,    0.0000,    2.5929,    2.5929,    0.0000,    2.5929,    0.0000,    2.4831,     2.0714,     0.0001
     1.438,    0.0000,    0.0000,    0.0000,    2.5928,    2.5930,    0.0000,    2.5930,    0.0000,    2.4831,     2.0701,     0.0001
     1.439,    0.0000,    0.0000,    0.0000,    2.5919,    2.5928,    0.0000,    2.5928,    0.0000,    2.4830,     2.0687,     0.0001
     1.440,    0.0000,    0.0000,    0.0000,    2.5896,    2.5929,    0.0000,    2.5929,    0.0000,    2.4830,     2.0674,     0.0001
     1.441,    0.0000,    0.0000,    0.0000,    2.5830,    2.5935,    0.0000,    2.5935,    0.0000,    2.4836,     2.0666,     0.0001
     1.442,    0.0000,    0.0000,    0.0000,    2.5644,    2.5942,    0.0000,    2.5942,    0.0000,    2.4843,     2.0658,     0.0001
     1.443,    0.0000,    0.0000,    0.0000,    2.5198,    2.5946,    0.0000,    2.5946,    0.0000,    2.4847,     2.0648,     0.0001
     1.444,    0.0000,    0.0000,    0.0000,    2.4290,    2.5947,    0.0000,    2.5947,    0.0000,    2.4848,     2.0635,     0.0001
     1.445,    0.0000,    0.0000,    0.0000,    2.2690,    2.5945,    0.0000,    2.5945,    0.0000,    2.4846,     2.0619,     0.0001
     1.446,    0.0000,    0.0000,    0.0000,    2.0241,    2.5943,    0.0000,    2.5943,    0.0000,    2.4845,     2.0605,     0.0001
     1.447,    0.0000,    0.0000,    0.0000,    1.6983,    2.5945,    0.0000,    2.5945,    0.0000,    2.4846,     2.0592,     0.0001
     1.448,    0.0000,    0.0000,    0.0000,    1.3207,    2.5948,    0.0000,    2.5948,    0.0000,    2.4849,     2.0581,     0.0001
     1.449,    0.0000,    0.0000,    0.0000,    0.9400,    2.5954,    0.0000,    2.5954,    0.0000,    2.4854,     2.0571,     0.0001
     1.450,    0.0000,    0.0000,    0.0000,    0.6058,    2.5960,    0.0000,    2.5960,    0.0000,    2.4860,     2.0562,     0.0001
     1.451,    0.0000,    0.0000,    0.0000,    0.3506,    2.5966,    0.0000,    2.5966,    0.0000,    2.4866,     2.0552,     0.0001
     1.452,    0.0000,    0.0000,    0.0000,    0.1809,    2.5969,    0.0000,    2.5969,    0.0000,    2.4869,     2.0541,     0.0001
     1.453,    0.0000,    0.0000,    0.0000,    0.0829,    2.5968,    0.0000,    2.5968,    0.0000,    2.4868,     2.0525,     0.0001
     1.454,    0.0000,    0.0000,    0.0000,    0.0335,    2.5967,    0.0000,    2.5967,    0.0000,    2.4867,     2.0510,     0.0001
     1.455,    0.0000,    0.0000,    0.0000,    0.0120,    2.5970,    0.0000,    2.5970,    0.0000,    2.4870,     2.0498,     0.0001
     1.456,    0.0000,    0.0000,    0.0000,    0.0038,    2.5975,    0.0000,    2.5975,    0.0000,    2.4875,     2.0487,     0.0002
     1.457,    0.0000,    0.0000,    0.0000,    0.0010,    2.5977,    0.0000,    2.5977,    0.0000,    2.4877,     2.0474,     0.0002
     1.458,    0.0000,    0.0000,    0.0000,    0.0002,    2.5979,    0.0000,    2.5979,    0.0000,    2.4879,     2.0461,     0.0002
     1.459,    0.0000,    0.0000,    0.0000,    0.0001,    2.5985,    0.0000,    2.5985,    0.0000,    2.4884,     2.0451,     0.0002
     1.460,    0.0000,    0.0000,    0.0000,    0.0000,    2.5991,    0.0000,    2.5991,    0.0000,    2.4890,     2.0440,     0.0002
     1.461,    0.0000,    0.0000,    0.0000,    0.0000,    2.5992,    0.0000,    2.5992,    0.0000,    2.4891,     2.0427,     0.0002
     1.462,    0.0000,    0.0000,    0.0000,    0.0000,    2.5993,    0.0000,    2.5993,    0.0000,    2.4892,     2.0412,     0.0002
     1.463,    0.0000,    0.0000,    0.0000,    0.0000,    2.5996,    0.0000,    2.5996,    0.0000,    2.4895,     2.0399,     0.0002
     1.464,    0.0000,    0.0000,    0.0000,    0.0000,    2.5999,    0.0000,    2.5999,    0.0000,    2.4898,     2.0387,     0.0002
     1.465,    0.0000,    0.0000,    0.0000,    0.0000,    2.5999,    0.0000,    2.5999,    0.0000,    2.4897,     2.0371,     0.0002
     1.466,    0.0000,    0.0000,    0.0000,    0.0000,    2.5999,    0.0000,    2.5999,    0.0000,    2.4898,     2.0356,     0.0002
     1.467,    0.0000,    0.0000,    0.0000,    0.0000,    2.6004,    0.0000,    2.6004,    0.0000,    2.4902,     2.0344,     0.0002
     1.468,    0.0000,    0.0000,    0.0000,    0.0000,    2.6011,    0.0000,    2.6011,    0.0000,    2.4909,     2.0334,     0.0002
     1.469,    0.0000,    0.0000,    0.0000,    0.0000,    2.6017,    0.0000,    2.6017,    0.0000,    2.4915,     2.0323,     0.0002
     1.470,    0.0000,    0.0000,    0.0000,    0.0000,    2.6019,    0.0000,    2.6019,    0.0000,    2.4917,     2.0309,     0.0002
     1.471,    0.0000,    0.0000,    0.0000,    0.0000,    2.6017,    0.0000,    2.6017,    0.0000,    2.4915,     2.0292,     0.0002
     1.472,    0.0000,    0.0000,    0.0000,    0.0000,    2.6016,    0.0000,    2.6016,    0.0000,    2.4914,     2.0276,     0.0002
     1.473,    0.0000,    0.0000,    0.0000,    0.0000,    2.6023,    0.0000,    2.6023,    0.0000,    2.4920,     2.0265,     0.0003
