romanisim/data/roman-technical-information/data/WideFieldInstrument/Imaging/EffectiveAreas/Roman_effarea_v8_SCA04_20240301.ecsv
# %ECSV 1.0
# ---
# Effective area for Roman (m^2) - parameters as of 2024 03 01
# datatype:
# - {name: Wave, datatype: float32}
# - {name: F062, datatype: float32}
# - {name: F087, datatype: float32}
# - {name: F106, datatype: float32}
# - {name: F129, datatype: float32}
# - {name: F158, datatype: float32}
# - {name: F184, datatype: float32}
# - {name: F146, datatype: float32}
# - {name: F213, datatype: float32}
# - {name: Prism, datatype: float32}
# - {name: Grism_1stOrder, datatype: float32}
# - {name: Grism_0thOrder, datatype: float32}
# schema: astropy-2.0
Wave, F062, F087, F106, F129, F158, F184, F146, F213, Prism, Grism_1stOrder, Grism_0thOrder
[from data line 956]
     1.356,    0.0000,    0.0000,    0.0000,    2.4478,    0.0000,    0.0000,    2.4478,    0.0000,    2.4466,     2.0696,     0.0000
     1.357,    0.0000,    0.0000,    0.0000,    2.4474,    0.0000,    0.0000,    2.4474,    0.0000,    2.4462,     2.0689,     0.0000
     1.358,    0.0000,    0.0000,    0.0000,    2.4472,    0.0000,    0.0000,    2.4472,    0.0000,    2.4460,     2.0684,     0.0000
     1.359,    0.0000,    0.0000,    0.0000,    2.4477,    0.0000,    0.0000,    2.4477,    0.0000,    2.4465,     2.0684,     0.0000
     1.360,    0.0000,    0.0000,    0.0000,    2.4482,    0.0000,    0.0000,    2.4482,    0.0000,    2.4470,     2.0684,     0.0000
     1.361,    0.0000,    0.0000,    0.0000,    2.4480,    0.0000,    0.0000,    2.4480,    0.0000,    2.4468,     2.0678,     0.0000
     1.362,    0.0000,    0.0000,    0.0000,    2.4475,    0.0000,    0.0000,    2.4475,    0.0000,    2.4463,     2.0669,     0.0000
     1.363,    0.0000,    0.0000,    0.0000,    2.4471,    0.0000,    0.0000,    2.4471,    0.0000,    2.4459,     2.0662,     0.0000
     1.364,    0.0000,    0.0000,    0.0000,    2.4469,    0.0000,    0.0000,    2.4469,    0.0000,    2.4457,     2.0655,     0.0000
     1.365,    0.0000,    0.0000,    0.0000,    2.4467,    0.0000,    0.0000,    2.4467,    0.0000,    2.4455,     2.0649,     0.0000
     1.366,    0.0000,    0.0000,    0.0000,    2.4468,    0.0000,    0.0000,    2.4468,    0.0000,    2.4456,     2.0645,     0.0000
     1.367,    0.0000,    0.0000,    0.0000,    2.4473,    0.0000,    0.0000,    2.4473,    0.0000,    2.4461,     2.0644,     0.0000
     1.368,    0.0000,    0.0000,    0.0000,    2.4477,    0.0000,    0.0000,    2.4477,    0.0000,    2.4465,     2.0643,     0.0000
     1.369,    0.0000,    0.0000,    0.0000,    2.4478,    0.0000,    0.0000,    2.4478,    0.0000,    2.4466,     2.0638,     0.0000
     1.370,    0.0000,    0.0000,    0.0000,    2.4476,    0.0000,    0.0000,    2.4476,    0.0000,    2.4464,     2.0631,     0.0000
     1.371,    0.0000,    0.0000,    0.0000,    2.4473,    0.0000,    0.0000,    2.4473,    0.0000,    2.4461,     2.0623,     0.0000
     1.372,    0.0000,    0.0000,    0.0000,    2.4470,    0.0002,    0.0000,    2.4470,    0.0000,    2.4459,     2.0615,     0.0000
     1.373,    0.0000,    0.0000,    0.0000,    2.4469,    0.0005,    0.0000,    2.4469,    0.0000,    2.4457,     2.0608,     0.0000
     1.374,    0.0000,    0.0000,    0.0000,    2.4470,    0.0016,    0.0000,    2.4470,    0.0000,    2.4458,     2.0603,     0.0000
     1.375,    0.0000,    0.0000,    0.0000,    2.4471,    0.0044,    0.0000,    2.4471,    0.0000,    2.4459,     2.0598,     0.0000
     1.376,    0.0000,    0.0000,    0.0000,    2.4472,    0.0114,    0.0000,    2.4472,    0.0000,    2.4460,     2.0593,     0.0000
     1.377,    0.0000,    0.0000,    0.0000,    2.4473,    0.0269,    0.0000,    2.4473,    0.0000,    2.4461,     2.0587,     0.0000
     1.378,    0.0000,    0.0000,    0.0000,    2.4471,    0.0582,    0.0000,    2.4471,    0.0000,    2.4459,     2.0579,     0.0000
     1.379,    0.0000,    0.0000,    0.0000,    2.4466,    0.1156,    0.0000,    2.4466,    0.0000,    2.4455,     2.0569,     0.0000
     1.380,    0.0000,    0.0000,    0.0000,    2.4462,    0.2114,    0.0000,    2.4462,    0.0000,    2.4450,     2.0558,     0.0000
     1.381,    0.0000,    0.0000,    0.0000,    2.4460,    0.3569,    0.0000,    2.4460,    0.0000,    2.4448,     2.0550,     0.0000
     1.382,    0.0000,    0.0000,    0.0000,    2.4459,    0.5580,    0.0000,    2.4459,    0.0000,    2.4447,     2.0542,     0.0000
     1.383,    0.0000,    0.0000,    0.0000,    2.4456,    0.8107,    0.0000,    2.4456,    0.0000,    2.4444,     2.0533,     0.0000
     1.384,    0.0000,    0.0000,    0.0000,    2.4450,    1.0992,    0.0000,    2.4450,    0.0000,    2.4438,     2.0520,     0.0000
     1.385,    0.0000,    0.0000,    0.0000,    2.4441,    1.3989,    0.0000,    2.4441,    0.0000,    2.4429,     2.0506,     0.0000
     1.386,    0.0000,    0.0000,    0.0000,    2.4434,    1.6822,    0.0000,    2.4434,    0.0000,    2.4422,     2.0493,     0.0000
     1.387,    0.0000,    0.0000,    0.0000,    2.4434,    1.9262,    0.0000,    2.4434,    0.0000,    2.4422,     2.0485,     0.0000
     1.388,    0.0000,    0.0000,    0.0000,    2.4435,    2.1172,    0.0000,    2.4435,    0.0000,    2.4423,     2.0478,     0.0000
     1.389,    0.0000,    0.0000,    0.0000,    2.4432,    2.2527,    0.0000,    2.4432,    0.0000,    2.4420,     2.0468,     0.0000
     1.390,    0.0000,    0.0000,    0.0000,    2.4432,    2.3406,    0.0000,    2.4432,    0.0000,    2.4420,     2.0460,     0.0000
     1.391,    0.0000,    0.0000,    0.0000,    2.4440,    2.3931,    0.0000,    2.4440,    0.0000,    2.4428,     2.0459,     0.0000
     1.392,    0.0000,    0.0000,    0.0000,    2.4448,    2.4216,    0.0000,    2.4448,    0.0000,    2.4436,     2.0457,     0.0000
     1.393,    0.0000,    0.0000,    0.0000,    2.4444,    2.4347,    0.0000,    2.4444,    0.0000,    2.4432,     2.0446,     0.0000
     1.394,    0.0000,    0.0000,    0.0000,    2.4436,    2.4399,    0.0000,    2.4436,    0.0000,    2.4424,     2.0431,     0.0000
     1.395,    0.0000,    0.0000,    0.0000,    2.4432,    2.4419,    0.0000,    2.4432,    0.0000,    2.4420,     2.0419,     0.0000
     1.396,    0.0000,    0.0000,    0.0000,    2.4432,    2.4428,    0.0000,    2.4432,    0.0000,    2.4420,     2.0411,     0.0000
     1.397,    0.0000,    0.0000,    0.0000,    2.4437,    2.4435,    0.0000,    2.4437,    0.0000,    2.4425,     2.0406,     0.0000
     1.398,    0.0000,    0.0000,    0.0000,    2.4438,    2.4438,    0.0000,    2.4438,    0.0000,    2.4426,     2.0399,     0.0000
     1.399,    0.0000,    0.0000,    0.0000,    2.4432,    2.4432,    0.0000,    2.4432,    0.0000,    2.4420,     2.0385,     0.0000
     1.400,    0.0000,    0.0000,    0.0000,    2.4422,    2.4422,    0.0000,    2.4422,    0.0000,    2.4411,     2.0368,     0.0000
     1.401,    0.0000,    0.0000,    0.0000,    2.4417,    2.4417,    0.0000,    2.4417,    0.0000,    2.4405,     2.0354,     0.0000
     1.402,    0.0000,    0.0000,    0.0000,    2.4416,    2.4416,    0.0000,    2.4416,    0.0000,    2.4404,     2.0344,     0.0000
     1.403,    0.0000,    0.0000,    0.0000,    2.4418,    2.4418,    0.0000,    2.4418,    0.0000,    2.4406,     2.0337,     0.0000
     1.404,    0.0000,    0.0000,    0.0000,    2.4419,    2.4419,    0.0000,    2.4419,    0.0000,    2.4407,     2.0328,     0.0000
     1.405,    0.0000,    0.0000,    0.0000,    2.4416,    2.4416,    0.0000,    2.4416,    0.0000,    2.4404,     2.0316,     0.0000
     1.406,    0.0000,    0.0000,    0.0000,    2.4410,    2.4410,    0.0000,    2.4410,    0.0000,    2.4398,     2.0302,     0.0000
     1.407,    0.0000,    0.0000,    0.0000,    2.4403,    2.4403,    0.0000,    2.4403,    0.0000,    2.4391,     2.0286,     0.0000
     1.408,    0.0000,    0.0000,    0.0000,    2.4397,    2.4397,    0.0000,    2.4397,    0.0000,    2.4385,     2.0271,     0.0000
     1.409,    0.0000,    0.0000,    0.0000,    2.4391,    2.4391,    0.0000,    2.4391,    0.0000,    2.4379,     2.0257,     0.0000
     1.410,    0.0000,    0.0000,    0.0000,    2.4383,    2.4383,    0.0000,    2.4383,    0.0000,    2.4372,     2.0241,     0.0000
     1.411,    0.0000,    0.0000,    0.0000,    2.4371,    2.4371,    0.0000,    2.4371,    0.0000,    2.4359,     2.0220,     0.0000
     1.412,    0.0000,    0.0000,    0.0000,    2.4361,    2.4361,    0.0000,    2.4361,    0.0000,    2.4349,     2.0202,     0.0000
     1.413,    0.0000,    0.0000,    0.0000,    2.4360,    2.4360,    0.0000,    2.4360,    0.0000,    2.4348,     2.0191,     0.0000
     1.414,    0.0000,    0.0000,    0.0000,    2.4361,    2.4361,    0.0000,    2.4361,    0.0000,    2.4349,     2.0181,     0.0000
     1.415,    0.0000,    0.0000,    0.0000,    2.4355,    2.4355,    0.0000,    2.4355,    0.0000,    2.4343,     2.0166,     0.0000
     1.416,    0.0000,    0.0000,    0.0000,    2.4346,    2.4346,    0.0000,    2.4346,    0.0000,    2.4334,     2.0148,     0.0000
     1.417,    0.0000,    0.0000,    0.0000,    2.4339,    2.4339,    0.0000,    2.4339,    0.0000,    2.4327,     2.0131,     0.0000
     1.418,    0.0000,    0.0000,    0.0000,    2.4337,    2.4337,    0.0000,    2.4337,    0.0000,    2.4325,     2.0119,     0.0000
     1.419,    0.0000,    0.0000,    0.0000,    2.4339,    2.4339,    0.0000,    2.4339,    0.0000,    2.4327,     2.0109,     0.0000
     1.420,    0.0000,    0.0000,    0.0000,    2.4341,    2.4341,    0.0000,    2.4341,    0.0000,    2.4329,     2.0101,     0.0000
     1.421,    0.0000,    0.0000,    0.0000,    2.4341,    2.4341,    0.0000,    2.4341,    0.0000,    2.4330,     2.0090,     0.0000
     1.422,    0.0000,    0.0000,    0.0000,    2.4346,    2.4346,    0.0000,    2.4346,    0.0000,    2.4334,     2.0082,     0.0000
     1.423,    0.0000,    0.0000,    0.0000,    2.4360,    2.4360,    0.0000,    2.4360,    0.0000,    2.4349,     2.0083,     0.0000
     1.424,    0.0000,    0.0000,    0.0000,    2.4378,    2.4378,    0.0000,    2.4378,    0.0000,    2.4367,     2.0087,     0.0000
     1.425,    0.0000,    0.0000,    0.0000,    2.4392,    2.4392,    0.0000,    2.4392,    0.0000,    2.4380,     2.0087,     0.0000
     1.426,    0.0000,    0.0000,    0.0000,    2.4399,    2.4399,    0.0000,    2.4399,    0.0000,    2.4387,     2.0081,     0.0000
     1.427,    0.0000,    0.0000,    0.0000,    2.4399,    2.4399,    0.0000,    2.4399,    0.0000,    2.4387,     2.0069,     0.0001
     1.428,    0.0000,    0.0000,    0.0000,    2.4399,    2.4399,    0.0000,    2.4399,    0.0000,    2.4387,     2.0057,     0.0001
     1.429,    0.0000,    0.0000,    0.0000,    2.4403,    2.4403,    0.0000,    2.4403,    0.0000,    2.4391,     2.0049,     0.0001
     1.430,    0.0000,    0.0000,    0.0000,    2.4409,    2.4409,    0.0000,    2.4409,    0.0000,    2.4397,     2.0042,     0.0001
     1.431,    0.0000,    0.0000,    0.0000,    2.4412,    2.4412,    0.0000,    2.4412,    0.0000,    2.4400,     2.0032,     0.0001
     1.432,    0.0000,    0.0000,    0.0000,    2.4414,    2.4414,    0.0000,    2.4414,    0.0000,    2.4402,     2.0022,     0.0001
     1.433,    0.0000,    0.0000,    0.0000,    2.4416,    2.4416,    0.0000,    2.4416,    0.0000,    2.4404,     2.0012,     0.0001
     1.434,    0.0000,    0.0000,    0.0000,    2.4420,    2.4420,    0.0000,    2.4420,    0.0000,    2.4408,     2.0002,     0.0001
     1.435,    0.0000,    0.0000,    0.0000,    2.4424,    2.4424,    0.0000,    2.4424,    0.0000,    2.4412,     1.9993,     0.0001
     1.436,    0.0000,    0.0000,    0.0000,    2.4428,    2.4428,    0.0000,    2.4428,    0.0000,    2.4416,     1.9984,     0.0001
     1.437,    0.0000,    0.0000,    0.0000,    2.4431,    2.4431,    0.0000,    2.4431,    0.0000,    2.4419,     1.9974,     0.0001
     1.438,    0.0000,    0.0000,    0.0000,    2.4432,    2.4432,    0.0000,    2.4432,    0.0000,    2.4420,     1.9962,     0.0001
     1.439,    0.0000,    0.0000,    0.0000,    2.4431,    2.4431,    0.0000,    2.4431,    0.0000,    2.4419,     1.9949,     0.0001
     1.440,    0.0000,    0.0000,    0.0000,    2.4431,    2.4431,    0.0000,    2.4431,    0.0000,    2.4419,     1.9936,     0.0001
     1.441,    0.0000,    0.0000,    0.0000,    2.4437,    2.4437,    0.0000,    2.4437,    0.0000,    2.4425,     1.9928,     0.0001
     1.442,    0.0000,    0.0000,    0.0000,    2.4444,    2.4445,    0.0000,    2.4445,    0.0000,    2.4433,     1.9921,     0.0001
     1.443,    0.0000,    0.0000,    0.0000,    2.4444,    2.4449,    0.0000,    2.4449,    0.0000,    2.4437,     1.9912,     0.0001
     1.444,    0.0000,    0.0000,    0.0000,    2.4429,    2.4450,    0.0000,    2.4450,    0.0000,    2.4438,     1.9899,     0.0001
     1.445,    0.0000,    0.0000,    0.0000,    2.4371,    2.4449,    0.0000,    2.4449,    0.0000,    2.4437,     1.9885,     0.0001
     1.446,    0.0000,    0.0000,    0.0000,    2.4200,    2.4448,    0.0000,    2.4448,    0.0000,    2.4436,     1.9871,     0.0001
     1.447,    0.0000,    0.0000,    0.0000,    2.3764,    2.4449,    0.0000,    2.4449,    0.0000,    2.4437,     1.9859,     0.0001
     1.448,    0.0000,    0.0000,    0.0000,    2.2822,    2.4453,    0.0000,    2.4453,    0.0000,    2.4442,     1.9849,     0.0001
     1.449,    0.0000,    0.0000,    0.0000,    2.1091,    2.4459,    0.0000,    2.4459,    0.0000,    2.4447,     1.9840,     0.0001
     1.450,    0.0000,    0.0000,    0.0000,    1.8397,    2.4466,    0.0000,    2.4466,    0.0000,    2.4454,     1.9832,     0.0001
     1.451,    0.0000,    0.0000,    0.0000,    1.4846,    2.4472,    0.0000,    2.4472,    0.0000,    2.4460,     1.9824,     0.0001
     1.452,    0.0000,    0.0000,    0.0000,    1.0881,    2.4476,    0.0000,    2.4476,    0.0000,    2.4464,     1.9813,     0.0001
     1.453,    0.0000,    0.0000,    0.0000,    0.7131,    2.4476,    0.0000,    2.4476,    0.0000,    2.4464,     1.9799,     0.0001
     1.454,    0.0000,    0.0000,    0.0000,    0.4128,    2.4475,    0.0000,    2.4475,    0.0000,    2.4463,     1.9785,     0.0001
     1.455,    0.0000,    0.0000,    0.0000,    0.2091,    2.4480,    0.0000,    2.4480,    0.0000,    2.4468,     1.9774,     0.0001
     1.456,    0.0000,    0.0000,    0.0000,    0.0920,    2.4485,    0.0000,    2.4485,    0.0000,    2.4473,     1.9764,     0.0001
     1.457,    0.0000,    0.0000,    0.0000,    0.0350,    2.4488,    0.0000,    2.4488,    0.0000,    2.4476,     1.9753,     0.0002
     1.458,    0.0000,    0.0000,    0.0000,    0.0114,    2.4491,    0.0000,    2.4491,    0.0000,    2.4480,     1.9741,     0.0002
     1.459,    0.0000,    0.0000,    0.0000,    0.0032,    2.4498,    0.0000,    2.4498,    0.0000,    2.4486,     1.9732,     0.0002
     1.460,    0.0000,    0.0000,    0.0000,    0.0008,    2.4504,    0.0000,    2.4504,    0.0000,    2.4492,     1.9723,     0.0002
     1.461,    0.0000,    0.0000,    0.0000,    0.0002,    2.4507,    0.0000,    2.4507,    0.0000,    2.4495,     1.9710,     0.0002
     1.462,    0.0000,    0.0000,    0.0000,    0.0000,    2.4509,    0.0000,    2.4509,    0.0000,    2.4497,     1.9697,     0.0002
     1.463,    0.0000,    0.0000,    0.0000,    0.0000,    2.4513,    0.0000,    2.4513,    0.0000,    2.4501,     1.9686,     0.0002
     1.464,    0.0000,    0.0000,    0.0000,    0.0000,    2.4517,    0.0000,    2.4517,    0.0000,    2.4505,     1.9675,     0.0002
     1.465,    0.0000,    0.0000,    0.0000,    0.0000,    2.4518,    0.0000,    2.4518,    0.0000,    2.4506,     1.9661,     0.0002
     1.466,    0.0000,    0.0000,    0.0000,    0.0000,    2.4520,    0.0000,    2.4520,    0.0000,    2.4508,     1.9647,     0.0002
     1.467,    0.0000,    0.0000,    0.0000,    0.0000,    2.4526,    0.0000,    2.4526,    0.0000,    2.4514,     1.9637,     0.0002
     1.468,    0.0000,    0.0000,    0.0000,    0.0000,    2.4534,    0.0000,    2.4534,    0.0000,    2.4522,     1.9629,     0.0002
     1.469,    0.0000,    0.0000,    0.0000,    0.0000,    2.4541,    0.0000,    2.4541,    0.0000,    2.4529,     1.9619,     0.0002
     1.470,    0.0000,    0.0000,    0.0000,    0.0000,    2.4544,    0.0000,    2.4544,    0.0000,    2.4532,     1.9607,     0.0002
     1.471,    0.0000,    0.0000,    0.0000,    0.0000,    2.4544,    0.0000,    2.4544,    0.0000,    2.4532,     1.9591,     0.0002
     1.472,    0.0000,    0.0000,    0.0000,    0.0000,    2.4545,    0.0000,    2.4545,    0.0000,    2.4533,     1.9577,     0.0002
     1.473,    0.0000,    0.0000,    0.0000,    0.0000,    2.4552,    0.0000,    2.4552,    0.0000,    2.4540,     1.9567,     0.0002
