romanisim/data/roman-technical-information/data/WideFieldInstrument/Imaging/EffectiveAreas/Roman_effarea_v8_SCA17_20240301.ecsv
# %ECSV 1.0
# ---
# Effective area for Roman (m^2) - parameters as of 2024 03 01
# datatype:
# - {name: Wave, datatype: float32}
# - {name: F062, datatype: float32}
# - {name: F087, datatype: float32}
# - {name: F106, datatype: float32}
# - {name: F129, datatype: float32}
# - {name: F158, datatype: float32}
# - {name: F184, datatype: float32}
# - {name: F146, datatype: float32}
# - {name: F213, datatype: float32}
# - {name: Prism, datatype: float32}
# - {name: Grism_1stOrder, datatype: float32}
# - {name: Grism_0thOrder, datatype: float32}
# schema: astropy-2.0
Wave, F062, F087, F106, F129, F158, F184, F146, F213, Prism, Grism_1stOrder, Grism_0thOrder
[from data line 1075]
     1.475,    0.0000,    0.0000,    0.0000,    0.0000,    2.6034,    0.0000,    2.6034,    0.0000,    2.4931,     2.0242,     0.0003
     1.476,    0.0000,    0.0000,    0.0000,    0.0000,    2.6036,    0.0000,    2.6036,    0.0000,    2.4933,     2.0227,     0.0003
     1.477,    0.0000,    0.0000,    0.0000,    0.0000,    2.6040,    0.0000,    2.6040,    0.0000,    2.4937,     2.0214,     0.0003
     1.478,    0.0000,    0.0000,    0.0000,    0.0000,    2.6044,    0.0000,    2.6044,    0.0000,    2.4941,     2.0201,     0.0003
     1.479,    0.0000,    0.0000,    0.0000,    0.0000,    2.6048,    0.0000,    2.6048,    0.0000,    2.4944,     2.0188,     0.0003
     1.480,    0.0000,    0.0000,    0.0000,    0.0000,    2.6053,    0.0000,    2.6053,    0.0000,    2.4949,     2.0175,     0.0003
     1.481,    0.0000,    0.0000,    0.0000,    0.0000,    2.6059,    0.0000,    2.6059,    0.0000,    2.4955,     2.0164,     0.0003
     1.482,    0.0000,    0.0000,    0.0000,    0.0000,    2.6064,    0.0000,    2.6064,    0.0000,    2.4960,     2.0151,     0.0003
     1.483,    0.0000,    0.0000,    0.0000,    0.0000,    2.6067,    0.0000,    2.6067,    0.0000,    2.4962,     2.0136,     0.0003
     1.484,    0.0000,    0.0000,    0.0000,    0.0000,    2.6068,    0.0000,    2.6068,    0.0000,    2.4964,     2.0121,     0.0003
     1.485,    0.0000,    0.0000,    0.0000,    0.0000,    2.6073,    0.0000,    2.6073,    0.0000,    2.4968,     2.0108,     0.0004
     1.486,    0.0000,    0.0000,    0.0000,    0.0000,    2.6078,    0.0000,    2.6078,    0.0000,    2.4973,     2.0095,     0.0004
     1.487,    0.0000,    0.0000,    0.0000,    0.0000,    2.6082,    0.0000,    2.6082,    0.0000,    2.4977,     2.0081,     0.0004
     1.488,    0.0000,    0.0000,    0.0000,    0.0000,    2.6084,    0.0000,    2.6084,    0.0000,    2.4979,     2.0066,     0.0004
     1.489,    0.0000,    0.0000,    0.0000,    0.0000,    2.6085,    0.0000,    2.6085,    0.0000,    2.4980,     2.0050,     0.0004
     1.490,    0.0000,    0.0000,    0.0000,    0.0000,    2.6088,    0.0000,    2.6088,    0.0000,    2.4983,     2.0035,     0.0004
     1.491,    0.0000,    0.0000,    0.0000,    0.0000,    2.6094,    0.0000,    2.6094,    0.0000,    2.4989,     2.0023,     0.0004
     1.492,    0.0000,    0.0000,    0.0000,    0.0000,    2.6100,    0.0000,    2.6100,    0.0000,    2.4994,     2.0010,     0.0004
     1.493,    0.0000,    0.0000,    0.0000,    0.0000,    2.6102,    0.0000,    2.6102,    0.0000,    2.4997,     1.9995,     0.0004
     1.494,    0.0000,    0.0000,    0.0000,    0.0000,    2.6106,    0.0000,    2.6106,    0.0000,    2.5000,     1.9980,     0.0004
     1.495,    0.0000,    0.0000,    0.0000,    0.0000,    2.6113,    0.0000,    2.6113,    0.0000,    2.5007,     1.9969,     0.0004
     1.496,    0.0000,    0.0000,    0.0000,    0.0000,    2.6121,    0.0000,    2.6121,    0.0000,    2.5015,     1.9957,     0.0005
     1.497,    0.0000,    0.0000,    0.0000,    0.0000,    2.6126,    0.0000,    2.6126,    0.0000,    2.5020,     1.9944,     0.0005
     1.498,    0.0000,    0.0000,    0.0000,    0.0000,    2.6128,    0.0000,    2.6128,    0.0000,    2.5021,     1.9927,     0.0005
     1.499,    0.0000,    0.0000,    0.0000,    0.0000,    2.6129,    0.0000,    2.6129,    0.0000,    2.5022,     1.9910,     0.0005
     1.500,    0.0000,    0.0000,    0.0000,    0.0000,    2.6131,    0.0000,    2.6131,    0.0000,    2.5024,     1.9894,     0.0005
     1.501,    0.0000,    0.0000,    0.0000,    0.0000,    2.6137,    0.0000,    2.6137,    0.0000,    2.5030,     1.9881,     0.0005
     1.502,    0.0000,    0.0000,    0.0000,    0.0000,    2.6144,    0.0000,    2.6144,    0.0000,    2.5037,     1.9869,     0.0005
     1.503,    0.0000,    0.0000,    0.0000,    0.0000,    2.6152,    0.0000,    2.6152,    0.0000,    2.5044,     1.9857,     0.0005
     1.504,    0.0000,    0.0000,    0.0000,    0.0000,    2.6158,    0.0000,    2.6158,    0.0000,    2.5050,     1.9844,     0.0006
     1.505,    0.0000,    0.0000,    0.0000,    0.0000,    2.6164,    0.0000,    2.6164,    0.0000,    2.5056,     1.9831,     0.0006
     1.506,    0.0000,    0.0000,    0.0000,    0.0000,    2.6171,    0.0000,    2.6171,    0.0000,    2.5062,     1.9818,     0.0006
     1.507,    0.0000,    0.0000,    0.0000,    0.0000,    2.6177,    0.0000,    2.6177,    0.0000,    2.5068,     1.9804,     0.0006
     1.508,    0.0000,    0.0000,    0.0000,    0.0000,    2.6181,    0.0000,    2.6181,    0.0000,    2.5072,     1.9789,     0.0006
     1.509,    0.0000,    0.0000,    0.0000,    0.0000,    2.6181,    0.0000,    2.6181,    0.0000,    2.5072,     1.9771,     0.0006
     1.510,    0.0000,    0.0000,    0.0000,    0.0000,    2.6183,    0.0000,    2.6183,    0.0000,    2.5074,     1.9754,     0.0006
     1.511,    0.0000,    0.0000,    0.0000,    0.0000,    2.6190,    0.0000,    2.6190,    0.0000,    2.5081,     1.9742,     0.0006
     1.512,    0.0000,    0.0000,    0.0000,    0.0000,    2.6201,    0.0000,    2.6201,    0.0000,    2.5091,     1.9731,     0.0007
     1.513,    0.0000,    0.0000,    0.0000,    0.0000,    2.6210,    0.0000,    2.6210,    0.0000,    2.5100,     1.9720,     0.0007
     1.514,    0.0000,    0.0000,    0.0000,    0.0000,    2.6216,    0.0000,    2.6216,    0.0000,    2.5106,     1.9706,     0.0007
     1.515,    0.0000,    0.0000,    0.0000,    0.0000,    2.6219,    0.0000,    2.6219,    0.0000,    2.5108,     1.9690,     0.0007
     1.516,    0.0000,    0.0000,    0.0000,    0.0000,    2.6220,    0.0000,    2.6220,    0.0000,    2.5109,     1.9672,     0.0007
     1.517,    0.0000,    0.0000,    0.0000,    0.0000,    2.6222,    0.0000,    2.6222,    0.0000,    2.5111,     1.9655,     0.0007
     1.518,    0.0000,    0.0000,    0.0000,    0.0000,    2.6225,    0.0000,    2.6225,    0.0000,    2.5114,     1.9639,     0.0008
     1.519,    0.0000,    0.0000,    0.0000,    0.0000,    2.6229,    0.0000,    2.6229,    0.0000,    2.5118,     1.9623,     0.0008
     1.520,    0.0000,    0.0000,    0.0000,    0.0000,    2.6234,    0.0000,    2.6234,    0.0000,    2.5122,     1.9608,     0.0008
     1.521,    0.0000,    0.0000,    0.0000,    0.0000,    2.6239,    0.0000,    2.6239,    0.0000,    2.5128,     1.9593,     0.0008
     1.522,    0.0000,    0.0000,    0.0000,    0.0000,    2.6245,    0.0000,    2.6245,    0.0000,    2.5133,     1.9579,     0.0008
     1.523,    0.0000,    0.0000,    0.0000,    0.0000,    2.6250,    0.0000,    2.6250,    0.0000,    2.5138,     1.9564,     0.0008
     1.524,    0.0000,    0.0000,    0.0000,    0.0000,    2.6255,    0.0000,    2.6255,    0.0000,    2.5143,     1.9548,     0.0008
     1.525,    0.0000,    0.0000,    0.0000,    0.0000,    2.6262,    0.0000,    2.6262,    0.0000,    2.5149,     1.9534,     0.0009
     1.526,    0.0000,    0.0000,    0.0000,    0.0000,    2.6269,    0.0000,    2.6269,    0.0000,    2.5156,     1.9521,     0.0009
     1.527,    0.0000,    0.0000,    0.0000,    0.0000,    2.6276,    0.0000,    2.6276,    0.0000,    2.5163,     1.9507,     0.0009
     1.528,    0.0000,    0.0000,    0.0000,    0.0000,    2.6281,    0.0000,    2.6281,    0.0000,    2.5168,     1.9492,     0.0009
     1.529,    0.0000,    0.0000,    0.0000,    0.0000,    2.6284,    0.0000,    2.6284,    0.0000,    2.5171,     1.9475,     0.0009
     1.530,    0.0000,    0.0000,    0.0000,    0.0000,    2.6289,    0.0000,    2.6289,    0.0000,    2.5175,     1.9459,     0.0010
     1.531,    0.0000,    0.0000,    0.0000,    0.0000,    2.6298,    0.0000,    2.6298,    0.0000,    2.5184,     1.9446,     0.0010
     1.532,    0.0000,    0.0000,    0.0000,    0.0000,    2.6306,    0.0000,    2.6306,    0.0000,    2.5192,     1.9433,     0.0010
     1.533,    0.0000,    0.0000,    0.0000,    0.0000,    2.6309,    0.0000,    2.6309,    0.0000,    2.5194,     1.9416,     0.0010
     1.534,    0.0000,    0.0000,    0.0000,    0.0000,    2.6309,    0.0000,    2.6309,    0.0000,    2.5194,     1.9397,     0.0010
     1.535,    0.0000,    0.0000,    0.0000,    0.0000,    2.6311,    0.0000,    2.6311,    0.0000,    2.5197,     1.9379,     0.0011
     1.536,    0.0000,    0.0000,    0.0000,    0.0000,    2.6315,    0.0000,    2.6315,    0.0000,    2.5201,     1.9362,     0.0011
     1.537,    0.0000,    0.0000,    0.0000,    0.0000,    2.6319,    0.0000,    2.6319,    0.0000,    2.5204,     1.9346,     0.0011
     1.538,    0.0000,    0.0000,    0.0000,    0.0000,    2.6324,    0.0000,    2.6324,    0.0000,    2.5209,     1.9330,     0.0011
     1.539,    0.0000,    0.0000,    0.0000,    0.0000,    2.6333,    0.0000,    2.6333,    0.0000,    2.5218,     1.9317,     0.0011
     1.540,    0.0000,    0.0000,    0.0000,    0.0000,    2.6341,    0.0000,    2.6341,    0.0000,    2.5225,     1.9303,     0.0012
     1.541,    0.0000,    0.0000,    0.0000,    0.0000,    2.6343,    0.0000,    2.6343,    0.0000,    2.5227,     1.9285,     0.0012
     1.542,    0.0000,    0.0000,    0.0000,    0.0000,    2.6343,    0.0000,    2.6343,    0.0000,    2.5227,     1.9265,     0.0012
     1.543,    0.0000,    0.0000,    0.0000,    0.0000,    2.6342,    0.0000,    2.6342,    0.0000,    2.5226,     1.9245,     0.0012
     1.544,    0.0000,    0.0000,    0.0000,    0.0000,    2.6345,    0.0000,    2.6345,    0.0000,    2.5229,     1.9227,     0.0012
     1.545,    0.0000,    0.0000,    0.0000,    0.0000,    2.6355,    0.0000,    2.6355,    0.0000,    2.5239,     1.9215,     0.0013
     1.546,    0.0000,    0.0000,    0.0000,    0.0000,    2.6365,    0.0000,    2.6365,    0.0000,    2.5248,     1.9202,     0.0013
     1.547,    0.0000,    0.0000,    0.0000,    0.0000,    2.6370,    0.0000,    2.6370,    0.0000,    2.5253,     1.9186,     0.0013
     1.548,    0.0000,    0.0000,    0.0000,    0.0000,    2.6374,    0.0000,    2.6374,    0.0000,    2.5257,     1.9169,     0.0013
     1.549,    0.0000,    0.0000,    0.0000,    0.0000,    2.6379,    0.0000,    2.6379,    0.0000,    2.5262,     1.9153,     0.0014
     1.550,    0.0000,    0.0000,    0.0000,    0.0000,    2.6384,    0.0000,    2.6384,    0.0000,    2.5266,     1.9136,     0.0014
     1.551,    0.0000,    0.0000,    0.0000,    0.0000,    2.6384,    0.0000,    2.6384,    0.0000,    2.5266,     1.9116,     0.0014
     1.552,    0.0000,    0.0000,    0.0000,    0.0000,    2.6384,    0.0000,    2.6384,    0.0000,    2.5266,     1.9095,     0.0014
     1.553,    0.0000,    0.0000,    0.0000,    0.0000,    2.6388,    0.0000,    2.6388,    0.0000,    2.5270,     1.9078,     0.0015
     1.554,    0.0000,    0.0000,    0.0000,    0.0000,    2.6394,    0.0000,    2.6394,    0.0000,    2.5276,     1.9063,     0.0015
     1.555,    0.0000,    0.0000,    0.0000,    0.0000,    2.6398,    0.0000,    2.6398,    0.0000,    2.5280,     1.9045,     0.0015
     1.556,    0.0000,    0.0000,    0.0000,    0.0000,    2.6399,    0.0000,    2.6399,    0.0000,    2.5280,     1.9026,     0.0015
     1.557,    0.0000,    0.0000,    0.0000,    0.0000,    2.6397,    0.0000,    2.6397,    0.0000,    2.5279,     1.9004,     0.0016
     1.558,    0.0000,    0.0000,    0.0000,    0.0000,    2.6398,    0.0000,    2.6398,    0.0000,    2.5280,     1.8984,     0.0016
     1.559,    0.0000,    0.0000,    0.0000,    0.0000,    2.6405,    0.0000,    2.6405,    0.0000,    2.5286,     1.8969,     0.0016
     1.560,    0.0000,    0.0000,    0.0000,    0.0000,    2.6411,    0.0000,    2.6411,    0.0000,    2.5293,     1.8953,     0.0016
     1.561,    0.0000,    0.0000,    0.0000,    0.0000,    2.6411,    0.0000,    2.6411,    0.0000,    2.5292,     1.8933,     0.0017
     1.562,    0.0000,    0.0000,    0.0000,    0.0000,    2.6411,    0.0000,    2.6411,    0.0000,    2.5293,     1.8913,     0.0017
     1.563,    0.0000,    0.0000,    0.0000,    0.0000,    2.6420,    0.0000,    2.6420,    0.0000,    2.5301,     1.8899,     0.0017
     1.564,    0.0000,    0.0000,    0.0000,    0.0000,    2.6430,    0.0000,    2.6430,    0.0000,    2.5311,     1.8885,     0.0017
     1.565,    0.0000,    0.0000,    0.0000,    0.0000,    2.6432,    0.0000,    2.6432,    0.0000,    2.5313,     1.8866,     0.0018
     1.566,    0.0000,    0.0000,    0.0000,    0.0000,    2.6431,    0.0000,    2.6431,    0.0000,    2.5312,     1.8845,     0.0018
     1.567,    0.0000,    0.0000,    0.0000,    0.0000,    2.6432,    0.0000,    2.6432,    0.0000,    2.5313,     1.8825,     0.0018
     1.568,    0.0000,    0.0000,    0.0000,    0.0000,    2.6438,    0.0000,    2.6438,    0.0000,    2.5318,     1.8808,     0.0019
     1.569,    0.0000,    0.0000,    0.0000,    0.0000,    2.6447,    0.0000,    2.6447,    0.0000,    2.5327,     1.8794,     0.0019
     1.570,    0.0000,    0.0000,    0.0000,    0.0000,    2.6452,    0.0000,    2.6452,    0.0000,    2.5332,     1.8777,     0.0019
     1.571,    0.0000,    0.0000,    0.0000,    0.0000,    2.6449,    0.0000,    2.6449,    0.0000,    2.5328,     1.8754,     0.0020
     1.572,    0.0000,    0.0000,    0.0000,    0.0000,    2.6445,    0.0000,    2.6445,    0.0000,    2.5325,     1.8731,     0.0020
     1.573,    0.0000,    0.0000,    0.0000,    0.0000,    2.6452,    0.0000,    2.6452,    0.0000,    2.5332,     1.8715,     0.0020
     1.574,    0.0000,    0.0000,    0.0000,    0.0000,    2.6463,    0.0000,    2.6463,    0.0000,    2.5342,     1.8702,     0.0021
     1.575,    0.0000,    0.0000,    0.0000,    0.0000,    2.6469,    0.0000,    2.6469,    0.0000,    2.5348,     1.8685,     0.0021
     1.576,    0.0000,    0.0000,    0.0000,    0.0000,    2.6470,    0.0000,    2.6470,    0.0000,    2.5348,     1.8665,     0.0021
     1.577,    0.0000,    0.0000,    0.0000,    0.0000,    2.6468,    0.0000,    2.6468,    0.0000,    2.5347,     1.8643,     0.0021
     1.578,    0.0000,    0.0000,    0.0000,    0.0000,    2.6467,    0.0000,    2.6467,    0.0000,    2.5346,     1.8621,     0.0022
     1.579,    0.0000,    0.0000,    0.0000,    0.0000,    2.6470,    0.0000,    2.6470,    0.0000,    2.5349,     1.8602,     0.0022
     1.580,    0.0000,    0.0000,    0.0000,    0.0000,    2.6473,    0.0000,    2.6473,    0.0000,    2.5352,     1.8584,     0.0022
     1.581,    0.0000,    0.0000,    0.0000,    0.0000,    2.6475,    0.0000,    2.6475,    0.0000,    2.5354,     1.8564,     0.0023
     1.582,    0.0000,    0.0000,    0.0000,    0.0000,    2.6478,    0.0000,    2.6478,    0.0000,    2.5356,     1.8545,     0.0023
     1.583,    0.0000,    0.0000,    0.0000,    0.0000,    2.6485,    0.0000,    2.6485,    0.0000,    2.5363,     1.8528,     0.0024
     1.584,    0.0000,    0.0000,    0.0000,    0.0000,    2.6490,    0.0000,    2.6490,    0.0000,    2.5368,     1.8511,     0.0024
     1.585,    0.0000,    0.0000,    0.0000,    0.0000,    2.6490,    0.0000,    2.6490,    0.0000,    2.5368,     1.8490,     0.0024
     1.586,    0.0000,    0.0000,    0.0000,    0.0000,    2.6491,    0.0000,    2.6491,    0.0000,    2.5369,     1.8470,     0.0025
     1.587,    0.0000,    0.0000,    0.0000,    0.0000,    2.6499,    0.0000,    2.6499,    0.0000,    2.5376,     1.8454,     0.0025
     1.588,    0.0000,    0.0000,    0.0000,    0.0000,    2.6508,    0.0000,    2.6508,    0.0000,    2.5385,     1.8439,     0.0025
     1.589,    0.0000,    0.0000,    0.0000,    0.0000,    2.6513,    0.0000,    2.6513,    0.0000,    2.5390,     1.8422,     0.0026
     1.590,    0.0000,    0.0000,    0.0000,    0.0000,    2.6516,    0.0000,    2.6516,    0.0000,    2.5393,     1.8402,     0.0026
     1.591,    0.0000,    0.0000,    0.0000,    0.0000,    2.6517,    0.0000,    2.6517,    0.0000,    2.5394,     1.8382,     0.0026
     1.592,    0.0000,    0.0000,    0.0000,    0.0000,    2.6521,    0.0000,    2.6521,    0.0000,    2.5398,     1.8364,     0.0027
     1.593,    0.0000,    0.0000,    0.0000,    0.0000,    2.6530,    0.0000,    2.6530,    0.0000,    2.5406,     1.8348,     0.0027
