romanisim/data/roman-technical-information/data/WideFieldInstrument/Imaging/EffectiveAreas/Roman_effarea_v8_SCA15_20240301.ecsv
# %ECSV 1.0
# ---
# Effective area for Roman (m^2) - parameters as of 2024 03 01
# datatype:
# - {name: Wave, datatype: float32}
# - {name: F062, datatype: float32}
# - {name: F087, datatype: float32}
# - {name: F106, datatype: float32}
# - {name: F129, datatype: float32}
# - {name: F158, datatype: float32}
# - {name: F184, datatype: float32}
# - {name: F146, datatype: float32}
# - {name: F213, datatype: float32}
# - {name: Prism, datatype: float32}
# - {name: Grism_1stOrder, datatype: float32}
# - {name: Grism_0thOrder, datatype: float32}
# schema: astropy-2.0
Wave, F062, F087, F106, F129, F158, F184, F146, F213, Prism, Grism_1stOrder, Grism_0thOrder
[from data line 717]
     1.117,    0.0000,    0.0000,    2.4374,    0.0008,    0.0000,    0.0000,    2.4374,    0.0000,    2.3143,     1.6250,     0.0011
     1.118,    0.0000,    0.0000,    2.4369,    0.0037,    0.0000,    0.0000,    2.4369,    0.0000,    2.3138,     1.6292,     0.0011
     1.119,    0.0000,    0.0000,    2.4373,    0.0140,    0.0000,    0.0000,    2.4373,    0.0000,    2.3142,     1.6339,     0.0011
     1.120,    0.0000,    0.0000,    2.4380,    0.0450,    0.0000,    0.0000,    2.4380,    0.0000,    2.3148,     1.6388,     0.0011
     1.121,    0.0000,    0.0000,    2.4379,    0.1214,    0.0000,    0.0000,    2.4379,    0.0000,    2.3148,     1.6432,     0.0010
     1.122,    0.0000,    0.0000,    2.4378,    0.2775,    0.0000,    0.0000,    2.4378,    0.0000,    2.3147,     1.6476,     0.0010
     1.123,    0.0000,    0.0000,    2.4382,    0.5408,    0.0000,    0.0000,    2.4382,    0.0000,    2.3151,     1.6523,     0.0010
     1.124,    0.0000,    0.0000,    2.4385,    0.9078,    0.0000,    0.0000,    2.4385,    0.0000,    2.3153,     1.6568,     0.0010
     1.125,    0.0000,    0.0000,    2.4379,    1.3300,    0.0000,    0.0000,    2.4379,    0.0000,    2.3147,     1.6607,     0.0010
     1.126,    0.0000,    0.0000,    2.4372,    1.7316,    0.0000,    0.0000,    2.4372,    0.0000,    2.3140,     1.6646,     0.0010
     1.127,    0.0000,    0.0000,    2.4370,    2.0475,    0.0000,    0.0000,    2.4370,    0.0000,    2.3139,     1.6688,     0.0009
     1.128,    0.0000,    0.0000,    2.4372,    2.2530,    0.0000,    0.0000,    2.4372,    0.0000,    2.3141,     1.6732,     0.0009
     1.129,    0.0000,    0.0000,    2.4374,    2.3635,    0.0000,    0.0000,    2.4374,    0.0000,    2.3143,     1.6776,     0.0009
     1.130,    0.0000,    0.0000,    2.4377,    2.4126,    0.0000,    0.0000,    2.4377,    0.0000,    2.3145,     1.6820,     0.0009
     1.131,    0.0000,    0.0000,    2.4381,    2.4310,    0.0000,    0.0000,    2.4381,    0.0000,    2.3149,     1.6865,     0.0009
     1.132,    0.0000,    0.0000,    2.4384,    2.4367,    0.0000,    0.0000,    2.4384,    0.0000,    2.3152,     1.6909,     0.0009
     1.133,    0.0000,    0.0000,    2.4384,    2.4381,    0.0000,    0.0000,    2.4384,    0.0000,    2.3152,     1.6951,     0.0008
     1.134,    0.0000,    0.0000,    2.4384,    2.4383,    0.0000,    0.0000,    2.4384,    0.0000,    2.3152,     1.6992,     0.0008
     1.135,    0.0000,    0.0000,    2.4384,    2.4384,    0.0000,    0.0000,    2.4384,    0.0000,    2.3152,     1.7033,     0.0008
     1.136,    0.0000,    0.0000,    2.4384,    2.4384,    0.0000,    0.0000,    2.4384,    0.0000,    2.3153,     1.7075,     0.0008
     1.137,    0.0000,    0.0000,    2.4383,    2.4383,    0.0000,    0.0000,    2.4383,    0.0000,    2.3151,     1.7114,     0.0008
     1.138,    0.0000,    0.0000,    2.4383,    2.4383,    0.0000,    0.0000,    2.4383,    0.0000,    2.3151,     1.7155,     0.0008
     1.139,    0.0000,    0.0000,    2.4386,    2.4386,    0.0000,    0.0000,    2.4386,    0.0000,    2.3154,     1.7197,     0.0008
     1.140,    0.0000,    0.0000,    2.4392,    2.4392,    0.0000,    0.0000,    2.4392,    0.0000,    2.3159,     1.7241,     0.0007
     1.141,    0.0000,    0.0000,    2.4396,    2.4396,    0.0000,    0.0000,    2.4396,    0.0000,    2.3164,     1.7285,     0.0007
     1.142,    0.0000,    0.0000,    2.4398,    2.4398,    0.0000,    0.0000,    2.4398,    0.0000,    2.3165,     1.7325,     0.0007
     1.143,    0.0000,    0.0000,    2.4395,    2.4395,    0.0000,    0.0000,    2.4395,    0.0000,    2.3163,     1.7363,     0.0007
     1.144,    0.0000,    0.0000,    2.4392,    2.4392,    0.0000,    0.0000,    2.4392,    0.0000,    2.3160,     1.7400,     0.0007
     1.145,    0.0000,    0.0000,    2.4394,    2.4394,    0.0000,    0.0000,    2.4394,    0.0000,    2.3162,     1.7440,     0.0007
     1.146,    0.0000,    0.0000,    2.4398,    2.4398,    0.0000,    0.0000,    2.4398,    0.0000,    2.3165,     1.7481,     0.0007
     1.147,    0.0000,    0.0000,    2.4399,    2.4399,    0.0000,    0.0000,    2.4399,    0.0000,    2.3166,     1.7521,     0.0007
     1.148,    0.0000,    0.0000,    2.4398,    2.4398,    0.0000,    0.0000,    2.4398,    0.0000,    2.3165,     1.7558,     0.0006
     1.149,    0.0000,    0.0000,    2.4396,    2.4396,    0.0000,    0.0000,    2.4396,    0.0000,    2.3163,     1.7595,     0.0006
     1.150,    0.0000,    0.0000,    2.4394,    2.4394,    0.0000,    0.0000,    2.4394,    0.0000,    2.3162,     1.7631,     0.0006
     1.151,    0.0000,    0.0000,    2.4394,    2.4394,    0.0000,    0.0000,    2.4394,    0.0000,    2.3162,     1.7669,     0.0006
     1.152,    0.0000,    0.0000,    2.4393,    2.4393,    0.0000,    0.0000,    2.4393,    0.0000,    2.3161,     1.7705,     0.0006
     1.153,    0.0000,    0.0000,    2.4389,    2.4389,    0.0000,    0.0000,    2.4389,    0.0000,    2.3157,     1.7740,     0.0006
     1.154,    0.0000,    0.0000,    2.4387,    2.4387,    0.0000,    0.0000,    2.4387,    0.0000,    2.3155,     1.7775,     0.0006
     1.155,    0.0000,    0.0000,    2.4390,    2.4390,    0.0000,    0.0000,    2.4390,    0.0000,    2.3158,     1.7814,     0.0006
     1.156,    0.0000,    0.0000,    2.4392,    2.4392,    0.0000,    0.0000,    2.4392,    0.0000,    2.3160,     1.7851,     0.0005
     1.157,    0.0000,    0.0000,    2.4386,    2.4386,    0.0000,    0.0000,    2.4386,    0.0000,    2.3154,     1.7883,     0.0005
     1.158,    0.0000,    0.0000,    2.4380,    2.4380,    0.0000,    0.0000,    2.4380,    0.0000,    2.3148,     1.7915,     0.0005
     1.159,    0.0000,    0.0000,    2.4379,    2.4379,    0.0000,    0.0000,    2.4379,    0.0000,    2.3147,     1.7950,     0.0005
     1.160,    0.0000,    0.0000,    2.4381,    2.4381,    0.0000,    0.0000,    2.4381,    0.0000,    2.3149,     1.7986,     0.0005
     1.161,    0.0000,    0.0000,    2.4381,    2.4381,    0.0000,    0.0000,    2.4381,    0.0000,    2.3149,     1.8022,     0.0005
     1.162,    0.0000,    0.0000,    2.4378,    2.4378,    0.0000,    0.0000,    2.4378,    0.0000,    2.3146,     1.8054,     0.0005
     1.163,    0.0000,    0.0000,    2.4372,    2.4372,    0.0000,    0.0000,    2.4372,    0.0000,    2.3140,     1.8084,     0.0005
     1.164,    0.0000,    0.0000,    2.4366,    2.4366,    0.0000,    0.0000,    2.4366,    0.0000,    2.3135,     1.8114,     0.0005
     1.165,    0.0000,    0.0000,    2.4363,    2.4363,    0.0000,    0.0000,    2.4363,    0.0000,    2.3132,     1.8147,     0.0004
     1.166,    0.0000,    0.0000,    2.4362,    2.4362,    0.0000,    0.0000,    2.4362,    0.0000,    2.3131,     1.8180,     0.0004
     1.167,    0.0000,    0.0000,    2.4359,    2.4359,    0.0000,    0.0000,    2.4359,    0.0000,    2.3128,     1.8211,     0.0004
     1.168,    0.0000,    0.0000,    2.4358,    2.4358,    0.0000,    0.0000,    2.4358,    0.0000,    2.3127,     1.8244,     0.0004
     1.169,    0.0000,    0.0000,    2.4360,    2.4360,    0.0000,    0.0000,    2.4360,    0.0000,    2.3129,     1.8278,     0.0004
     1.170,    0.0000,    0.0000,    2.4359,    2.4359,    0.0000,    0.0000,    2.4359,    0.0000,    2.3129,     1.8311,     0.0004
     1.171,    0.0000,    0.0000,    2.4351,    2.4351,    0.0000,    0.0000,    2.4351,    0.0000,    2.3121,     1.8338,     0.0004
     1.172,    0.0000,    0.0000,    2.4341,    2.4341,    0.0000,    0.0000,    2.4341,    0.0000,    2.3111,     1.8362,     0.0004
     1.173,    0.0000,    0.0000,    2.4335,    2.4335,    0.0000,    0.0000,    2.4335,    0.0000,    2.3105,     1.8390,     0.0004
     1.174,    0.0000,    0.0000,    2.4332,    2.4332,    0.0000,    0.0000,    2.4332,    0.0000,    2.3102,     1.8420,     0.0004
     1.175,    0.0000,    0.0000,    2.4329,    2.4329,    0.0000,    0.0000,    2.4329,    0.0000,    2.3100,     1.8450,     0.0004
     1.176,    0.0000,    0.0000,    2.4325,    2.4325,    0.0000,    0.0000,    2.4325,    0.0000,    2.3096,     1.8478,     0.0003
     1.177,    0.0000,    0.0000,    2.4321,    2.4321,    0.0000,    0.0000,    2.4321,    0.0000,    2.3092,     1.8507,     0.0003
     1.178,    0.0000,    0.0000,    2.4320,    2.4320,    0.0000,    0.0000,    2.4320,    0.0000,    2.3091,     1.8537,     0.0003
     1.179,    0.0000,    0.0000,    2.4322,    2.4322,    0.0000,    0.0000,    2.4322,    0.0000,    2.3093,     1.8569,     0.0003
     1.180,    0.0000,    0.0000,    2.4324,    2.4324,    0.0000,    0.0000,    2.4324,    0.0000,    2.3095,     1.8601,     0.0003
     1.181,    0.0000,    0.0000,    2.4320,    2.4320,    0.0000,    0.0000,    2.4320,    0.0000,    2.3091,     1.8629,     0.0003
     1.182,    0.0000,    0.0000,    2.4314,    2.4314,    0.0000,    0.0000,    2.4314,    0.0000,    2.3086,     1.8655,     0.0003
     1.183,    0.0000,    0.0000,    2.4312,    2.4312,    0.0000,    0.0000,    2.4312,    0.0000,    2.3084,     1.8683,     0.0003
     1.184,    0.0000,    0.0000,    2.4309,    2.4310,    0.0000,    0.0000,    2.4310,    0.0000,    2.3082,     1.8711,     0.0003
     1.185,    0.0000,    0.0000,    2.4303,    2.4304,    0.0000,    0.0000,    2.4304,    0.0000,    2.3076,     1.8736,     0.0003
     1.186,    0.0000,    0.0000,    2.4293,    2.4296,    0.0000,    0.0000,    2.4296,    0.0000,    2.3069,     1.8759,     0.0003
     1.187,    0.0000,    0.0000,    2.4278,    2.4289,    0.0000,    0.0000,    2.4289,    0.0000,    2.3062,     1.8782,     0.0003
     1.188,    0.0000,    0.0000,    2.4249,    2.4284,    0.0000,    0.0000,    2.4284,    0.0000,    2.3058,     1.8808,     0.0003
     1.189,    0.0000,    0.0000,    2.4180,    2.4284,    0.0000,    0.0000,    2.4284,    0.0000,    2.3057,     1.8836,     0.0003
     1.190,    0.0000,    0.0000,    2.4010,    2.4282,    0.0000,    0.0000,    2.4282,    0.0000,    2.3056,     1.8863,     0.0002
     1.191,    0.0000,    0.0000,    2.3636,    2.4274,    0.0000,    0.0000,    2.4274,    0.0000,    2.3048,     1.8885,     0.0002
     1.192,    0.0000,    0.0000,    2.2919,    2.4267,    0.0000,    0.0000,    2.4267,    0.0000,    2.3041,     1.8906,     0.0002
     1.193,    0.0000,    0.0000,    2.1695,    2.4265,    0.0000,    0.0000,    2.4265,    0.0000,    2.3039,     1.8933,     0.0002
     1.194,    0.0000,    0.0000,    1.9821,    2.4264,    0.0000,    0.0000,    2.4264,    0.0000,    2.3038,     1.8959,     0.0002
     1.195,    0.0000,    0.0000,    1.7266,    2.4256,    0.0000,    0.0000,    2.4256,    0.0000,    2.3031,     1.8980,     0.0002
     1.196,    0.0000,    0.0000,    1.4177,    2.4249,    0.0000,    0.0000,    2.4249,    0.0000,    2.3024,     1.9001,     0.0002
     1.197,    0.0000,    0.0000,    1.0859,    2.4247,    0.0000,    0.0000,    2.4247,    0.0000,    2.3022,     1.9027,     0.0002
     1.198,    0.0000,    0.0000,    0.7687,    2.4247,    0.0000,    0.0000,    2.4247,    0.0000,    2.3022,     1.9053,     0.0002
     1.199,    0.0000,    0.0000,    0.4991,    2.4242,    0.0000,    0.0000,    2.4242,    0.0000,    2.3017,     1.9074,     0.0002
     1.200,    0.0000,    0.0000,    0.2953,    2.4235,    0.0000,    0.0000,    2.4235,    0.0000,    2.3011,     1.9095,     0.0002
     1.201,    0.0000,    0.0000,    0.1586,    2.4232,    0.0000,    0.0000,    2.4232,    0.0000,    2.3008,     1.9118,     0.0002
     1.202,    0.0000,    0.0000,    0.0770,    2.4230,    0.0000,    0.0000,    2.4230,    0.0000,    2.3006,     1.9143,     0.0002
     1.203,    0.0000,    0.0000,    0.0336,    2.4228,    0.0000,    0.0000,    2.4228,    0.0000,    2.3004,     1.9166,     0.0002
     1.204,    0.0000,    0.0000,    0.0132,    2.4226,    0.0000,    0.0000,    2.4226,    0.0000,    2.3002,     1.9189,     0.0002
     1.205,    0.0000,    0.0000,    0.0047,    2.4227,    0.0000,    0.0000,    2.4227,    0.0000,    2.3003,     1.9215,     0.0002
     1.206,    0.0000,    0.0000,    0.0015,    2.4226,    0.0000,    0.0000,    2.4226,    0.0000,    2.3002,     1.9238,     0.0002
     1.207,    0.0000,    0.0000,    0.0004,    2.4220,    0.0000,    0.0000,    2.4220,    0.0000,    2.2996,     1.9258,     0.0002
     1.208,    0.0000,    0.0000,    0.0001,    2.4211,    0.0000,    0.0000,    2.4211,    0.0000,    2.2988,     1.9275,     0.0001
     1.209,    0.0000,    0.0000,    0.0000,    2.4203,    0.0000,    0.0000,    2.4203,    0.0000,    2.2981,     1.9293,     0.0001
     1.210,    0.0000,    0.0000,    0.0000,    2.4199,    0.0000,    0.0000,    2.4199,    0.0000,    2.2977,     1.9313,     0.0001
     1.211,    0.0000,    0.0000,    0.0000,    2.4199,    0.0000,    0.0000,    2.4199,    0.0000,    2.2977,     1.9336,     0.0001
     1.212,    0.0000,    0.0000,    0.0000,    2.4198,    0.0000,    0.0000,    2.4198,    0.0000,    2.2976,     1.9359,     0.0001
     1.213,    0.0000,    0.0000,    0.0000,    2.4191,    0.0000,    0.0000,    2.4191,    0.0000,    2.2969,     1.9376,     0.0001
     1.214,    0.0000,    0.0000,    0.0000,    2.4183,    0.0000,    0.0000,    2.4183,    0.0000,    2.2961,     1.9392,     0.0001
     1.215,    0.0000,    0.0000,    0.0000,    2.4181,    0.0000,    0.0000,    2.4181,    0.0000,    2.2959,     1.9413,     0.0001
     1.216,    0.0000,    0.0000,    0.0000,    2.4183,    0.0000,    0.0000,    2.4183,    0.0000,    2.2961,     1.9436,     0.0001
     1.217,    0.0000,    0.0000,    0.0000,    2.4185,    0.0000,    0.0000,    2.4185,    0.0000,    2.2963,     1.9460,     0.0001
     1.218,    0.0000,    0.0000,    0.0000,    2.4184,    0.0000,    0.0000,    2.4184,    0.0000,    2.2962,     1.9481,     0.0001
     1.219,    0.0000,    0.0000,    0.0000,    2.4177,    0.0000,    0.0000,    2.4177,    0.0000,    2.2955,     1.9497,     0.0001
     1.220,    0.0000,    0.0000,    0.0000,    2.4170,    0.0000,    0.0000,    2.4170,    0.0000,    2.2949,     1.9513,     0.0001
     1.221,    0.0000,    0.0000,    0.0000,    2.4171,    0.0000,    0.0000,    2.4171,    0.0000,    2.2950,     1.9535,     0.0001
     1.222,    0.0000,    0.0000,    0.0000,    2.4173,    0.0000,    0.0000,    2.4173,    0.0000,    2.2952,     1.9557,     0.0001
     1.223,    0.0000,    0.0000,    0.0000,    2.4170,    0.0000,    0.0000,    2.4170,    0.0000,    2.2949,     1.9575,     0.0001
     1.224,    0.0000,    0.0000,    0.0000,    2.4166,    0.0000,    0.0000,    2.4166,    0.0000,    2.2945,     1.9592,     0.0001
     1.225,    0.0000,    0.0000,    0.0000,    2.4166,    0.0000,    0.0000,    2.4166,    0.0000,    2.2945,     1.9613,     0.0001
     1.226,    0.0000,    0.0000,    0.0000,    2.4166,    0.0000,    0.0000,    2.4166,    0.0000,    2.2945,     1.9633,     0.0001
     1.227,    0.0000,    0.0000,    0.0000,    2.4162,    0.0000,    0.0000,    2.4162,    0.0000,    2.2942,     1.9649,     0.0001
     1.228,    0.0000,    0.0000,    0.0000,    2.4158,    0.0000,    0.0000,    2.4158,    0.0000,    2.2938,     1.9666,     0.0001
     1.229,    0.0000,    0.0000,    0.0000,    2.4157,    0.0000,    0.0000,    2.4157,    0.0000,    2.2937,     1.9684,     0.0001
     1.230,    0.0000,    0.0000,    0.0000,    2.4156,    0.0000,    0.0000,    2.4156,    0.0000,    2.2936,     1.9702,     0.0001
     1.231,    0.0000,    0.0000,    0.0000,    2.4151,    0.0000,    0.0000,    2.4151,    0.0000,    2.2931,     1.9717,     0.0001
     1.232,    0.0000,    0.0000,    0.0000,    2.4145,    0.0000,    0.0000,    2.4145,    0.0000,    2.2925,     1.9730,     0.0001
     1.233,    0.0000,    0.0000,    0.0000,    2.4140,    0.0000,    0.0000,    2.4140,    0.0000,    2.2920,     1.9745,     0.0001
     1.234,    0.0000,    0.0000,    0.0000,    2.4137,    0.0000,    0.0000,    2.4137,    0.0000,    2.2917,     1.9761,     0.0001
