romanisim/data/roman-technical-information/data/WideFieldInstrument/Imaging/EffectiveAreas/Roman_effarea_v8_SCA04_20240301.ecsv
# %ECSV 1.0
# ---
# Effective area for Roman (m^2) - parameters as of 2024 03 01
# datatype:
# - {name: Wave, datatype: float32}
# - {name: F062, datatype: float32}
# - {name: F087, datatype: float32}
# - {name: F106, datatype: float32}
# - {name: F129, datatype: float32}
# - {name: F158, datatype: float32}
# - {name: F184, datatype: float32}
# - {name: F146, datatype: float32}
# - {name: F213, datatype: float32}
# - {name: Prism, datatype: float32}
# - {name: Grism_1stOrder, datatype: float32}
# - {name: Grism_0thOrder, datatype: float32}
# schema: astropy-2.0
Wave, F062, F087, F106, F129, F158, F184, F146, F213, Prism, Grism_1stOrder, Grism_0thOrder
[from data line 1195]
     1.595,    0.0000,    0.0000,    0.0000,    0.0000,    2.5069,    0.0000,    2.5069,    0.0000,    2.5057,     1.7703,     0.0027
     1.596,    0.0000,    0.0000,    0.0000,    0.0000,    2.5070,    0.0000,    2.5070,    0.0000,    2.5058,     1.7683,     0.0027
     1.597,    0.0000,    0.0000,    0.0000,    0.0000,    2.5072,    0.0000,    2.5072,    0.0000,    2.5059,     1.7663,     0.0028
     1.598,    0.0000,    0.0000,    0.0000,    0.0000,    2.5077,    0.0000,    2.5077,    0.0000,    2.5065,     1.7646,     0.0028
     1.599,    0.0000,    0.0000,    0.0000,    0.0000,    2.5087,    0.0000,    2.5087,    0.0000,    2.5075,     1.7633,     0.0029
     1.600,    0.0000,    0.0000,    0.0000,    0.0000,    2.5097,    0.0000,    2.5097,    0.0000,    2.5085,     1.7619,     0.0029
     1.601,    0.0000,    0.0000,    0.0000,    0.0000,    2.5102,    0.0000,    2.5102,    0.0000,    2.5089,     1.7601,     0.0029
     1.602,    0.0000,    0.0000,    0.0000,    0.0000,    2.5105,    0.0000,    2.5105,    0.0000,    2.5092,     1.7583,     0.0030
     1.603,    0.0000,    0.0000,    0.0000,    0.0000,    2.5109,    0.0000,    2.5109,    0.0000,    2.5097,     1.7565,     0.0030
     1.604,    0.0000,    0.0000,    0.0000,    0.0000,    2.5116,    0.0000,    2.5116,    0.0000,    2.5104,     1.7549,     0.0031
     1.605,    0.0000,    0.0000,    0.0000,    0.0000,    2.5123,    0.0000,    2.5123,    0.0000,    2.5111,     1.7533,     0.0031
     1.606,    0.0000,    0.0000,    0.0000,    0.0000,    2.5132,    0.0000,    2.5132,    0.0000,    2.5119,     1.7518,     0.0032
     1.607,    0.0000,    0.0000,    0.0000,    0.0000,    2.5141,    0.0000,    2.5141,    0.0000,    2.5129,     1.7504,     0.0032
     1.608,    0.0000,    0.0000,    0.0000,    0.0000,    2.5149,    0.0000,    2.5149,    0.0000,    2.5137,     1.7489,     0.0032
     1.609,    0.0000,    0.0000,    0.0000,    0.0000,    2.5155,    0.0000,    2.5155,    0.0000,    2.5143,     1.7472,     0.0033
     1.610,    0.0000,    0.0000,    0.0000,    0.0000,    2.5161,    0.0000,    2.5161,    0.0000,    2.5149,     1.7455,     0.0033
     1.611,    0.0000,    0.0000,    0.0000,    0.0000,    2.5172,    0.0000,    2.5172,    0.0000,    2.5160,     1.7442,     0.0034
     1.612,    0.0000,    0.0000,    0.0000,    0.0000,    2.5182,    0.0000,    2.5182,    0.0000,    2.5169,     1.7428,     0.0034
     1.613,    0.0000,    0.0000,    0.0000,    0.0000,    2.5186,    0.0000,    2.5186,    0.0000,    2.5174,     1.7410,     0.0035
     1.614,    0.0000,    0.0000,    0.0000,    0.0000,    2.5191,    0.0000,    2.5191,    0.0000,    2.5179,     1.7392,     0.0035
     1.615,    0.0000,    0.0000,    0.0000,    0.0000,    2.5201,    0.0000,    2.5201,    0.0000,    2.5188,     1.7378,     0.0036
     1.616,    0.0000,    0.0000,    0.0000,    0.0000,    2.5214,    0.0000,    2.5214,    0.0000,    2.5201,     1.7366,     0.0036
     1.617,    0.0000,    0.0000,    0.0000,    0.0000,    2.5226,    0.0000,    2.5226,    0.0000,    2.5214,     1.7353,     0.0037
     1.618,    0.0000,    0.0000,    0.0000,    0.0000,    2.5237,    0.0000,    2.5237,    0.0000,    2.5224,     1.7339,     0.0037
     1.619,    0.0000,    0.0000,    0.0000,    0.0000,    2.5245,    0.0000,    2.5245,    0.0000,    2.5233,     1.7324,     0.0038
     1.620,    0.0000,    0.0000,    0.0000,    0.0000,    2.5252,    0.0000,    2.5252,    0.0000,    2.5240,     1.7308,     0.0038
     1.621,    0.0000,    0.0000,    0.0000,    0.0000,    2.5260,    0.0000,    2.5260,    0.0000,    2.5248,     1.7292,     0.0039
     1.622,    0.0000,    0.0000,    0.0000,    0.0000,    2.5268,    0.0000,    2.5268,    0.0000,    2.5256,     1.7276,     0.0039
     1.623,    0.0000,    0.0000,    0.0000,    0.0000,    2.5278,    0.0000,    2.5278,    0.0000,    2.5266,     1.7262,     0.0040
     1.624,    0.0000,    0.0000,    0.0000,    0.0000,    2.5287,    0.0000,    2.5287,    0.0000,    2.5275,     1.7247,     0.0040
     1.625,    0.0000,    0.0000,    0.0000,    0.0000,    2.5294,    0.0000,    2.5294,    0.0000,    2.5281,     1.7230,     0.0041
     1.626,    0.0000,    0.0000,    0.0000,    0.0000,    2.5301,    0.0000,    2.5301,    0.0000,    2.5289,     1.7214,     0.0041
     1.627,    0.0000,    0.0000,    0.0000,    0.0000,    2.5314,    0.0000,    2.5314,    0.0000,    2.5302,     1.7201,     0.0042
     1.628,    0.0000,    0.0000,    0.0000,    0.0000,    2.5326,    0.0000,    2.5326,    0.0000,    2.5313,     1.7188,     0.0042
     1.629,    0.0000,    0.0000,    0.0000,    0.0000,    2.5331,    0.0000,    2.5331,    0.0000,    2.5319,     1.7171,     0.0043
     1.630,    0.0000,    0.0000,    0.0000,    0.0000,    2.5336,    0.0000,    2.5336,    0.0000,    2.5324,     1.7152,     0.0043
     1.631,    0.0000,    0.0000,    0.0000,    0.0000,    2.5346,    0.0000,    2.5346,    0.0000,    2.5334,     1.7138,     0.0044
     1.632,    0.0000,    0.0000,    0.0000,    0.0000,    2.5359,    0.0000,    2.5359,    0.0000,    2.5347,     1.7126,     0.0044
     1.633,    0.0000,    0.0000,    0.0000,    0.0000,    2.5372,    0.0000,    2.5372,    0.0000,    2.5359,     1.7113,     0.0045
     1.634,    0.0000,    0.0000,    0.0000,    0.0000,    2.5383,    0.0000,    2.5383,    0.0000,    2.5370,     1.7099,     0.0046
     1.635,    0.0000,    0.0000,    0.0000,    0.0000,    2.5392,    0.0000,    2.5392,    0.0000,    2.5379,     1.7083,     0.0046
     1.636,    0.0000,    0.0000,    0.0000,    0.0000,    2.5401,    0.0000,    2.5401,    0.0000,    2.5388,     1.7068,     0.0047
     1.637,    0.0000,    0.0000,    0.0000,    0.0000,    2.5411,    0.0000,    2.5411,    0.0000,    2.5399,     1.7053,     0.0047
     1.638,    0.0000,    0.0000,    0.0000,    0.0000,    2.5422,    0.0000,    2.5422,    0.0000,    2.5410,     1.7040,     0.0048
     1.639,    0.0000,    0.0000,    0.0000,    0.0000,    2.5433,    0.0000,    2.5433,    0.0000,    2.5421,     1.7025,     0.0048
     1.640,    0.0000,    0.0000,    0.0000,    0.0000,    2.5441,    0.0000,    2.5441,    0.0000,    2.5429,     1.7009,     0.0049
     1.641,    0.0000,    0.0000,    0.0000,    0.0000,    2.5447,    0.0000,    2.5447,    0.0000,    2.5435,     1.6992,     0.0050
     1.642,    0.0000,    0.0000,    0.0000,    0.0000,    2.5455,    0.0000,    2.5455,    0.0000,    2.5442,     1.6976,     0.0050
     1.643,    0.0000,    0.0000,    0.0000,    0.0000,    2.5468,    0.0000,    2.5468,    0.0000,    2.5456,     1.6963,     0.0051
     1.644,    0.0000,    0.0000,    0.0000,    0.0000,    2.5481,    0.0000,    2.5481,    0.0000,    2.5469,     1.6950,     0.0051
     1.645,    0.0000,    0.0000,    0.0000,    0.0000,    2.5488,    0.0000,    2.5488,    0.0000,    2.5475,     1.6933,     0.0052
     1.646,    0.0000,    0.0000,    0.0000,    0.0000,    2.5492,    0.0000,    2.5492,    0.0000,    2.5479,     1.6914,     0.0053
     1.647,    0.0000,    0.0000,    0.0000,    0.0000,    2.5498,    0.0000,    2.5498,    0.0000,    2.5486,     1.6897,     0.0053
     1.648,    0.0000,    0.0000,    0.0000,    0.0000,    2.5505,    0.0000,    2.5505,    0.0000,    2.5493,     1.6880,     0.0054
     1.649,    0.0000,    0.0000,    0.0000,    0.0000,    2.5512,    0.0000,    2.5512,    0.0000,    2.5499,     1.6863,     0.0055
     1.650,    0.0000,    0.0000,    0.0000,    0.0000,    2.5521,    0.0000,    2.5521,    0.0000,    2.5509,     1.6847,     0.0055
     1.651,    0.0000,    0.0000,    0.0000,    0.0000,    2.5536,    0.0000,    2.5536,    0.0000,    2.5524,     1.6835,     0.0056
     1.652,    0.0000,    0.0000,    0.0000,    0.0000,    2.5547,    0.0000,    2.5547,    0.0000,    2.5535,     1.6821,     0.0056
     1.653,    0.0000,    0.0000,    0.0000,    0.0000,    2.5547,    0.0000,    2.5547,    0.0000,    2.5534,     1.6799,     0.0057
     1.654,    0.0000,    0.0000,    0.0000,    0.0000,    2.5547,    0.0000,    2.5547,    0.0000,    2.5534,     1.6778,     0.0058
     1.655,    0.0000,    0.0000,    0.0000,    0.0000,    2.5558,    0.0000,    2.5558,    0.0000,    2.5545,     1.6763,     0.0058
     1.656,    0.0000,    0.0000,    0.0000,    0.0000,    2.5573,    0.0000,    2.5573,    0.0000,    2.5560,     1.6751,     0.0059
     1.657,    0.0000,    0.0000,    0.0000,    0.0000,    2.5582,    0.0000,    2.5582,    0.0000,    2.5570,     1.6736,     0.0060
     1.658,    0.0000,    0.0000,    0.0000,    0.0000,    2.5588,    0.0000,    2.5588,    0.0000,    2.5576,     1.6718,     0.0060
     1.659,    0.0000,    0.0000,    0.0000,    0.0000,    2.5594,    0.0000,    2.5594,    0.0000,    2.5582,     1.6701,     0.0061
     1.660,    0.0000,    0.0000,    0.0000,    0.0000,    2.5604,    0.0000,    2.5604,    0.0000,    2.5592,     1.6686,     0.0062
     1.661,    0.0000,    0.0000,    0.0000,    0.0000,    2.5619,    0.0000,    2.5619,    0.0000,    2.5606,     1.6673,     0.0063
     1.662,    0.0000,    0.0000,    0.0000,    0.0000,    2.5628,    0.0000,    2.5628,    0.0000,    2.5616,     1.6658,     0.0063
     1.663,    0.0000,    0.0000,    0.0000,    0.0000,    2.5626,    0.0000,    2.5626,    0.0000,    2.5614,     1.6635,     0.0064
     1.664,    0.0000,    0.0000,    0.0000,    0.0000,    2.5624,    0.0000,    2.5624,    0.0000,    2.5612,     1.6612,     0.0065
     1.665,    0.0000,    0.0000,    0.0000,    0.0000,    2.5634,    0.0000,    2.5634,    0.0000,    2.5622,     1.6596,     0.0065
     1.666,    0.0000,    0.0000,    0.0000,    0.0000,    2.5649,    0.0001,    2.5649,    0.0000,    2.5636,     1.6584,     0.0066
     1.667,    0.0000,    0.0000,    0.0000,    0.0000,    2.5660,    0.0003,    2.5660,    0.0000,    2.5647,     1.6569,     0.0067
     1.668,    0.0000,    0.0000,    0.0000,    0.0000,    2.5664,    0.0008,    2.5664,    0.0000,    2.5651,     1.6550,     0.0068
     1.669,    0.0000,    0.0000,    0.0000,    0.0000,    2.5663,    0.0020,    2.5663,    0.0000,    2.5650,     1.6528,     0.0068
     1.670,    0.0000,    0.0000,    0.0000,    0.0000,    2.5663,    0.0046,    2.5663,    0.0000,    2.5651,     1.6506,     0.0069
     1.671,    0.0000,    0.0000,    0.0000,    0.0000,    2.5671,    0.0102,    2.5671,    0.0000,    2.5658,     1.6490,     0.0070
     1.672,    0.0000,    0.0000,    0.0000,    0.0000,    2.5679,    0.0212,    2.5679,    0.0000,    2.5667,     1.6473,     0.0071
     1.673,    0.0000,    0.0000,    0.0000,    0.0000,    2.5682,    0.0414,    2.5682,    0.0000,    2.5669,     1.6453,     0.0071
     1.674,    0.0000,    0.0000,    0.0000,    0.0000,    2.5685,    0.0762,    2.5685,    0.0000,    2.5672,     1.6433,     0.0072
     1.675,    0.0000,    0.0000,    0.0000,    0.0000,    2.5694,    0.1321,    2.5694,    0.0000,    2.5681,     1.6417,     0.0073
     1.676,    0.0000,    0.0000,    0.0000,    0.0000,    2.5704,    0.2163,    2.5704,    0.0000,    2.5692,     1.6402,     0.0074
     1.677,    0.0000,    0.0000,    0.0000,    0.0000,    2.5710,    0.3348,    2.5710,    0.0000,    2.5698,     1.6384,     0.0074
     1.678,    0.0000,    0.0000,    0.0000,    0.0000,    2.5716,    0.4909,    2.5716,    0.0000,    2.5704,     1.6366,     0.0075
     1.679,    0.0000,    0.0000,    0.0000,    0.0000,    2.5725,    0.6833,    2.5725,    0.0000,    2.5713,     1.6350,     0.0076
     1.680,    0.0000,    0.0000,    0.0000,    0.0000,    2.5736,    0.9051,    2.5736,    0.0000,    2.5723,     1.6335,     0.0077
     1.681,    0.0000,    0.0000,    0.0000,    0.0000,    2.5743,    1.1442,    2.5743,    0.0000,    2.5730,     1.6318,     0.0078
     1.682,    0.0000,    0.0000,    0.0000,    0.0000,    2.5749,    1.3852,    2.5749,    0.0000,    2.5736,     1.6300,     0.0078
     1.683,    0.0000,    0.0000,    0.0000,    0.0000,    2.5755,    1.6127,    2.5755,    0.0000,    2.5743,     1.6282,     0.0079
     1.684,    0.0000,    0.0000,    0.0000,    0.0000,    2.5762,    1.8134,    2.5762,    0.0000,    2.5749,     1.6264,     0.0080
     1.685,    0.0000,    0.0000,    0.0000,    0.0000,    2.5765,    1.9791,    2.5765,    0.0000,    2.5753,     1.6245,     0.0081
     1.686,    0.0000,    0.0000,    0.0000,    0.0000,    2.5769,    2.1070,    2.5769,    0.0000,    2.5757,     1.6226,     0.0082
     1.687,    0.0000,    0.0000,    0.0000,    0.0000,    2.5775,    2.1996,    2.5775,    0.0000,    2.5763,     1.6208,     0.0082
     1.688,    0.0000,    0.0000,    0.0000,    0.0000,    2.5782,    2.2625,    2.5782,    0.0000,    2.5770,     1.6190,     0.0083
     1.689,    0.0000,    0.0000,    0.0000,    0.0000,    2.5789,    2.3024,    2.5789,    0.0000,    2.5776,     1.6173,     0.0084
     1.690,    0.0000,    0.0000,    0.0000,    0.0000,    2.5794,    2.3261,    2.5794,    0.0000,    2.5782,     1.6154,     0.0085
     1.691,    0.0000,    0.0000,    0.0000,    0.0000,    2.5799,    2.3394,    2.5799,    0.0000,    2.5787,     1.6135,     0.0086
     1.692,    0.0000,    0.0000,    0.0000,    0.0000,    2.5806,    2.3467,    2.5806,    0.0000,    2.5794,     1.6118,     0.0087
     1.693,    0.0000,    0.0000,    0.0000,    0.0000,    2.5818,    2.3510,    2.5818,    0.0000,    2.5806,     1.6104,     0.0088
     1.694,    0.0000,    0.0000,    0.0000,    0.0000,    2.5828,    2.3534,    2.5828,    0.0000,    2.5815,     1.6088,     0.0089
     1.695,    0.0000,    0.0000,    0.0000,    0.0000,    2.5830,    2.3542,    2.5830,    0.0000,    2.5817,     1.6067,     0.0089
     1.696,    0.0000,    0.0000,    0.0000,    0.0000,    2.5834,    2.3548,    2.5834,    0.0000,    2.5821,     1.6048,     0.0090
     1.697,    0.0000,    0.0000,    0.0000,    0.0000,    2.5848,    2.3561,    2.5848,    0.0000,    2.5835,     1.6035,     0.0091
     1.698,    0.0000,    0.0000,    0.0000,    0.0000,    2.5860,    2.3572,    2.5860,    0.0000,    2.5847,     1.6020,     0.0092
     1.699,    0.0000,    0.0000,    0.0000,    0.0000,    2.5859,    2.3572,    2.5859,    0.0000,    2.5846,     1.5998,     0.0093
     1.700,    0.0000,    0.0000,    0.0000,    0.0000,    2.5858,    2.3571,    2.5858,    0.0000,    2.5846,     1.5976,     0.0094
     1.701,    0.0000,    0.0000,    0.0000,    0.0000,    2.5870,    2.3582,    2.5870,    0.0000,    2.5857,     1.5961,     0.0095
     1.702,    0.0000,    0.0000,    0.0000,    0.0000,    2.5887,    2.3598,    2.5887,    0.0000,    2.5875,     1.5950,     0.0096
     1.703,    0.0000,    0.0000,    0.0000,    0.0000,    2.5899,    2.3609,    2.5899,    0.0000,    2.5887,     1.5936,     0.0097
     1.704,    0.0000,    0.0000,    0.0000,    0.0000,    2.5905,    2.3614,    2.5905,    0.0000,    2.5892,     1.5917,     0.0098
     1.705,    0.0000,    0.0000,    0.0000,    0.0000,    2.5905,    2.3614,    2.5905,    0.0000,    2.5893,     1.5896,     0.0099
     1.706,    0.0000,    0.0000,    0.0000,    0.0000,    2.5908,    2.3616,    2.5908,    0.0000,    2.5895,     1.5876,     0.0100
     1.707,    0.0000,    0.0000,    0.0000,    0.0000,    2.5917,    2.3625,    2.5917,    0.0000,    2.5905,     1.5860,     0.0101
     1.708,    0.0000,    0.0000,    0.0000,    0.0000,    2.5928,    2.3635,    2.5928,    0.0000,    2.5916,     1.5845,     0.0101
     1.709,    0.0000,    0.0000,    0.0000,    0.0000,    2.5935,    2.3641,    2.5935,    0.0000,    2.5923,     1.5827,     0.0102
     1.710,    0.0000,    0.0000,    0.0000,    0.0000,    2.5940,    2.3646,    2.5940,    0.0000,    2.5927,     1.5808,     0.0103
     1.711,    0.0000,    0.0000,    0.0000,    0.0000,    2.5945,    2.3651,    2.5945,    0.0000,    2.5933,     1.5790,     0.0104
     1.712,    0.0000,    0.0000,    0.0000,    0.0000,    2.5953,    2.3657,    2.5953,    0.0000,    2.5940,     1.5772,     0.0105
