romanisim/data/roman-technical-information/data/WideFieldInstrument/Imaging/EffectiveAreas/Roman_effarea_v8_SCA08_20240301.ecsv
# %ECSV 1.0
# ---
# Effective area for Roman (m^2) - parameters as of 2024 03 01
# datatype:
# - {name: Wave, datatype: float32}
# - {name: F062, datatype: float32}
# - {name: F087, datatype: float32}
# - {name: F106, datatype: float32}
# - {name: F129, datatype: float32}
# - {name: F158, datatype: float32}
# - {name: F184, datatype: float32}
# - {name: F146, datatype: float32}
# - {name: F213, datatype: float32}
# - {name: Prism, datatype: float32}
# - {name: Grism_1stOrder, datatype: float32}
# - {name: Grism_0thOrder, datatype: float32}
# schema: astropy-2.0
Wave, F062, F087, F106, F129, F158, F184, F146, F213, Prism, Grism_1stOrder, Grism_0thOrder
[from data line 1314]
     1.714,    0.0000,    0.0000,    0.0000,    0.0000,    2.6118,    2.2996,    2.6118,    0.0000,    2.4990,     1.5505,     0.0106
     1.715,    0.0000,    0.0000,    0.0000,    0.0000,    2.6121,    2.2998,    2.6121,    0.0000,    2.4992,     1.5485,     0.0107
     1.716,    0.0000,    0.0000,    0.0000,    0.0000,    2.6127,    2.3004,    2.6127,    0.0000,    2.4999,     1.5467,     0.0108
     1.717,    0.0000,    0.0000,    0.0000,    0.0000,    2.6144,    2.3019,    2.6144,    0.0000,    2.5014,     1.5455,     0.0109
     1.718,    0.0000,    0.0000,    0.0000,    0.0000,    2.6160,    2.3033,    2.6160,    0.0000,    2.5030,     1.5443,     0.0110
     1.719,    0.0000,    0.0000,    0.0000,    0.0000,    2.6164,    2.3037,    2.6164,    0.0000,    2.5034,     1.5425,     0.0111
     1.720,    0.0000,    0.0000,    0.0000,    0.0000,    2.6166,    2.3038,    2.6166,    0.0000,    2.5035,     1.5404,     0.0112
     1.721,    0.0000,    0.0000,    0.0000,    0.0000,    2.6172,    2.3043,    2.6172,    0.0000,    2.5041,     1.5386,     0.0113
     1.722,    0.0000,    0.0000,    0.0000,    0.0000,    2.6180,    2.3051,    2.6180,    0.0000,    2.5049,     1.5370,     0.0114
     1.723,    0.0000,    0.0000,    0.0000,    0.0000,    2.6186,    2.3056,    2.6186,    0.0000,    2.5055,     1.5352,     0.0115
     1.724,    0.0000,    0.0000,    0.0000,    0.0000,    2.6192,    2.3061,    2.6192,    0.0000,    2.5061,     1.5334,     0.0116
     1.725,    0.0000,    0.0000,    0.0000,    0.0000,    2.6202,    2.3070,    2.6202,    0.0000,    2.5070,     1.5318,     0.0117
     1.726,    0.0000,    0.0000,    0.0000,    0.0000,    2.6211,    2.3078,    2.6211,    0.0000,    2.5078,     1.5302,     0.0118
     1.727,    0.0000,    0.0000,    0.0000,    0.0000,    2.6214,    2.3081,    2.6214,    0.0000,    2.5082,     1.5282,     0.0119
     1.728,    0.0000,    0.0000,    0.0000,    0.0000,    2.6217,    2.3083,    2.6217,    0.0000,    2.5084,     1.5262,     0.0120
     1.729,    0.0000,    0.0000,    0.0000,    0.0000,    2.6222,    2.3087,    2.6222,    0.0000,    2.5089,     1.5244,     0.0121
     1.730,    0.0000,    0.0000,    0.0000,    0.0000,    2.6229,    2.3094,    2.6229,    0.0000,    2.5096,     1.5227,     0.0122
     1.731,    0.0000,    0.0000,    0.0000,    0.0000,    2.6238,    2.3102,    2.6238,    0.0000,    2.5105,     1.5210,     0.0124
     1.732,    0.0000,    0.0000,    0.0000,    0.0000,    2.6246,    2.3109,    2.6246,    0.0000,    2.5113,     1.5194,     0.0125
     1.733,    0.0000,    0.0000,    0.0000,    0.0000,    2.6254,    2.3115,    2.6254,    0.0000,    2.5120,     1.5177,     0.0126
     1.734,    0.0000,    0.0000,    0.0000,    0.0000,    2.6261,    2.3122,    2.6261,    0.0000,    2.5126,     1.5159,     0.0127
     1.735,    0.0000,    0.0000,    0.0000,    0.0000,    2.6269,    2.3129,    2.6269,    0.0000,    2.5134,     1.5143,     0.0128
     1.736,    0.0000,    0.0000,    0.0000,    0.0000,    2.6276,    2.3135,    2.6276,    0.0000,    2.5141,     1.5125,     0.0129
     1.737,    0.0000,    0.0000,    0.0000,    0.0000,    2.6280,    2.3139,    2.6280,    0.0000,    2.5145,     1.5106,     0.0130
     1.738,    0.0000,    0.0000,    0.0000,    0.0000,    2.6280,    2.3139,    2.6280,    0.0000,    2.5145,     1.5085,     0.0131
     1.739,    0.0000,    0.0000,    0.0000,    0.0000,    2.6278,    2.3137,    2.6278,    0.0000,    2.5143,     1.5062,     0.0133
     1.740,    0.0000,    0.0000,    0.0000,    0.0000,    2.6280,    2.3138,    2.6280,    0.0000,    2.5145,     1.5042,     0.0134
     1.741,    0.0000,    0.0000,    0.0000,    0.0000,    2.6291,    2.3149,    2.6291,    0.0000,    2.5156,     1.5027,     0.0135
     1.742,    0.0000,    0.0000,    0.0000,    0.0000,    2.6304,    2.3160,    2.6304,    0.0000,    2.5168,     1.5013,     0.0136
     1.743,    0.0000,    0.0000,    0.0000,    0.0000,    2.6311,    2.3166,    2.6311,    0.0000,    2.5174,     1.4996,     0.0137
     1.744,    0.0000,    0.0000,    0.0000,    0.0000,    2.6315,    2.3169,    2.6315,    0.0000,    2.5178,     1.4977,     0.0138
     1.745,    0.0000,    0.0000,    0.0000,    0.0000,    2.6322,    2.3176,    2.6322,    0.0000,    2.5185,     1.4959,     0.0140
     1.746,    0.0000,    0.0000,    0.0000,    0.0000,    2.6328,    2.3181,    2.6328,    0.0000,    2.5191,     1.4941,     0.0141
     1.747,    0.0000,    0.0000,    0.0000,    0.0000,    2.6329,    2.3181,    2.6329,    0.0000,    2.5191,     1.4921,     0.0142
     1.748,    0.0000,    0.0000,    0.0000,    0.0000,    2.6328,    2.3181,    2.6328,    0.0000,    2.5191,     1.4899,     0.0143
     1.749,    0.0000,    0.0000,    0.0000,    0.0000,    2.6330,    2.3183,    2.6330,    0.0000,    2.5193,     1.4879,     0.0144
     1.750,    0.0000,    0.0000,    0.0000,    0.0000,    2.6333,    2.3185,    2.6333,    0.0000,    2.5196,     1.4859,     0.0145
     1.751,    0.0000,    0.0000,    0.0000,    0.0000,    2.6335,    2.3187,    2.6335,    0.0000,    2.5197,     1.4839,     0.0147
     1.752,    0.0000,    0.0000,    0.0000,    0.0000,    2.6340,    2.3192,    2.6340,    0.0000,    2.5202,     1.4821,     0.0148
     1.753,    0.0000,    0.0000,    0.0000,    0.0000,    2.6352,    2.3202,    2.6352,    0.0000,    2.5213,     1.4806,     0.0149
     1.754,    0.0000,    0.0000,    0.0000,    0.0000,    2.6363,    2.3211,    2.6363,    0.0000,    2.5224,     1.4791,     0.0150
     1.755,    0.0000,    0.0000,    0.0000,    0.0000,    2.6366,    2.3214,    2.6366,    0.0000,    2.5227,     1.4772,     0.0152
     1.756,    0.0000,    0.0000,    0.0000,    0.0000,    2.6366,    2.3214,    2.6366,    0.0000,    2.5227,     1.4750,     0.0153
     1.757,    0.0000,    0.0000,    0.0000,    0.0000,    2.6366,    2.3215,    2.6366,    0.0000,    2.5227,     1.4729,     0.0154
     1.758,    0.0000,    0.0000,    0.0000,    0.0000,    2.6369,    2.3217,    2.6369,    0.0000,    2.5230,     1.4709,     0.0155
     1.759,    0.0000,    0.0000,    0.0000,    0.0000,    2.6372,    2.3220,    2.6372,    0.0000,    2.5233,     1.4690,     0.0157
     1.760,    0.0000,    0.0000,    0.0000,    0.0000,    2.6377,    2.3225,    2.6378,    0.0000,    2.5238,     1.4672,     0.0158
     1.761,    0.0000,    0.0000,    0.0000,    0.0000,    2.6383,    2.3231,    2.6385,    0.0000,    2.5245,     1.4655,     0.0159
     1.762,    0.0000,    0.0000,    0.0000,    0.0000,    2.6385,    2.3235,    2.6389,    0.0000,    2.5249,     1.4636,     0.0161
     1.763,    0.0000,    0.0000,    0.0000,    0.0000,    2.6378,    2.3234,    2.6388,    0.0000,    2.5248,     1.4615,     0.0162
     1.764,    0.0000,    0.0000,    0.0000,    0.0000,    2.6366,    2.3234,    2.6388,    0.0000,    2.5248,     1.4593,     0.0163
     1.765,    0.0000,    0.0000,    0.0000,    0.0000,    2.6346,    2.3238,    2.6393,    0.0000,    2.5253,     1.4575,     0.0164
     1.766,    0.0000,    0.0000,    0.0000,    0.0000,    2.6304,    2.3244,    2.6400,    0.0000,    2.5260,     1.4558,     0.0166
     1.767,    0.0000,    0.0000,    0.0000,    0.0000,    2.6217,    2.3247,    2.6403,    0.0000,    2.5263,     1.4538,     0.0167
     1.768,    0.0000,    0.0000,    0.0000,    0.0000,    2.6060,    2.3248,    2.6404,    0.0000,    2.5263,     1.4518,     0.0168
     1.769,    0.0000,    0.0000,    0.0000,    0.0000,    2.5797,    2.3247,    2.6403,    0.0000,    2.5262,     1.4496,     0.0170
     1.770,    0.0000,    0.0000,    0.0000,    0.0000,    2.5383,    2.3246,    2.6402,    0.0000,    2.5262,     1.4475,     0.0171
     1.771,    0.0000,    0.0000,    0.0000,    0.0000,    2.4765,    2.3247,    2.6403,    0.0000,    2.5262,     1.4454,     0.0172
     1.772,    0.0000,    0.0000,    0.0000,    0.0000,    2.3888,    2.3248,    2.6404,    0.0000,    2.5264,     1.4434,     0.0174
     1.773,    0.0000,    0.0000,    0.0000,    0.0000,    2.2704,    2.3249,    2.6406,    0.0000,    2.5265,     1.4413,     0.0175
     1.774,    0.0000,    0.0000,    0.0000,    0.0000,    2.1191,    2.3252,    2.6409,    0.0000,    2.5268,     1.4394,     0.0176
     1.775,    0.0000,    0.0000,    0.0000,    0.0000,    1.9356,    2.3258,    2.6416,    0.0000,    2.5275,     1.4377,     0.0178
     1.776,    0.0000,    0.0000,    0.0000,    0.0000,    1.7239,    2.3263,    2.6422,    0.0000,    2.5280,     1.4359,     0.0179
     1.777,    0.0000,    0.0000,    0.0000,    0.0000,    1.4920,    2.3266,    2.6424,    0.0000,    2.5283,     1.4340,     0.0180
     1.778,    0.0000,    0.0000,    0.0000,    0.0000,    1.2513,    2.3268,    2.6426,    0.0000,    2.5285,     1.4320,     0.0182
     1.779,    0.0000,    0.0000,    0.0000,    0.0000,    1.0143,    2.3273,    2.6432,    0.0000,    2.5290,     1.4302,     0.0183
     1.780,    0.0000,    0.0000,    0.0000,    0.0000,    0.7927,    2.3278,    2.6438,    0.0000,    2.5296,     1.4284,     0.0185
     1.781,    0.0000,    0.0000,    0.0000,    0.0000,    0.5959,    2.3279,    2.6440,    0.0000,    2.5297,     1.4264,     0.0186
     1.782,    0.0000,    0.0000,    0.0000,    0.0000,    0.4302,    2.3277,    2.6437,    0.0000,    2.5295,     1.4242,     0.0187
     1.783,    0.0000,    0.0000,    0.0000,    0.0000,    0.2978,    2.3273,    2.6433,    0.0000,    2.5290,     1.4219,     0.0189
     1.784,    0.0000,    0.0000,    0.0000,    0.0000,    0.1974,    2.3270,    2.6429,    0.0000,    2.5285,     1.4196,     0.0190
     1.785,    0.0000,    0.0000,    0.0000,    0.0000,    0.1252,    2.3271,    2.6430,    0.0000,    2.5285,     1.4176,     0.0192
     1.786,    0.0000,    0.0000,    0.0000,    0.0000,    0.0759,    2.3276,    2.6436,    0.0000,    2.5288,     1.4158,     0.0193
     1.787,    0.0000,    0.0000,    0.0000,    0.0000,    0.0439,    2.3282,    2.6443,    0.0000,    2.5291,     1.4141,     0.0195
     1.788,    0.0000,    0.0000,    0.0000,    0.0000,    0.0243,    2.3290,    2.6452,    0.0000,    2.5293,     1.4125,     0.0196
     1.789,    0.0000,    0.0000,    0.0000,    0.0000,    0.0128,    2.3296,    2.6459,    0.0000,    2.5290,     1.4108,     0.0198
     1.790,    0.0000,    0.0000,    0.0000,    0.0000,    0.0064,    2.3301,    2.6464,    0.0000,    2.5280,     1.4090,     0.0199
     1.791,    0.0000,    0.0000,    0.0000,    0.0000,    0.0031,    2.3302,    2.6466,    0.0000,    2.5258,     1.4070,     0.0200
     1.792,    0.0000,    0.0000,    0.0000,    0.0000,    0.0014,    2.3301,    2.6465,    0.0000,    2.5223,     1.4049,     0.0202
     1.793,    0.0000,    0.0000,    0.0000,    0.0000,    0.0006,    2.3300,    2.6463,    0.0000,    2.5171,     1.4027,     0.0203
     1.794,    0.0000,    0.0000,    0.0000,    0.0000,    0.0002,    2.3301,    2.6465,    0.0000,    2.5101,     1.4007,     0.0205
     1.795,    0.0000,    0.0000,    0.0000,    0.0000,    0.0001,    2.3309,    2.6474,    0.0000,    2.5009,     1.3991,     0.0206
     1.796,    0.0000,    0.0000,    0.0000,    0.0000,    0.0000,    2.3316,    2.6481,    0.0000,    2.4878,     1.3975,     0.0208
     1.797,    0.0000,    0.0000,    0.0000,    0.0000,    0.0000,    2.3315,    2.6480,    0.0000,    2.4692,     1.3953,     0.0209
     1.798,    0.0000,    0.0000,    0.0000,    0.0000,    0.0000,    2.3312,    2.6476,    0.0000,    2.4445,     1.3931,     0.0211
     1.799,    0.0000,    0.0000,    0.0000,    0.0000,    0.0000,    2.3314,    2.6479,    0.0000,    2.4132,     1.3912,     0.0212
     1.800,    0.0000,    0.0000,    0.0000,    0.0000,    0.0000,    2.3321,    2.6487,    0.0000,    2.3741,     1.3895,     0.0214
     1.801,    0.0000,    0.0000,    0.0000,    0.0000,    0.0000,    2.3331,    2.6498,    0.0000,    2.3256,     1.3880,     0.0216
     1.802,    0.0000,    0.0000,    0.0000,    0.0000,    0.0000,    2.3338,    2.6506,    0.0000,    2.2660,     1.3864,     0.0217
     1.803,    0.0000,    0.0000,    0.0000,    0.0000,    0.0000,    2.3339,    2.6508,    0.0000,    2.1943,     1.3844,     0.0219
     1.804,    0.0000,    0.0000,    0.0000,    0.0000,    0.0000,    2.3338,    2.6506,    0.0000,    2.1102,     1.3823,     0.0220
     1.805,    0.0000,    0.0000,    0.0000,    0.0000,    0.0000,    2.3339,    2.6507,    0.0000,    2.0140,     1.3803,     0.0222
     1.806,    0.0000,    0.0000,    0.0000,    0.0000,    0.0000,    2.3343,    2.6512,    0.0000,    1.9063,     1.3785,     0.0223
     1.807,    0.0000,    0.0000,    0.0000,    0.0000,    0.0000,    2.3349,    2.6519,    0.0000,    1.7879,     1.3768,     0.0225
     1.808,    0.0000,    0.0000,    0.0000,    0.0000,    0.0000,    2.3356,    2.6527,    0.0000,    1.6600,     1.3752,     0.0227
     1.809,    0.0000,    0.0000,    0.0000,    0.0000,    0.0000,    2.3363,    2.6535,    0.0000,    1.5247,     1.3735,     0.0228
     1.810,    0.0000,    0.0000,    0.0000,    0.0000,    0.0000,    2.3368,    2.6540,    0.0000,    1.3841,     1.3717,     0.0230
     1.811,    0.0000,    0.0000,    0.0000,    0.0000,    0.0000,    2.3369,    2.6542,    0.0000,    1.2411,     1.3698,     0.0232
     1.812,    0.0000,    0.0000,    0.0000,    0.0000,    0.0000,    2.3371,    2.6544,    0.0000,    1.0986,     1.3679,     0.0233
     1.813,    0.0000,    0.0000,    0.0000,    0.0000,    0.0000,    2.3379,    2.6553,    0.0000,    0.9598,     1.3663,     0.0235
     1.814,    0.0000,    0.0000,    0.0000,    0.0000,    0.0000,    2.3388,    2.6564,    0.0000,    0.8269,     1.3648,     0.0237
     1.815,    0.0000,    0.0000,    0.0000,    0.0000,    0.0000,    2.3395,    2.6571,    0.0000,    0.7020,     1.3631,     0.0238
     1.816,    0.0000,    0.0000,    0.0000,    0.0000,    0.0000,    2.3400,    2.6576,    0.0000,    0.5871,     1.3614,     0.0240
     1.817,    0.0000,    0.0000,    0.0000,    0.0000,    0.0000,    2.3404,    2.6581,    0.0000,    0.4836,     1.3595,     0.0242
     1.818,    0.0000,    0.0000,    0.0000,    0.0000,    0.0000,    2.3403,    2.6580,    0.0000,    0.3920,     1.3575,     0.0243
     1.819,    0.0000,    0.0000,    0.0000,    0.0000,    0.0000,    2.3395,    2.6571,    0.0000,    0.3125,     1.3550,     0.0245
     1.820,    0.0000,    0.0000,    0.0000,    0.0000,    0.0000,    2.3389,    2.6564,    0.0000,    0.2452,     1.3526,     0.0246
     1.821,    0.0000,    0.0000,    0.0000,    0.0000,    0.0000,    2.3393,    2.6569,    0.0000,    0.1892,     1.3508,     0.0248
     1.822,    0.0000,    0.0000,    0.0000,    0.0000,    0.0000,    2.3404,    2.6581,    0.0000,    0.1437,     1.3494,     0.0250
     1.823,    0.0000,    0.0000,    0.0000,    0.0000,    0.0000,    2.3415,    2.6594,    0.0000,    0.1072,     1.3480,     0.0252
     1.824,    0.0000,    0.0000,    0.0000,    0.0000,    0.0000,    2.3428,    2.6608,    0.0000,    0.0786,     1.3467,     0.0253
     1.825,    0.0000,    0.0000,    0.0000,    0.0000,    0.0000,    2.3442,    2.6624,    0.0000,    0.0567,     1.3455,     0.0255
     1.826,    0.0000,    0.0000,    0.0000,    0.0000,    0.0000,    2.3455,    2.6640,    0.0000,    0.0401,     1.3442,     0.0257
     1.827,    0.0000,    0.0000,    0.0000,    0.0000,    0.0000,    2.3465,    2.6651,    0.0000,    0.0279,     1.3428,     0.0259
     1.828,    0.0000,    0.0000,    0.0000,    0.0000,    0.0000,    2.3470,    2.6656,    0.0000,    0.0190,     1.3410,     0.0261
     1.829,    0.0000,    0.0000,    0.0000,    0.0000,    0.0000,    2.3468,    2.6654,    0.0000,    0.0128,     1.3389,     0.0262
     1.830,    0.0000,    0.0000,    0.0000,    0.0000,    0.0000,    2.3467,    2.6653,    0.0000,    0.0084,     1.3369,     0.0264
     1.831,    0.0000,    0.0000,    0.0000,    0.0000,    0.0000,    2.3474,    2.6661,    0.0000,    0.0054,     1.3352,     0.0266
