romanisim/data/roman-technical-information/data/WideFieldInstrument/Imaging/EffectiveAreas/Roman_effarea_v8_SCA04_20240301.ecsv
# %ECSV 1.0
# ---
# Effective area for Roman (m^2) - parameters as of 2024 03 01
# datatype:
# - {name: Wave, datatype: float32}
# - {name: F062, datatype: float32}
# - {name: F087, datatype: float32}
# - {name: F106, datatype: float32}
# - {name: F129, datatype: float32}
# - {name: F158, datatype: float32}
# - {name: F184, datatype: float32}
# - {name: F146, datatype: float32}
# - {name: F213, datatype: float32}
# - {name: Prism, datatype: float32}
# - {name: Grism_1stOrder, datatype: float32}
# - {name: Grism_0thOrder, datatype: float32}
# schema: astropy-2.0
Wave, F062, F087, F106, F129, F158, F184, F146, F213, Prism, Grism_1stOrder, Grism_0thOrder
[from data line 717]
     1.117,    0.0000,    0.0000,    2.4734,    0.0000,    0.0000,    0.0000,    2.4734,    0.0000,    2.4722,     1.6376,     0.0011
     1.118,    0.0000,    0.0000,    2.4726,    0.0001,    0.0000,    0.0000,    2.4726,    0.0000,    2.4714,     1.6416,     0.0011
     1.119,    0.0000,    0.0000,    2.4727,    0.0005,    0.0000,    0.0000,    2.4727,    0.0000,    2.4715,     1.6462,     0.0011
     1.120,    0.0000,    0.0000,    2.4730,    0.0026,    0.0000,    0.0000,    2.4730,    0.0000,    2.4718,     1.6509,     0.0011
     1.121,    0.0000,    0.0000,    2.4726,    0.0111,    0.0000,    0.0000,    2.4726,    0.0000,    2.4714,     1.6551,     0.0010
     1.122,    0.0000,    0.0000,    2.4721,    0.0388,    0.0000,    0.0000,    2.4721,    0.0000,    2.4709,     1.6592,     0.0010
     1.123,    0.0000,    0.0000,    2.4722,    0.1122,    0.0000,    0.0000,    2.4722,    0.0000,    2.4710,     1.6637,     0.0010
     1.124,    0.0000,    0.0000,    2.4721,    0.2701,    0.0000,    0.0000,    2.4721,    0.0000,    2.4709,     1.6680,     0.0010
     1.125,    0.0000,    0.0000,    2.4711,    0.5455,    0.0000,    0.0000,    2.4711,    0.0000,    2.4699,     1.6718,     0.0010
     1.126,    0.0000,    0.0000,    2.4700,    0.9355,    0.0000,    0.0000,    2.4700,    0.0000,    2.4688,     1.6754,     0.0010
     1.127,    0.0000,    0.0000,    2.4695,    1.3840,    0.0000,    0.0000,    2.4695,    0.0000,    2.4683,     1.6793,     0.0009
     1.128,    0.0000,    0.0000,    2.4693,    1.8028,    0.0000,    0.0000,    2.4693,    0.0000,    2.4681,     1.6835,     0.0009
     1.129,    0.0000,    0.0000,    2.4692,    2.1199,    0.0000,    0.0000,    2.4692,    0.0000,    2.4680,     1.6877,     0.0009
     1.130,    0.0000,    0.0000,    2.4691,    2.3149,    0.0000,    0.0000,    2.4691,    0.0000,    2.4679,     1.6919,     0.0009
     1.131,    0.0000,    0.0000,    2.4691,    2.4123,    0.0000,    0.0000,    2.4691,    0.0000,    2.4679,     1.6961,     0.0009
     1.132,    0.0000,    0.0000,    2.4690,    2.4517,    0.0000,    0.0000,    2.4690,    0.0000,    2.4678,     1.7003,     0.0009
     1.133,    0.0000,    0.0000,    2.4687,    2.4644,    0.0000,    0.0000,    2.4687,    0.0000,    2.4675,     1.7043,     0.0009
     1.134,    0.0000,    0.0000,    2.4683,    2.4674,    0.0000,    0.0000,    2.4683,    0.0000,    2.4671,     1.7082,     0.0008
     1.135,    0.0000,    0.0000,    2.4680,    2.4679,    0.0000,    0.0000,    2.4680,    0.0000,    2.4668,     1.7121,     0.0008
     1.136,    0.0000,    0.0000,    2.4677,    2.4677,    0.0000,    0.0000,    2.4677,    0.0000,    2.4665,     1.7160,     0.0008
     1.137,    0.0000,    0.0000,    2.4672,    2.4672,    0.0000,    0.0000,    2.4672,    0.0000,    2.4660,     1.7198,     0.0008
     1.138,    0.0000,    0.0000,    2.4669,    2.4669,    0.0000,    0.0000,    2.4669,    0.0000,    2.4657,     1.7236,     0.0008
     1.139,    0.0000,    0.0000,    2.4669,    2.4669,    0.0000,    0.0000,    2.4669,    0.0000,    2.4657,     1.7277,     0.0008
     1.140,    0.0000,    0.0000,    2.4672,    2.4672,    0.0000,    0.0000,    2.4672,    0.0000,    2.4660,     1.7319,     0.0007
     1.141,    0.0000,    0.0000,    2.4674,    2.4674,    0.0000,    0.0000,    2.4674,    0.0000,    2.4662,     1.7360,     0.0007
     1.142,    0.0000,    0.0000,    2.4672,    2.4672,    0.0000,    0.0000,    2.4672,    0.0000,    2.4660,     1.7399,     0.0007
     1.143,    0.0000,    0.0000,    2.4667,    2.4667,    0.0000,    0.0000,    2.4667,    0.0000,    2.4655,     1.7435,     0.0007
     1.144,    0.0000,    0.0000,    2.4662,    2.4662,    0.0000,    0.0000,    2.4662,    0.0000,    2.4650,     1.7471,     0.0007
     1.145,    0.0000,    0.0000,    2.4662,    2.4662,    0.0000,    0.0000,    2.4662,    0.0000,    2.4650,     1.7510,     0.0007
     1.146,    0.0000,    0.0000,    2.4663,    2.4663,    0.0000,    0.0000,    2.4663,    0.0000,    2.4651,     1.7550,     0.0007
     1.147,    0.0000,    0.0000,    2.4662,    2.4662,    0.0000,    0.0000,    2.4662,    0.0000,    2.4650,     1.7588,     0.0007
     1.148,    0.0000,    0.0000,    2.4660,    2.4660,    0.0000,    0.0000,    2.4660,    0.0000,    2.4648,     1.7624,     0.0006
     1.149,    0.0000,    0.0000,    2.4656,    2.4656,    0.0000,    0.0000,    2.4656,    0.0000,    2.4644,     1.7660,     0.0006
     1.150,    0.0000,    0.0000,    2.4654,    2.4654,    0.0000,    0.0000,    2.4654,    0.0000,    2.4642,     1.7696,     0.0006
     1.151,    0.0000,    0.0000,    2.4652,    2.4652,    0.0000,    0.0000,    2.4652,    0.0000,    2.4640,     1.7733,     0.0006
     1.152,    0.0000,    0.0000,    2.4650,    2.4650,    0.0000,    0.0000,    2.4650,    0.0000,    2.4638,     1.7769,     0.0006
     1.153,    0.0000,    0.0000,    2.4646,    2.4646,    0.0000,    0.0000,    2.4646,    0.0000,    2.4634,     1.7803,     0.0006
     1.154,    0.0000,    0.0000,    2.4643,    2.4643,    0.0000,    0.0000,    2.4643,    0.0000,    2.4631,     1.7838,     0.0006
     1.155,    0.0000,    0.0000,    2.4646,    2.4646,    0.0000,    0.0000,    2.4646,    0.0000,    2.4634,     1.7877,     0.0006
     1.156,    0.0000,    0.0000,    2.4648,    2.4648,    0.0000,    0.0000,    2.4648,    0.0000,    2.4636,     1.7914,     0.0005
     1.157,    0.0000,    0.0000,    2.4643,    2.4643,    0.0000,    0.0000,    2.4643,    0.0000,    2.4631,     1.7947,     0.0005
     1.158,    0.0000,    0.0000,    2.4636,    2.4636,    0.0000,    0.0000,    2.4636,    0.0000,    2.4624,     1.7978,     0.0005
     1.159,    0.0000,    0.0000,    2.4636,    2.4636,    0.0000,    0.0000,    2.4636,    0.0000,    2.4624,     1.8014,     0.0005
     1.160,    0.0000,    0.0000,    2.4639,    2.4639,    0.0000,    0.0000,    2.4639,    0.0000,    2.4627,     1.8051,     0.0005
     1.161,    0.0000,    0.0000,    2.4640,    2.4640,    0.0000,    0.0000,    2.4640,    0.0000,    2.4628,     1.8087,     0.0005
     1.162,    0.0000,    0.0000,    2.4638,    2.4638,    0.0000,    0.0000,    2.4638,    0.0000,    2.4626,     1.8121,     0.0005
     1.163,    0.0000,    0.0000,    2.4633,    2.4633,    0.0000,    0.0000,    2.4633,    0.0000,    2.4621,     1.8152,     0.0005
     1.164,    0.0000,    0.0000,    2.4628,    2.4628,    0.0000,    0.0000,    2.4628,    0.0000,    2.4616,     1.8183,     0.0005
     1.165,    0.0000,    0.0000,    2.4627,    2.4627,    0.0000,    0.0000,    2.4627,    0.0000,    2.4615,     1.8217,     0.0005
     1.166,    0.0000,    0.0000,    2.4627,    2.4627,    0.0000,    0.0000,    2.4627,    0.0000,    2.4615,     1.8251,     0.0004
     1.167,    0.0000,    0.0000,    2.4626,    2.4626,    0.0000,    0.0000,    2.4626,    0.0000,    2.4614,     1.8284,     0.0004
     1.168,    0.0000,    0.0000,    2.4626,    2.4626,    0.0000,    0.0000,    2.4626,    0.0000,    2.4614,     1.8318,     0.0004
     1.169,    0.0000,    0.0000,    2.4631,    2.4631,    0.0000,    0.0000,    2.4631,    0.0000,    2.4618,     1.8354,     0.0004
     1.170,    0.0000,    0.0000,    2.4632,    2.4632,    0.0000,    0.0000,    2.4632,    0.0000,    2.4620,     1.8389,     0.0004
     1.171,    0.0000,    0.0000,    2.4626,    2.4626,    0.0000,    0.0000,    2.4626,    0.0000,    2.4614,     1.8417,     0.0004
     1.172,    0.0000,    0.0000,    2.4618,    2.4618,    0.0000,    0.0000,    2.4618,    0.0000,    2.4606,     1.8443,     0.0004
     1.173,    0.0000,    0.0000,    2.4614,    2.4614,    0.0000,    0.0000,    2.4614,    0.0000,    2.4602,     1.8473,     0.0004
     1.174,    0.0000,    0.0000,    2.4614,    2.4614,    0.0000,    0.0000,    2.4614,    0.0000,    2.4602,     1.8505,     0.0004
     1.175,    0.0000,    0.0000,    2.4613,    2.4613,    0.0000,    0.0000,    2.4613,    0.0000,    2.4601,     1.8537,     0.0004
     1.176,    0.0000,    0.0000,    2.4612,    2.4612,    0.0000,    0.0000,    2.4612,    0.0000,    2.4600,     1.8568,     0.0004
     1.177,    0.0000,    0.0000,    2.4611,    2.4611,    0.0000,    0.0000,    2.4611,    0.0000,    2.4599,     1.8598,     0.0003
     1.178,    0.0000,    0.0000,    2.4612,    2.4612,    0.0000,    0.0000,    2.4612,    0.0000,    2.4600,     1.8630,     0.0003
     1.179,    0.0000,    0.0000,    2.4618,    2.4618,    0.0000,    0.0000,    2.4618,    0.0000,    2.4606,     1.8665,     0.0003
     1.180,    0.0000,    0.0000,    2.4622,    2.4622,    0.0000,    0.0000,    2.4622,    0.0000,    2.4610,     1.8700,     0.0003
     1.181,    0.0000,    0.0000,    2.4621,    2.4621,    0.0000,    0.0000,    2.4621,    0.0000,    2.4609,     1.8729,     0.0003
     1.182,    0.0000,    0.0000,    2.4618,    2.4618,    0.0000,    0.0000,    2.4618,    0.0000,    2.4606,     1.8758,     0.0003
     1.183,    0.0000,    0.0000,    2.4619,    2.4619,    0.0000,    0.0000,    2.4619,    0.0000,    2.4607,     1.8788,     0.0003
     1.184,    0.0000,    0.0000,    2.4620,    2.4620,    0.0000,    0.0000,    2.4620,    0.0000,    2.4608,     1.8819,     0.0003
     1.185,    0.0000,    0.0000,    2.4617,    2.4617,    0.0000,    0.0000,    2.4617,    0.0000,    2.4605,     1.8846,     0.0003
     1.186,    0.0000,    0.0000,    2.4612,    2.4612,    0.0000,    0.0000,    2.4612,    0.0000,    2.4600,     1.8872,     0.0003
     1.187,    0.0000,    0.0000,    2.4607,    2.4608,    0.0000,    0.0000,    2.4608,    0.0000,    2.4596,     1.8898,     0.0003
     1.188,    0.0000,    0.0000,    2.4602,    2.4606,    0.0000,    0.0000,    2.4606,    0.0000,    2.4594,     1.8925,     0.0003
     1.189,    0.0000,    0.0000,    2.4594,    2.4609,    0.0000,    0.0000,    2.4609,    0.0000,    2.4597,     1.8956,     0.0003
     1.190,    0.0000,    0.0000,    2.4563,    2.4611,    0.0000,    0.0000,    2.4611,    0.0000,    2.4598,     1.8986,     0.0002
     1.191,    0.0000,    0.0000,    2.4470,    2.4606,    0.0000,    0.0000,    2.4606,    0.0000,    2.4594,     1.9010,     0.0002
     1.192,    0.0000,    0.0000,    2.4256,    2.4601,    0.0000,    0.0000,    2.4601,    0.0000,    2.4589,     1.9034,     0.0002
     1.193,    0.0000,    0.0000,    2.3815,    2.4602,    0.0000,    0.0000,    2.4602,    0.0000,    2.4590,     1.9063,     0.0002
     1.194,    0.0000,    0.0000,    2.2983,    2.4604,    0.0000,    0.0000,    2.4604,    0.0000,    2.4592,     1.9092,     0.0002
     1.195,    0.0000,    0.0000,    2.1584,    2.4599,    0.0000,    0.0000,    2.4599,    0.0000,    2.4587,     1.9115,     0.0002
     1.196,    0.0000,    0.0000,    1.9507,    2.4594,    0.0000,    0.0000,    2.4594,    0.0000,    2.4582,     1.9139,     0.0002
     1.197,    0.0000,    0.0000,    1.6767,    2.4596,    0.0000,    0.0000,    2.4596,    0.0000,    2.4584,     1.9167,     0.0002
     1.198,    0.0000,    0.0000,    1.3548,    2.4598,    0.0000,    0.0000,    2.4598,    0.0000,    2.4586,     1.9195,     0.0002
     1.199,    0.0000,    0.0000,    1.0182,    2.4595,    0.0000,    0.0000,    2.4595,    0.0000,    2.4583,     1.9219,     0.0002
     1.200,    0.0000,    0.0000,    0.7057,    2.4591,    0.0000,    0.0000,    2.4591,    0.0000,    2.4579,     1.9242,     0.0002
     1.201,    0.0000,    0.0000,    0.4480,    2.4591,    0.0000,    0.0000,    2.4591,    0.0000,    2.4579,     1.9268,     0.0002
     1.202,    0.0000,    0.0000,    0.2589,    2.4592,    0.0000,    0.0000,    2.4592,    0.0000,    2.4580,     1.9294,     0.0002
     1.203,    0.0000,    0.0000,    0.1356,    2.4592,    0.0000,    0.0000,    2.4592,    0.0000,    2.4580,     1.9319,     0.0002
     1.204,    0.0000,    0.0000,    0.0641,    2.4592,    0.0000,    0.0000,    2.4592,    0.0000,    2.4580,     1.9345,     0.0002
     1.205,    0.0000,    0.0000,    0.0273,    2.4595,    0.0000,    0.0000,    2.4595,    0.0000,    2.4583,     1.9372,     0.0002
     1.206,    0.0000,    0.0000,    0.0105,    2.4596,    0.0000,    0.0000,    2.4596,    0.0000,    2.4584,     1.9398,     0.0002
     1.207,    0.0000,    0.0000,    0.0036,    2.4592,    0.0000,    0.0000,    2.4592,    0.0000,    2.4580,     1.9419,     0.0002
     1.208,    0.0000,    0.0000,    0.0011,    2.4585,    0.0000,    0.0000,    2.4585,    0.0000,    2.4573,     1.9438,     0.0001
     1.209,    0.0000,    0.0000,    0.0003,    2.4579,    0.0000,    0.0000,    2.4579,    0.0000,    2.4567,     1.9457,     0.0001
     1.210,    0.0000,    0.0000,    0.0001,    2.4577,    0.0000,    0.0000,    2.4577,    0.0000,    2.4565,     1.9479,     0.0001
     1.211,    0.0000,    0.0000,    0.0000,    2.4579,    0.0000,    0.0000,    2.4579,    0.0000,    2.4567,     1.9504,     0.0001
     1.212,    0.0000,    0.0000,    0.0000,    2.4580,    0.0000,    0.0000,    2.4580,    0.0000,    2.4568,     1.9528,     0.0001
     1.213,    0.0000,    0.0000,    0.0000,    2.4574,    0.0000,    0.0000,    2.4574,    0.0000,    2.4562,     1.9546,     0.0001
     1.214,    0.0000,    0.0000,    0.0000,    2.4567,    0.0000,    0.0000,    2.4567,    0.0000,    2.4555,     1.9564,     0.0001
     1.215,    0.0000,    0.0000,    0.0000,    2.4566,    0.0000,    0.0000,    2.4566,    0.0000,    2.4554,     1.9586,     0.0001
     1.216,    0.0000,    0.0000,    0.0000,    2.4570,    0.0000,    0.0000,    2.4570,    0.0000,    2.4558,     1.9611,     0.0001
     1.217,    0.0000,    0.0000,    0.0000,    2.4574,    0.0000,    0.0000,    2.4574,    0.0000,    2.4562,     1.9636,     0.0001
     1.218,    0.0000,    0.0000,    0.0000,    2.4573,    0.0000,    0.0000,    2.4573,    0.0000,    2.4561,     1.9658,     0.0001
     1.219,    0.0000,    0.0000,    0.0000,    2.4567,    0.0000,    0.0000,    2.4567,    0.0000,    2.4555,     1.9675,     0.0001
     1.220,    0.0000,    0.0000,    0.0000,    2.4562,    0.0000,    0.0000,    2.4562,    0.0000,    2.4550,     1.9692,     0.0001
     1.221,    0.0000,    0.0000,    0.0000,    2.4564,    0.0000,    0.0000,    2.4564,    0.0000,    2.4552,     1.9715,     0.0001
     1.222,    0.0000,    0.0000,    0.0000,    2.4567,    0.0000,    0.0000,    2.4567,    0.0000,    2.4555,     1.9738,     0.0001
     1.223,    0.0000,    0.0000,    0.0000,    2.4564,    0.0000,    0.0000,    2.4564,    0.0000,    2.4552,     1.9757,     0.0001
     1.224,    0.0000,    0.0000,    0.0000,    2.4561,    0.0000,    0.0000,    2.4561,    0.0000,    2.4549,     1.9775,     0.0001
     1.225,    0.0000,    0.0000,    0.0000,    2.4562,    0.0000,    0.0000,    2.4562,    0.0000,    2.4550,     1.9796,     0.0001
     1.226,    0.0000,    0.0000,    0.0000,    2.4563,    0.0000,    0.0000,    2.4563,    0.0000,    2.4551,     1.9817,     0.0001
     1.227,    0.0000,    0.0000,    0.0000,    2.4559,    0.0000,    0.0000,    2.4559,    0.0000,    2.4547,     1.9834,     0.0001
     1.228,    0.0000,    0.0000,    0.0000,    2.4555,    0.0000,    0.0000,    2.4555,    0.0000,    2.4543,     1.9851,     0.0001
     1.229,    0.0000,    0.0000,    0.0000,    2.4555,    0.0000,    0.0000,    2.4555,    0.0000,    2.4543,     1.9870,     0.0001
     1.230,    0.0000,    0.0000,    0.0000,    2.4554,    0.0000,    0.0000,    2.4554,    0.0000,    2.4542,     1.9889,     0.0001
     1.231,    0.0000,    0.0000,    0.0000,    2.4549,    0.0000,    0.0000,    2.4549,    0.0000,    2.4537,     1.9904,     0.0001
     1.232,    0.0000,    0.0000,    0.0000,    2.4543,    0.0000,    0.0000,    2.4543,    0.0000,    2.4531,     1.9918,     0.0001
     1.233,    0.0000,    0.0000,    0.0000,    2.4538,    0.0000,    0.0000,    2.4538,    0.0000,    2.4526,     1.9932,     0.0001
     1.234,    0.0000,    0.0000,    0.0000,    2.4535,    0.0000,    0.0000,    2.4535,    0.0000,    2.4523,     1.9948,     0.0001
