romanisim/data/roman-technical-information/data/WideFieldInstrument/Imaging/EffectiveAreas/Roman_effarea_v8_SCA06_20240301.ecsv
# %ECSV 1.0
# ---
# Effective area for Roman (m^2) - parameters as of 2024 03 01
# datatype:
# - {name: Wave, datatype: float32}
# - {name: F062, datatype: float32}
# - {name: F087, datatype: float32}
# - {name: F106, datatype: float32}
# - {name: F129, datatype: float32}
# - {name: F158, datatype: float32}
# - {name: F184, datatype: float32}
# - {name: F146, datatype: float32}
# - {name: F213, datatype: float32}
# - {name: Prism, datatype: float32}
# - {name: Grism_1stOrder, datatype: float32}
# - {name: Grism_0thOrder, datatype: float32}
# schema: astropy-2.0
Wave, F062, F087, F106, F129, F158, F184, F146, F213, Prism, Grism_1stOrder, Grism_0thOrder
[from data line 1195]
     1.595,    0.0000,    0.0000,    0.0000,    0.0000,    2.6465,    0.0000,    2.6465,    0.0000,    2.5056,     1.8766,     0.0029
     1.596,    0.0000,    0.0000,    0.0000,    0.0000,    2.6465,    0.0000,    2.6465,    0.0000,    2.5057,     1.8744,     0.0029
     1.597,    0.0000,    0.0000,    0.0000,    0.0000,    2.6467,    0.0000,    2.6467,    0.0000,    2.5058,     1.8724,     0.0030
     1.598,    0.0000,    0.0000,    0.0000,    0.0000,    2.6472,    0.0000,    2.6472,    0.0000,    2.5063,     1.8706,     0.0030
     1.599,    0.0000,    0.0000,    0.0000,    0.0000,    2.6483,    0.0000,    2.6483,    0.0000,    2.5073,     1.8691,     0.0030
     1.600,    0.0000,    0.0000,    0.0000,    0.0000,    2.6492,    0.0000,    2.6492,    0.0000,    2.5082,     1.8676,     0.0031
     1.601,    0.0000,    0.0000,    0.0000,    0.0000,    2.6497,    0.0000,    2.6497,    0.0000,    2.5087,     1.8657,     0.0031
     1.602,    0.0000,    0.0000,    0.0000,    0.0000,    2.6499,    0.0000,    2.6499,    0.0000,    2.5089,     1.8637,     0.0032
     1.603,    0.0000,    0.0000,    0.0000,    0.0000,    2.6504,    0.0000,    2.6504,    0.0000,    2.5093,     1.8618,     0.0032
     1.604,    0.0000,    0.0000,    0.0000,    0.0000,    2.6510,    0.0000,    2.6510,    0.0000,    2.5099,     1.8600,     0.0033
     1.605,    0.0000,    0.0000,    0.0000,    0.0000,    2.6517,    0.0000,    2.6517,    0.0000,    2.5106,     1.8583,     0.0033
     1.606,    0.0000,    0.0000,    0.0000,    0.0000,    2.6525,    0.0000,    2.6525,    0.0000,    2.5113,     1.8567,     0.0033
     1.607,    0.0000,    0.0000,    0.0000,    0.0000,    2.6534,    0.0000,    2.6534,    0.0000,    2.5122,     1.8551,     0.0034
     1.608,    0.0000,    0.0000,    0.0000,    0.0000,    2.6542,    0.0000,    2.6542,    0.0000,    2.5130,     1.8534,     0.0034
     1.609,    0.0000,    0.0000,    0.0000,    0.0000,    2.6547,    0.0000,    2.6547,    0.0000,    2.5134,     1.8516,     0.0035
     1.610,    0.0000,    0.0000,    0.0000,    0.0000,    2.6553,    0.0000,    2.6553,    0.0000,    2.5140,     1.8497,     0.0035
     1.611,    0.0000,    0.0000,    0.0000,    0.0000,    2.6563,    0.0000,    2.6563,    0.0000,    2.5149,     1.8482,     0.0036
     1.612,    0.0000,    0.0000,    0.0000,    0.0000,    2.6572,    0.0000,    2.6572,    0.0000,    2.5158,     1.8467,     0.0036
     1.613,    0.0000,    0.0000,    0.0000,    0.0000,    2.6576,    0.0000,    2.6576,    0.0000,    2.5162,     1.8447,     0.0037
     1.614,    0.0000,    0.0000,    0.0000,    0.0000,    2.6580,    0.0000,    2.6580,    0.0000,    2.5165,     1.8427,     0.0037
     1.615,    0.0000,    0.0000,    0.0000,    0.0000,    2.6589,    0.0000,    2.6589,    0.0000,    2.5174,     1.8411,     0.0038
     1.616,    0.0000,    0.0000,    0.0000,    0.0000,    2.6601,    0.0000,    2.6601,    0.0000,    2.5186,     1.8398,     0.0038
     1.617,    0.0000,    0.0000,    0.0000,    0.0000,    2.6613,    0.0000,    2.6613,    0.0000,    2.5197,     1.8383,     0.0039
     1.618,    0.0000,    0.0000,    0.0000,    0.0000,    2.6623,    0.0000,    2.6623,    0.0000,    2.5206,     1.8368,     0.0039
     1.619,    0.0000,    0.0000,    0.0000,    0.0000,    2.6631,    0.0000,    2.6631,    0.0000,    2.5214,     1.8351,     0.0040
     1.620,    0.0000,    0.0000,    0.0000,    0.0000,    2.6637,    0.0000,    2.6637,    0.0000,    2.5220,     1.8333,     0.0040
     1.621,    0.0000,    0.0000,    0.0000,    0.0000,    2.6644,    0.0000,    2.6644,    0.0000,    2.5226,     1.8315,     0.0041
     1.622,    0.0000,    0.0000,    0.0000,    0.0000,    2.6652,    0.0000,    2.6652,    0.0000,    2.5233,     1.8298,     0.0041
     1.623,    0.0000,    0.0000,    0.0000,    0.0000,    2.6661,    0.0000,    2.6661,    0.0000,    2.5242,     1.8282,     0.0042
     1.624,    0.0000,    0.0000,    0.0000,    0.0000,    2.6669,    0.0000,    2.6669,    0.0000,    2.5249,     1.8265,     0.0042
     1.625,    0.0000,    0.0000,    0.0000,    0.0000,    2.6674,    0.0000,    2.6674,    0.0000,    2.5254,     1.8246,     0.0043
     1.626,    0.0000,    0.0000,    0.0000,    0.0000,    2.6681,    0.0000,    2.6681,    0.0000,    2.5261,     1.8228,     0.0044
     1.627,    0.0000,    0.0000,    0.0000,    0.0000,    2.6692,    0.0000,    2.6692,    0.0000,    2.5272,     1.8214,     0.0044
     1.628,    0.0000,    0.0000,    0.0000,    0.0000,    2.6703,    0.0000,    2.6703,    0.0000,    2.5282,     1.8199,     0.0045
     1.629,    0.0000,    0.0000,    0.0000,    0.0000,    2.6708,    0.0000,    2.6708,    0.0000,    2.5286,     1.8179,     0.0045
     1.630,    0.0000,    0.0000,    0.0000,    0.0000,    2.6711,    0.0000,    2.6711,    0.0000,    2.5290,     1.8159,     0.0046
     1.631,    0.0000,    0.0000,    0.0000,    0.0000,    2.6721,    0.0000,    2.6721,    0.0000,    2.5298,     1.8143,     0.0046
     1.632,    0.0000,    0.0000,    0.0000,    0.0000,    2.6733,    0.0000,    2.6733,    0.0000,    2.5310,     1.8128,     0.0047
     1.633,    0.0000,    0.0000,    0.0000,    0.0000,    2.6745,    0.0000,    2.6745,    0.0000,    2.5321,     1.8114,     0.0048
     1.634,    0.0000,    0.0000,    0.0000,    0.0000,    2.6754,    0.0000,    2.6754,    0.0000,    2.5331,     1.8098,     0.0048
     1.635,    0.0000,    0.0000,    0.0000,    0.0000,    2.6762,    0.0000,    2.6762,    0.0000,    2.5338,     1.8080,     0.0049
     1.636,    0.0000,    0.0000,    0.0000,    0.0000,    2.6770,    0.0000,    2.6770,    0.0000,    2.5346,     1.8063,     0.0049
     1.637,    0.0000,    0.0000,    0.0000,    0.0000,    2.6780,    0.0000,    2.6780,    0.0000,    2.5355,     1.8047,     0.0050
     1.638,    0.0000,    0.0000,    0.0000,    0.0000,    2.6790,    0.0000,    2.6790,    0.0000,    2.5365,     1.8031,     0.0051
     1.639,    0.0000,    0.0000,    0.0000,    0.0000,    2.6800,    0.0000,    2.6800,    0.0000,    2.5374,     1.8015,     0.0051
     1.640,    0.0000,    0.0000,    0.0000,    0.0000,    2.6807,    0.0000,    2.6807,    0.0000,    2.5381,     1.7997,     0.0052
     1.641,    0.0000,    0.0000,    0.0000,    0.0000,    2.6812,    0.0000,    2.6812,    0.0000,    2.5385,     1.7978,     0.0052
     1.642,    0.0000,    0.0000,    0.0000,    0.0000,    2.6819,    0.0000,    2.6819,    0.0000,    2.5392,     1.7960,     0.0053
     1.643,    0.0000,    0.0000,    0.0000,    0.0000,    2.6832,    0.0000,    2.6832,    0.0000,    2.5404,     1.7945,     0.0054
     1.644,    0.0000,    0.0000,    0.0000,    0.0000,    2.6844,    0.0000,    2.6844,    0.0000,    2.5415,     1.7931,     0.0054
     1.645,    0.0000,    0.0000,    0.0000,    0.0000,    2.6849,    0.0000,    2.6849,    0.0000,    2.5420,     1.7912,     0.0055
     1.646,    0.0000,    0.0000,    0.0000,    0.0000,    2.6852,    0.0000,    2.6852,    0.0000,    2.5423,     1.7891,     0.0056
     1.647,    0.0000,    0.0000,    0.0000,    0.0000,    2.6857,    0.0000,    2.6857,    0.0000,    2.5428,     1.7871,     0.0056
     1.648,    0.0000,    0.0000,    0.0000,    0.0000,    2.6864,    0.0000,    2.6864,    0.0000,    2.5434,     1.7853,     0.0057
     1.649,    0.0000,    0.0000,    0.0000,    0.0000,    2.6869,    0.0000,    2.6869,    0.0000,    2.5439,     1.7834,     0.0058
     1.650,    0.0000,    0.0000,    0.0000,    0.0000,    2.6878,    0.0000,    2.6878,    0.0000,    2.5447,     1.7817,     0.0058
     1.651,    0.0000,    0.0000,    0.0000,    0.0000,    2.6892,    0.0000,    2.6892,    0.0000,    2.5461,     1.7803,     0.0059
     1.652,    0.0000,    0.0000,    0.0000,    0.0000,    2.6903,    0.0000,    2.6903,    0.0000,    2.5471,     1.7787,     0.0060
     1.653,    0.0000,    0.0000,    0.0000,    0.0000,    2.6901,    0.0000,    2.6901,    0.0000,    2.5469,     1.7764,     0.0060
     1.654,    0.0000,    0.0000,    0.0000,    0.0000,    2.6900,    0.0000,    2.6900,    0.0000,    2.5468,     1.7740,     0.0061
     1.655,    0.0000,    0.0000,    0.0000,    0.0000,    2.6910,    0.0000,    2.6910,    0.0000,    2.5478,     1.7724,     0.0062
     1.656,    0.0000,    0.0000,    0.0000,    0.0000,    2.6925,    0.0000,    2.6925,    0.0000,    2.5492,     1.7711,     0.0062
     1.657,    0.0000,    0.0000,    0.0000,    0.0000,    2.6934,    0.0000,    2.6934,    0.0000,    2.5500,     1.7694,     0.0063
     1.658,    0.0000,    0.0000,    0.0000,    0.0000,    2.6939,    0.0000,    2.6939,    0.0000,    2.5505,     1.7674,     0.0064
     1.659,    0.0000,    0.0000,    0.0000,    0.0000,    2.6944,    0.0000,    2.6944,    0.0000,    2.5510,     1.7655,     0.0065
     1.660,    0.0000,    0.0000,    0.0000,    0.0000,    2.6954,    0.0000,    2.6954,    0.0000,    2.5519,     1.7638,     0.0065
     1.661,    0.0000,    0.0000,    0.0000,    0.0000,    2.6968,    0.0000,    2.6968,    0.0000,    2.5533,     1.7624,     0.0066
     1.662,    0.0000,    0.0000,    0.0000,    0.0000,    2.6977,    0.0000,    2.6977,    0.0000,    2.5541,     1.7607,     0.0067
     1.663,    0.0000,    0.0000,    0.0000,    0.0000,    2.6974,    0.0001,    2.6974,    0.0000,    2.5538,     1.7582,     0.0068
     1.664,    0.0000,    0.0000,    0.0000,    0.0000,    2.6971,    0.0003,    2.6971,    0.0000,    2.5535,     1.7557,     0.0068
     1.665,    0.0000,    0.0000,    0.0000,    0.0000,    2.6980,    0.0007,    2.6980,    0.0000,    2.5544,     1.7540,     0.0069
     1.666,    0.0000,    0.0000,    0.0000,    0.0000,    2.6995,    0.0018,    2.6995,    0.0000,    2.5558,     1.7527,     0.0070
     1.667,    0.0000,    0.0000,    0.0000,    0.0000,    2.7005,    0.0044,    2.7005,    0.0000,    2.5568,     1.7511,     0.0071
     1.668,    0.0000,    0.0000,    0.0000,    0.0000,    2.7009,    0.0097,    2.7009,    0.0000,    2.5571,     1.7490,     0.0071
     1.669,    0.0000,    0.0000,    0.0000,    0.0000,    2.7006,    0.0203,    2.7006,    0.0000,    2.5569,     1.7466,     0.0072
     1.670,    0.0000,    0.0000,    0.0000,    0.0000,    2.7006,    0.0400,    2.7006,    0.0000,    2.5569,     1.7442,     0.0073
     1.671,    0.0000,    0.0000,    0.0000,    0.0000,    2.7013,    0.0742,    2.7013,    0.0000,    2.5575,     1.7424,     0.0074
     1.672,    0.0000,    0.0000,    0.0000,    0.0000,    2.7021,    0.1297,    2.7021,    0.0000,    2.5583,     1.7406,     0.0074
     1.673,    0.0000,    0.0000,    0.0000,    0.0000,    2.7023,    0.2141,    2.7023,    0.0000,    2.5585,     1.7384,     0.0075
     1.674,    0.0000,    0.0000,    0.0000,    0.0000,    2.7025,    0.3338,    2.7025,    0.0000,    2.5586,     1.7363,     0.0076
     1.675,    0.0000,    0.0000,    0.0000,    0.0000,    2.7033,    0.4930,    2.7033,    0.0000,    2.5595,     1.7345,     0.0077
     1.676,    0.0000,    0.0000,    0.0000,    0.0000,    2.7043,    0.6907,    2.7043,    0.0000,    2.5604,     1.7329,     0.0078
     1.677,    0.0000,    0.0000,    0.0000,    0.0000,    2.7049,    0.9203,    2.7049,    0.0000,    2.5609,     1.7309,     0.0079
     1.678,    0.0000,    0.0000,    0.0000,    0.0000,    2.7054,    1.1697,    2.7054,    0.0000,    2.5614,     1.7289,     0.0079
     1.679,    0.0000,    0.0000,    0.0000,    0.0000,    2.7063,    1.4232,    2.7063,    0.0000,    2.5623,     1.7272,     0.0080
     1.680,    0.0000,    0.0000,    0.0000,    0.0000,    2.7073,    1.6642,    2.7073,    0.0000,    2.5632,     1.7255,     0.0081
     1.681,    0.0000,    0.0000,    0.0000,    0.0000,    2.7079,    1.8783,    2.7079,    0.0000,    2.5638,     1.7236,     0.0082
     1.682,    0.0000,    0.0000,    0.0000,    0.0000,    2.7084,    2.0561,    2.7084,    0.0000,    2.5643,     1.7217,     0.0083
     1.683,    0.0000,    0.0000,    0.0000,    0.0000,    2.7091,    2.1945,    2.7091,    0.0000,    2.5649,     1.7198,     0.0084
     1.684,    0.0000,    0.0000,    0.0000,    0.0000,    2.7096,    2.2951,    2.7096,    0.0000,    2.5654,     1.7178,     0.0084
     1.685,    0.0000,    0.0000,    0.0000,    0.0000,    2.7099,    2.3634,    2.7099,    0.0000,    2.5657,     1.7157,     0.0085
     1.686,    0.0000,    0.0000,    0.0000,    0.0000,    2.7102,    2.4069,    2.7102,    0.0000,    2.5660,     1.7136,     0.0086
     1.687,    0.0000,    0.0000,    0.0000,    0.0000,    2.7108,    2.4331,    2.7108,    0.0000,    2.5665,     1.7117,     0.0087
     1.688,    0.0000,    0.0000,    0.0000,    0.0000,    2.7114,    2.4479,    2.7114,    0.0000,    2.5671,     1.7098,     0.0088
     1.689,    0.0000,    0.0000,    0.0000,    0.0000,    2.7120,    2.4559,    2.7120,    0.0000,    2.5677,     1.7078,     0.0089
     1.690,    0.0000,    0.0000,    0.0000,    0.0000,    2.7125,    2.4599,    2.7125,    0.0000,    2.5681,     1.7058,     0.0090
     1.691,    0.0000,    0.0000,    0.0000,    0.0000,    2.7129,    2.4619,    2.7129,    0.0000,    2.5685,     1.7038,     0.0091
     1.692,    0.0000,    0.0000,    0.0000,    0.0000,    2.7135,    2.4632,    2.7135,    0.0000,    2.5691,     1.7019,     0.0092
     1.693,    0.0000,    0.0000,    0.0000,    0.0000,    2.7147,    2.4645,    2.7147,    0.0000,    2.5702,     1.7003,     0.0093
     1.694,    0.0000,    0.0000,    0.0000,    0.0000,    2.7156,    2.4654,    2.7156,    0.0000,    2.5710,     1.6985,     0.0093
     1.695,    0.0000,    0.0000,    0.0000,    0.0000,    2.7157,    2.4655,    2.7157,    0.0000,    2.5711,     1.6963,     0.0094
     1.696,    0.0000,    0.0000,    0.0000,    0.0000,    2.7160,    2.4658,    2.7160,    0.0000,    2.5714,     1.6942,     0.0095
     1.697,    0.0000,    0.0000,    0.0000,    0.0000,    2.7173,    2.4670,    2.7173,    0.0000,    2.5727,     1.6927,     0.0096
     1.698,    0.0000,    0.0000,    0.0000,    0.0000,    2.7184,    2.4681,    2.7184,    0.0000,    2.5738,     1.6911,     0.0097
     1.699,    0.0000,    0.0000,    0.0000,    0.0000,    2.7183,    2.4679,    2.7183,    0.0000,    2.5736,     1.6887,     0.0098
     1.700,    0.0000,    0.0000,    0.0000,    0.0000,    2.7181,    2.4677,    2.7181,    0.0000,    2.5734,     1.6863,     0.0099
     1.701,    0.0000,    0.0000,    0.0000,    0.0000,    2.7192,    2.4687,    2.7192,    0.0000,    2.5745,     1.6847,     0.0100
     1.702,    0.0000,    0.0000,    0.0000,    0.0000,    2.7209,    2.4702,    2.7209,    0.0000,    2.5760,     1.6834,     0.0101
     1.703,    0.0000,    0.0000,    0.0000,    0.0000,    2.7220,    2.4713,    2.7220,    0.0000,    2.5771,     1.6818,     0.0102
     1.704,    0.0000,    0.0000,    0.0000,    0.0000,    2.7224,    2.4717,    2.7224,    0.0000,    2.5775,     1.6798,     0.0103
     1.705,    0.0000,    0.0000,    0.0000,    0.0000,    2.7224,    2.4716,    2.7224,    0.0000,    2.5775,     1.6775,     0.0104
     1.706,    0.0000,    0.0000,    0.0000,    0.0000,    2.7225,    2.4718,    2.7225,    0.0000,    2.5776,     1.6752,     0.0105
     1.707,    0.0000,    0.0000,    0.0000,    0.0000,    2.7234,    2.4725,    2.7234,    0.0000,    2.5784,     1.6735,     0.0106
     1.708,    0.0000,    0.0000,    0.0000,    0.0000,    2.7244,    2.4735,    2.7244,    0.0000,    2.5794,     1.6718,     0.0107
     1.709,    0.0000,    0.0000,    0.0000,    0.0000,    2.7250,    2.4740,    2.7250,    0.0000,    2.5800,     1.6698,     0.0108
     1.710,    0.0000,    0.0000,    0.0000,    0.0000,    2.7253,    2.4743,    2.7253,    0.0000,    2.5803,     1.6678,     0.0109
     1.711,    0.0000,    0.0000,    0.0000,    0.0000,    2.7258,    2.4747,    2.7258,    0.0000,    2.5807,     1.6657,     0.0110
     1.712,    0.0000,    0.0000,    0.0000,    0.0000,    2.7264,    2.4753,    2.7264,    0.0000,    2.5813,     1.6638,     0.0111
