romanisim/data/roman-technical-information/data/WideFieldInstrument/Imaging/EffectiveAreas/Roman_effarea_v8_SCA18_20240301.ecsv
# %ECSV 1.0
# ---
# Effective area for Roman (m^2) - parameters as of 2024 03 01
# datatype:
# - {name: Wave, datatype: float32}
# - {name: F062, datatype: float32}
# - {name: F087, datatype: float32}
# - {name: F106, datatype: float32}
# - {name: F129, datatype: float32}
# - {name: F158, datatype: float32}
# - {name: F184, datatype: float32}
# - {name: F146, datatype: float32}
# - {name: F213, datatype: float32}
# - {name: Prism, datatype: float32}
# - {name: Grism_1stOrder, datatype: float32}
# - {name: Grism_0thOrder, datatype: float32}
# schema: astropy-2.0
Wave, F062, F087, F106, F129, F158, F184, F146, F213, Prism, Grism_1stOrder, Grism_0thOrder
[from data line 598]
     0.998,    0.0000,    0.0000,    2.7268,    0.0000,    0.0000,    0.0000,    2.7268,    0.0000,    2.6069,     0.9585,     0.0038
     0.999,    0.0000,    0.0000,    2.7290,    0.0000,    0.0000,    0.0000,    2.7290,    0.0000,    2.6090,     1.0167,     0.0040
     1.000,    0.0000,    0.0000,    2.7313,    0.0000,    0.0000,    0.0000,    2.7313,    0.0000,    2.6111,     1.0485,     0.0040
     1.001,    0.0000,    0.0000,    2.7331,    0.0000,    0.0000,    0.0000,    2.7331,    0.0000,    2.6129,     1.0656,     0.0041
     1.002,    0.0000,    0.0000,    2.7346,    0.0000,    0.0000,    0.0000,    2.7346,    0.0000,    2.6144,     1.0762,     0.0040
     1.003,    0.0000,    0.0000,    2.7359,    0.0000,    0.0000,    0.0000,    2.7359,    0.0000,    2.6156,     1.0843,     0.0040
     1.004,    0.0000,    0.0000,    2.7373,    0.0000,    0.0000,    0.0000,    2.7373,    0.0000,    2.6169,     1.0918,     0.0040
     1.005,    0.0000,    0.0000,    2.7388,    0.0000,    0.0000,    0.0000,    2.7388,    0.0000,    2.6183,     1.0991,     0.0040
     1.006,    0.0000,    0.0000,    2.7405,    0.0000,    0.0000,    0.0000,    2.7405,    0.0000,    2.6200,     1.1065,     0.0040
     1.007,    0.0000,    0.0000,    2.7423,    0.0000,    0.0000,    0.0000,    2.7423,    0.0000,    2.6217,     1.1140,     0.0039
     1.008,    0.0000,    0.0000,    2.7439,    0.0000,    0.0000,    0.0000,    2.7439,    0.0000,    2.6233,     1.1213,     0.0039
     1.009,    0.0000,    0.0000,    2.7453,    0.0000,    0.0000,    0.0000,    2.7453,    0.0000,    2.6245,     1.1286,     0.0039
     1.010,    0.0000,    0.0000,    2.7467,    0.0000,    0.0000,    0.0000,    2.7467,    0.0000,    2.6259,     1.1359,     0.0039
     1.011,    0.0000,    0.0000,    2.7486,    0.0000,    0.0000,    0.0000,    2.7486,    0.0000,    2.6277,     1.1434,     0.0038
     1.012,    0.0000,    0.0000,    2.7506,    0.0000,    0.0000,    0.0000,    2.7506,    0.0000,    2.6297,     1.1509,     0.0038
     1.013,    0.0000,    0.0000,    2.7524,    0.0000,    0.0000,    0.0000,    2.7524,    0.0000,    2.6313,     1.1583,     0.0038
     1.014,    0.0000,    0.0000,    2.7537,    0.0000,    0.0000,    0.0000,    2.7537,    0.0000,    2.6326,     1.1656,     0.0038
     1.015,    0.0000,    0.0000,    2.7548,    0.0000,    0.0000,    0.0000,    2.7548,    0.0000,    2.6337,     1.1728,     0.0038
     1.016,    0.0000,    0.0000,    2.7561,    0.0000,    0.0000,    0.0000,    2.7561,    0.0000,    2.6349,     1.1800,     0.0037
     1.017,    0.0000,    0.0000,    2.7578,    0.0000,    0.0000,    0.0000,    2.7578,    0.0000,    2.6365,     1.1874,     0.0037
     1.018,    0.0000,    0.0000,    2.7596,    0.0000,    0.0000,    0.0000,    2.7596,    0.0000,    2.6383,     1.1949,     0.0037
     1.019,    0.0000,    0.0000,    2.7613,    0.0000,    0.0000,    0.0000,    2.7613,    0.0000,    2.6399,     1.2023,     0.0037
     1.020,    0.0000,    0.0000,    2.7628,    0.0000,    0.0000,    0.0000,    2.7628,    0.0000,    2.6413,     1.2096,     0.0036
     1.021,    0.0000,    0.0000,    2.7642,    0.0000,    0.0000,    0.0000,    2.7642,    0.0000,    2.6427,     1.2169,     0.0036
     1.022,    0.0000,    0.0000,    2.7657,    0.0000,    0.0000,    0.0000,    2.7657,    0.0000,    2.6441,     1.2242,     0.0036
     1.023,    0.0000,    0.0000,    2.7672,    0.0000,    0.0000,    0.0000,    2.7672,    0.0000,    2.6455,     1.2316,     0.0036
     1.024,    0.0000,    0.0000,    2.7687,    0.0000,    0.0000,    0.0000,    2.7687,    0.0000,    2.6470,     1.2389,     0.0035
     1.025,    0.0000,    0.0000,    2.7700,    0.0000,    0.0000,    0.0000,    2.7700,    0.0000,    2.6482,     1.2461,     0.0035
     1.026,    0.0000,    0.0000,    2.7712,    0.0000,    0.0000,    0.0000,    2.7712,    0.0000,    2.6493,     1.2533,     0.0035
     1.027,    0.0000,    0.0000,    2.7722,    0.0000,    0.0000,    0.0000,    2.7722,    0.0000,    2.6503,     1.2604,     0.0035
     1.028,    0.0000,    0.0000,    2.7735,    0.0000,    0.0000,    0.0000,    2.7735,    0.0000,    2.6515,     1.2676,     0.0034
     1.029,    0.0000,    0.0000,    2.7752,    0.0000,    0.0000,    0.0000,    2.7752,    0.0000,    2.6532,     1.2750,     0.0034
     1.030,    0.0000,    0.0000,    2.7768,    0.0000,    0.0000,    0.0000,    2.7768,    0.0000,    2.6547,     1.2824,     0.0034
     1.031,    0.0000,    0.0000,    2.7778,    0.0000,    0.0000,    0.0000,    2.7778,    0.0000,    2.6557,     1.2894,     0.0034
     1.032,    0.0000,    0.0000,    2.7787,    0.0000,    0.0000,    0.0000,    2.7787,    0.0000,    2.6565,     1.2964,     0.0033
     1.033,    0.0000,    0.0000,    2.7799,    0.0000,    0.0000,    0.0000,    2.7799,    0.0000,    2.6576,     1.3036,     0.0033
     1.034,    0.0000,    0.0000,    2.7812,    0.0000,    0.0000,    0.0000,    2.7812,    0.0000,    2.6589,     1.3108,     0.0033
     1.035,    0.0000,    0.0000,    2.7825,    0.0000,    0.0000,    0.0000,    2.7825,    0.0000,    2.6601,     1.3179,     0.0033
     1.036,    0.0000,    0.0000,    2.7835,    0.0000,    0.0000,    0.0000,    2.7835,    0.0000,    2.6611,     1.3250,     0.0032
     1.037,    0.0000,    0.0000,    2.7845,    0.0000,    0.0000,    0.0000,    2.7845,    0.0000,    2.6621,     1.3320,     0.0032
     1.038,    0.0000,    0.0000,    2.7854,    0.0000,    0.0000,    0.0000,    2.7854,    0.0000,    2.6629,     1.3390,     0.0032
     1.039,    0.0000,    0.0000,    2.7862,    0.0000,    0.0000,    0.0000,    2.7862,    0.0000,    2.6637,     1.3459,     0.0031
     1.040,    0.0000,    0.0000,    2.7869,    0.0000,    0.0000,    0.0000,    2.7869,    0.0000,    2.6643,     1.3528,     0.0031
     1.041,    0.0000,    0.0000,    2.7875,    0.0000,    0.0000,    0.0000,    2.7875,    0.0000,    2.6649,     1.3596,     0.0031
     1.042,    0.0000,    0.0000,    2.7884,    0.0000,    0.0000,    0.0000,    2.7884,    0.0000,    2.6657,     1.3665,     0.0031
     1.043,    0.0000,    0.0000,    2.7897,    0.0000,    0.0000,    0.0000,    2.7897,    0.0000,    2.6671,     1.3737,     0.0030
     1.044,    0.0000,    0.0000,    2.7908,    0.0000,    0.0000,    0.0000,    2.7908,    0.0000,    2.6681,     1.3807,     0.0030
     1.045,    0.0000,    0.0000,    2.7909,    0.0000,    0.0000,    0.0000,    2.7909,    0.0000,    2.6682,     1.3872,     0.0030
     1.046,    0.0000,    0.0000,    2.7908,    0.0000,    0.0000,    0.0000,    2.7908,    0.0000,    2.6681,     1.3936,     0.0030
     1.047,    0.0000,    0.0000,    2.7914,    0.0000,    0.0000,    0.0000,    2.7914,    0.0000,    2.6687,     1.4003,     0.0029
     1.048,    0.0000,    0.0000,    2.7926,    0.0000,    0.0000,    0.0000,    2.7926,    0.0000,    2.6697,     1.4073,     0.0029
     1.049,    0.0000,    0.0000,    2.7938,    0.0000,    0.0000,    0.0000,    2.7938,    0.0000,    2.6709,     1.4143,     0.0029
     1.050,    0.0000,    0.0000,    2.7945,    0.0000,    0.0000,    0.0000,    2.7945,    0.0000,    2.6716,     1.4211,     0.0029
     1.051,    0.0000,    0.0000,    2.7945,    0.0000,    0.0000,    0.0000,    2.7945,    0.0000,    2.6716,     1.4275,     0.0028
     1.052,    0.0000,    0.0000,    2.7943,    0.0000,    0.0000,    0.0000,    2.7943,    0.0000,    2.6714,     1.4338,     0.0028
     1.053,    0.0000,    0.0000,    2.7948,    0.0000,    0.0000,    0.0000,    2.7948,    0.0000,    2.6719,     1.4404,     0.0028
     1.054,    0.0000,    0.0000,    2.7956,    0.0000,    0.0000,    0.0000,    2.7956,    0.0000,    2.6727,     1.4471,     0.0027
     1.055,    0.0000,    0.0000,    2.7964,    0.0000,    0.0000,    0.0000,    2.7964,    0.0000,    2.6734,     1.4538,     0.0027
     1.056,    0.0000,    0.0000,    2.7970,    0.0000,    0.0000,    0.0000,    2.7970,    0.0000,    2.6740,     1.4605,     0.0027
     1.057,    0.0000,    0.0000,    2.7973,    0.0000,    0.0000,    0.0000,    2.7973,    0.0000,    2.6743,     1.4669,     0.0027
     1.058,    0.0000,    0.0000,    2.7971,    0.0000,    0.0000,    0.0000,    2.7971,    0.0000,    2.6741,     1.4731,     0.0026
     1.059,    0.0000,    0.0000,    2.7964,    0.0000,    0.0000,    0.0000,    2.7964,    0.0000,    2.6734,     1.4790,     0.0026
     1.060,    0.0000,    0.0000,    2.7959,    0.0000,    0.0000,    0.0000,    2.7959,    0.0000,    2.6729,     1.4849,     0.0026
     1.061,    0.0000,    0.0000,    2.7961,    0.0000,    0.0000,    0.0000,    2.7961,    0.0000,    2.6731,     1.4913,     0.0026
     1.062,    0.0000,    0.0000,    2.7966,    0.0000,    0.0000,    0.0000,    2.7966,    0.0000,    2.6736,     1.4978,     0.0025
     1.063,    0.0000,    0.0000,    2.7969,    0.0000,    0.0000,    0.0000,    2.7969,    0.0000,    2.6739,     1.5041,     0.0025
     1.064,    0.0000,    0.0000,    2.7967,    0.0000,    0.0000,    0.0000,    2.7967,    0.0000,    2.6737,     1.5102,     0.0025
     1.065,    0.0000,    0.0000,    2.7960,    0.0000,    0.0000,    0.0000,    2.7960,    0.0000,    2.6731,     1.5160,     0.0024
     1.066,    0.0000,    0.0000,    2.7954,    0.0000,    0.0000,    0.0000,    2.7954,    0.0000,    2.6724,     1.5218,     0.0024
     1.067,    0.0000,    0.0000,    2.7952,    0.0000,    0.0000,    0.0000,    2.7952,    0.0000,    2.6723,     1.5278,     0.0024
     1.068,    0.0000,    0.0000,    2.7951,    0.0000,    0.0000,    0.0000,    2.7951,    0.0000,    2.6722,     1.5338,     0.0024
     1.069,    0.0000,    0.0000,    2.7948,    0.0000,    0.0000,    0.0000,    2.7948,    0.0000,    2.6719,     1.5397,     0.0023
     1.070,    0.0000,    0.0000,    2.7945,    0.0000,    0.0000,    0.0000,    2.7945,    0.0000,    2.6716,     1.5456,     0.0023
     1.071,    0.0000,    0.0000,    2.7944,    0.0000,    0.0000,    0.0000,    2.7944,    0.0000,    2.6715,     1.5516,     0.0023
     1.072,    0.0000,    0.0000,    2.7945,    0.0000,    0.0000,    0.0000,    2.7945,    0.0000,    2.6716,     1.5577,     0.0023
     1.073,    0.0000,    0.0000,    2.7944,    0.0000,    0.0000,    0.0000,    2.7944,    0.0000,    2.6715,     1.5636,     0.0022
     1.074,    0.0000,    0.0000,    2.7944,    0.0000,    0.0000,    0.0000,    2.7944,    0.0000,    2.6715,     1.5696,     0.0022
     1.075,    0.0000,    0.0000,    2.7946,    0.0000,    0.0000,    0.0000,    2.7946,    0.0000,    2.6717,     1.5757,     0.0022
     1.076,    0.0000,    0.0000,    2.7946,    0.0000,    0.0000,    0.0000,    2.7946,    0.0000,    2.6717,     1.5816,     0.0022
     1.077,    0.0000,    0.0000,    2.7940,    0.0000,    0.0000,    0.0000,    2.7940,    0.0000,    2.6712,     1.5872,     0.0021
     1.078,    0.0000,    0.0000,    2.7933,    0.0000,    0.0000,    0.0000,    2.7933,    0.0000,    2.6704,     1.5927,     0.0021
     1.079,    0.0000,    0.0000,    2.7926,    0.0000,    0.0000,    0.0000,    2.7926,    0.0000,    2.6698,     1.5982,     0.0021
     1.080,    0.0000,    0.0000,    2.7924,    0.0000,    0.0000,    0.0000,    2.7924,    0.0000,    2.6696,     1.6039,     0.0021
     1.081,    0.0000,    0.0000,    2.7927,    0.0000,    0.0000,    0.0000,    2.7927,    0.0000,    2.6699,     1.6100,     0.0020
     1.082,    0.0000,    0.0000,    2.7929,    0.0000,    0.0000,    0.0000,    2.7929,    0.0000,    2.6700,     1.6159,     0.0020
     1.083,    0.0000,    0.0000,    2.7922,    0.0000,    0.0000,    0.0000,    2.7922,    0.0000,    2.6694,     1.6213,     0.0020
     1.084,    0.0000,    0.0000,    2.7915,    0.0000,    0.0000,    0.0000,    2.7915,    0.0000,    2.6687,     1.6267,     0.0020
     1.085,    0.0000,    0.0000,    2.7916,    0.0000,    0.0000,    0.0000,    2.7916,    0.0000,    2.6689,     1.6325,     0.0019
     1.086,    0.0000,    0.0000,    2.7918,    0.0000,    0.0000,    0.0000,    2.7918,    0.0000,    2.6691,     1.6383,     0.0019
     1.087,    0.0000,    0.0000,    2.7914,    0.0000,    0.0000,    0.0000,    2.7914,    0.0000,    2.6686,     1.6438,     0.0019
     1.088,    0.0000,    0.0000,    2.7906,    0.0000,    0.0000,    0.0000,    2.7906,    0.0000,    2.6679,     1.6490,     0.0019
     1.089,    0.0000,    0.0000,    2.7903,    0.0000,    0.0000,    0.0000,    2.7903,    0.0000,    2.6676,     1.6545,     0.0018
     1.090,    0.0000,    0.0000,    2.7902,    0.0000,    0.0000,    0.0000,    2.7902,    0.0000,    2.6675,     1.6601,     0.0018
     1.091,    0.0000,    0.0000,    2.7900,    0.0000,    0.0000,    0.0000,    2.7900,    0.0000,    2.6673,     1.6656,     0.0018
     1.092,    0.0000,    0.0000,    2.7897,    0.0000,    0.0000,    0.0000,    2.7897,    0.0000,    2.6670,     1.6710,     0.0018
     1.093,    0.0000,    0.0000,    2.7893,    0.0000,    0.0000,    0.0000,    2.7893,    0.0000,    2.6666,     1.6763,     0.0017
     1.094,    0.0000,    0.0000,    2.7889,    0.0000,    0.0000,    0.0000,    2.7889,    0.0000,    2.6663,     1.6817,     0.0017
     1.095,    0.0000,    0.0000,    2.7888,    0.0000,    0.0000,    0.0000,    2.7888,    0.0000,    2.6661,     1.6871,     0.0017
     1.096,    0.0000,    0.0000,    2.7886,    0.0000,    0.0000,    0.0000,    2.7886,    0.0000,    2.6659,     1.6925,     0.0017
     1.097,    0.0000,    0.0000,    2.7882,    0.0000,    0.0000,    0.0000,    2.7882,    0.0000,    2.6656,     1.6977,     0.0016
     1.098,    0.0000,    0.0000,    2.7888,    0.0000,    0.0000,    0.0000,    2.7888,    0.0000,    2.6662,     1.7036,     0.0016
     1.099,    0.0000,    0.0000,    2.7914,    0.0000,    0.0000,    0.0000,    2.7914,    0.0000,    2.6687,     1.7106,     0.0016
     1.100,    0.0000,    0.0000,    2.7939,    0.0000,    0.0000,    0.0000,    2.7939,    0.0000,    2.6710,     1.7176,     0.0016
     1.101,    0.0000,    0.0000,    2.7944,    0.0000,    0.0000,    0.0000,    2.7944,    0.0000,    2.6715,     1.7233,     0.0016
     1.102,    0.0000,    0.0000,    2.7939,    0.0000,    0.0000,    0.0000,    2.7939,    0.0000,    2.6711,     1.7284,     0.0015
     1.103,    0.0000,    0.0000,    2.7941,    0.0000,    0.0000,    0.0000,    2.7941,    0.0000,    2.6712,     1.7338,     0.0015
     1.104,    0.0000,    0.0000,    2.7946,    0.0000,    0.0000,    0.0000,    2.7946,    0.0000,    2.6717,     1.7395,     0.0015
     1.105,    0.0000,    0.0000,    2.7952,    0.0000,    0.0000,    0.0000,    2.7952,    0.0000,    2.6722,     1.7452,     0.0015
     1.106,    0.0000,    0.0000,    2.7958,    0.0000,    0.0000,    0.0000,    2.7958,    0.0000,    2.6728,     1.7508,     0.0015
     1.107,    0.0000,    0.0000,    2.7965,    0.0000,    0.0000,    0.0000,    2.7965,    0.0000,    2.6735,     1.7566,     0.0014
     1.108,    0.0000,    0.0000,    2.7968,    0.0000,    0.0000,    0.0000,    2.7968,    0.0000,    2.6739,     1.7620,     0.0014
     1.109,    0.0000,    0.0000,    2.7966,    0.0000,    0.0000,    0.0000,    2.7966,    0.0000,    2.6736,     1.7671,     0.0014
     1.110,    0.0000,    0.0000,    2.7966,    0.0000,    0.0000,    0.0000,    2.7966,    0.0000,    2.6736,     1.7723,     0.0014
     1.111,    0.0000,    0.0000,    2.7974,    0.0000,    0.0000,    0.0000,    2.7974,    0.0000,    2.6744,     1.7780,     0.0013
     1.112,    0.0000,    0.0000,    2.7985,    0.0000,    0.0000,    0.0000,    2.7985,    0.0000,    2.6754,     1.7838,     0.0013
     1.113,    0.0000,    0.0000,    2.7990,    0.0001,    0.0000,    0.0000,    2.7990,    0.0000,    2.6759,     1.7893,     0.0013
     1.114,    0.0000,    0.0000,    2.7995,    0.0004,    0.0000,    0.0000,    2.7995,    0.0000,    2.6764,     1.7948,     0.0013
     1.115,    0.0000,    0.0000,    2.8007,    0.0019,    0.0000,    0.0000,    2.8007,    0.0000,    2.6775,     1.8006,     0.0013
