romanisim/data/roman-technical-information/data/WideFieldInstrument/Imaging/EffectiveAreas/Roman_effarea_v8_SCA09_20240301.ecsv
# %ECSV 1.0
# ---
# Effective area for Roman (m^2) - parameters as of 2024 03 01
# datatype:
# - {name: Wave, datatype: float32}
# - {name: F062, datatype: float32}
# - {name: F087, datatype: float32}
# - {name: F106, datatype: float32}
# - {name: F129, datatype: float32}
# - {name: F158, datatype: float32}
# - {name: F184, datatype: float32}
# - {name: F146, datatype: float32}
# - {name: F213, datatype: float32}
# - {name: Prism, datatype: float32}
# - {name: Grism_1stOrder, datatype: float32}
# - {name: Grism_0thOrder, datatype: float32}
# schema: astropy-2.0
Wave, F062, F087, F106, F129, F158, F184, F146, F213, Prism, Grism_1stOrder, Grism_0thOrder
[from data line 717]
     1.117,    0.0000,    0.0000,    2.5698,    0.0235,    0.0000,    0.0000,    2.5698,    0.0000,    2.4493,     1.6598,     0.0011
     1.118,    0.0000,    0.0000,    2.5692,    0.0675,    0.0000,    0.0000,    2.5692,    0.0000,    2.4488,     1.6641,     0.0011
     1.119,    0.0000,    0.0000,    2.5697,    0.1660,    0.0000,    0.0000,    2.5697,    0.0000,    2.4492,     1.6689,     0.0011
     1.120,    0.0000,    0.0000,    2.5703,    0.3511,    0.0000,    0.0000,    2.5703,    0.0000,    2.4498,     1.6739,     0.0011
     1.121,    0.0000,    0.0000,    2.5703,    0.6427,    0.0000,    0.0000,    2.5703,    0.0000,    2.4498,     1.6784,     0.0011
     1.122,    0.0000,    0.0000,    2.5702,    1.0286,    0.0000,    0.0000,    2.5702,    0.0000,    2.4496,     1.6828,     0.0010
     1.123,    0.0000,    0.0000,    2.5706,    1.4574,    0.0000,    0.0000,    2.5706,    0.0000,    2.4500,     1.6876,     0.0010
     1.124,    0.0000,    0.0000,    2.5708,    1.8572,    0.0000,    0.0000,    2.5708,    0.0000,    2.4502,     1.6922,     0.0010
     1.125,    0.0000,    0.0000,    2.5702,    2.1695,    0.0000,    0.0000,    2.5702,    0.0000,    2.4496,     1.6962,     0.0010
     1.126,    0.0000,    0.0000,    2.5694,    2.3743,    0.0000,    0.0000,    2.5694,    0.0000,    2.4489,     1.7001,     0.0010
     1.127,    0.0000,    0.0000,    2.5692,    2.4874,    0.0000,    0.0000,    2.5692,    0.0000,    2.4487,     1.7044,     0.0010
     1.128,    0.0000,    0.0000,    2.5694,    2.5400,    0.0000,    0.0000,    2.5694,    0.0000,    2.4489,     1.7089,     0.0009
     1.129,    0.0000,    0.0000,    2.5696,    2.5606,    0.0000,    0.0000,    2.5696,    0.0000,    2.4491,     1.7134,     0.0009
     1.130,    0.0000,    0.0000,    2.5698,    2.5675,    0.0000,    0.0000,    2.5698,    0.0000,    2.4493,     1.7179,     0.0009
     1.131,    0.0000,    0.0000,    2.5702,    2.5697,    0.0000,    0.0000,    2.5702,    0.0000,    2.4497,     1.7224,     0.0009
     1.132,    0.0000,    0.0000,    2.5705,    2.5704,    0.0000,    0.0000,    2.5705,    0.0000,    2.4500,     1.7269,     0.0009
     1.133,    0.0000,    0.0000,    2.5705,    2.5705,    0.0000,    0.0000,    2.5705,    0.0000,    2.4500,     1.7312,     0.0009
     1.134,    0.0000,    0.0000,    2.5704,    2.5704,    0.0000,    0.0000,    2.5704,    0.0000,    2.4499,     1.7353,     0.0008
     1.135,    0.0000,    0.0000,    2.5705,    2.5705,    0.0000,    0.0000,    2.5705,    0.0000,    2.4499,     1.7396,     0.0008
     1.136,    0.0000,    0.0000,    2.5705,    2.5705,    0.0000,    0.0000,    2.5705,    0.0000,    2.4499,     1.7438,     0.0008
     1.137,    0.0000,    0.0000,    2.5703,    2.5703,    0.0000,    0.0000,    2.5703,    0.0000,    2.4498,     1.7478,     0.0008
     1.138,    0.0000,    0.0000,    2.5702,    2.5702,    0.0000,    0.0000,    2.5702,    0.0000,    2.4497,     1.7519,     0.0008
     1.139,    0.0000,    0.0000,    2.5706,    2.5706,    0.0000,    0.0000,    2.5706,    0.0000,    2.4500,     1.7563,     0.0008
     1.140,    0.0000,    0.0000,    2.5712,    2.5712,    0.0000,    0.0000,    2.5712,    0.0000,    2.4506,     1.7608,     0.0008
     1.141,    0.0000,    0.0000,    2.5717,    2.5717,    0.0000,    0.0000,    2.5717,    0.0000,    2.4511,     1.7652,     0.0007
     1.142,    0.0000,    0.0000,    2.5718,    2.5718,    0.0000,    0.0000,    2.5718,    0.0000,    2.4512,     1.7693,     0.0007
     1.143,    0.0000,    0.0000,    2.5715,    2.5715,    0.0000,    0.0000,    2.5715,    0.0000,    2.4509,     1.7731,     0.0007
     1.144,    0.0000,    0.0000,    2.5713,    2.5713,    0.0000,    0.0000,    2.5713,    0.0000,    2.4507,     1.7770,     0.0007
     1.145,    0.0000,    0.0000,    2.5715,    2.5715,    0.0000,    0.0000,    2.5715,    0.0000,    2.4509,     1.7811,     0.0007
     1.146,    0.0000,    0.0000,    2.5719,    2.5719,    0.0000,    0.0000,    2.5719,    0.0000,    2.4513,     1.7853,     0.0007
     1.147,    0.0000,    0.0000,    2.5720,    2.5720,    0.0000,    0.0000,    2.5720,    0.0000,    2.4514,     1.7893,     0.0007
     1.148,    0.0000,    0.0000,    2.5719,    2.5719,    0.0000,    0.0000,    2.5719,    0.0000,    2.4513,     1.7932,     0.0007
     1.149,    0.0000,    0.0000,    2.5717,    2.5717,    0.0000,    0.0000,    2.5717,    0.0000,    2.4511,     1.7969,     0.0006
     1.150,    0.0000,    0.0000,    2.5716,    2.5716,    0.0000,    0.0000,    2.5716,    0.0000,    2.4510,     1.8007,     0.0006
     1.151,    0.0000,    0.0000,    2.5717,    2.5717,    0.0000,    0.0000,    2.5717,    0.0000,    2.4511,     1.8046,     0.0006
     1.152,    0.0000,    0.0000,    2.5716,    2.5716,    0.0000,    0.0000,    2.5716,    0.0000,    2.4510,     1.8083,     0.0006
     1.153,    0.0000,    0.0000,    2.5713,    2.5713,    0.0000,    0.0000,    2.5713,    0.0000,    2.4507,     1.8119,     0.0006
     1.154,    0.0000,    0.0000,    2.5711,    2.5711,    0.0000,    0.0000,    2.5711,    0.0000,    2.4505,     1.8155,     0.0006
     1.155,    0.0000,    0.0000,    2.5715,    2.5715,    0.0000,    0.0000,    2.5715,    0.0000,    2.4509,     1.8196,     0.0006
     1.156,    0.0000,    0.0000,    2.5718,    2.5718,    0.0000,    0.0000,    2.5718,    0.0000,    2.4512,     1.8235,     0.0006
     1.157,    0.0000,    0.0000,    2.5713,    2.5713,    0.0000,    0.0000,    2.5713,    0.0000,    2.4507,     1.8268,     0.0005
     1.158,    0.0000,    0.0000,    2.5707,    2.5707,    0.0000,    0.0000,    2.5707,    0.0000,    2.4501,     1.8300,     0.0005
     1.159,    0.0000,    0.0000,    2.5707,    2.5707,    0.0000,    0.0000,    2.5707,    0.0000,    2.4501,     1.8337,     0.0005
     1.160,    0.0000,    0.0000,    2.5710,    2.5710,    0.0000,    0.0000,    2.5710,    0.0000,    2.4504,     1.8375,     0.0005
     1.161,    0.0000,    0.0000,    2.5711,    2.5711,    0.0000,    0.0000,    2.5711,    0.0000,    2.4505,     1.8412,     0.0005
     1.162,    0.0000,    0.0000,    2.5708,    2.5708,    0.0000,    0.0000,    2.5708,    0.0000,    2.4503,     1.8446,     0.0005
     1.163,    0.0000,    0.0000,    2.5703,    2.5703,    0.0000,    0.0000,    2.5703,    0.0000,    2.4497,     1.8477,     0.0005
     1.164,    0.0000,    0.0000,    2.5698,    2.5698,    0.0000,    0.0000,    2.5698,    0.0000,    2.4492,     1.8509,     0.0005
     1.165,    0.0000,    0.0000,    2.5696,    2.5696,    0.0000,    0.0000,    2.5696,    0.0000,    2.4491,     1.8542,     0.0005
     1.166,    0.0000,    0.0000,    2.5696,    2.5696,    0.0000,    0.0000,    2.5696,    0.0000,    2.4491,     1.8577,     0.0004
     1.167,    0.0000,    0.0000,    2.5694,    2.5694,    0.0000,    0.0000,    2.5694,    0.0000,    2.4489,     1.8610,     0.0004
     1.168,    0.0000,    0.0000,    2.5693,    2.5693,    0.0000,    0.0000,    2.5693,    0.0000,    2.4488,     1.8644,     0.0004
     1.169,    0.0000,    0.0000,    2.5696,    2.5696,    0.0000,    0.0000,    2.5696,    0.0000,    2.4491,     1.8680,     0.0004
     1.170,    0.0000,    0.0000,    2.5697,    2.5697,    0.0000,    0.0000,    2.5697,    0.0000,    2.4492,     1.8714,     0.0004
     1.171,    0.0000,    0.0000,    2.5689,    2.5689,    0.0000,    0.0000,    2.5689,    0.0000,    2.4484,     1.8742,     0.0004
     1.172,    0.0000,    0.0000,    2.5679,    2.5679,    0.0000,    0.0000,    2.5679,    0.0000,    2.4475,     1.8768,     0.0004
     1.173,    0.0000,    0.0000,    2.5674,    2.5674,    0.0000,    0.0000,    2.5674,    0.0000,    2.4470,     1.8797,     0.0004
     1.174,    0.0000,    0.0000,    2.5672,    2.5672,    0.0000,    0.0000,    2.5672,    0.0000,    2.4468,     1.8828,     0.0004
     1.175,    0.0000,    0.0000,    2.5670,    2.5670,    0.0000,    0.0000,    2.5670,    0.0000,    2.4466,     1.8859,     0.0004
     1.176,    0.0000,    0.0000,    2.5667,    2.5667,    0.0000,    0.0000,    2.5667,    0.0000,    2.4463,     1.8890,     0.0004
     1.177,    0.0000,    0.0000,    2.5664,    2.5664,    0.0000,    0.0000,    2.5664,    0.0000,    2.4460,     1.8919,     0.0003
     1.178,    0.0000,    0.0000,    2.5663,    2.5663,    0.0000,    0.0000,    2.5663,    0.0000,    2.4459,     1.8950,     0.0003
     1.179,    0.0000,    0.0000,    2.5666,    2.5666,    0.0000,    0.0000,    2.5666,    0.0000,    2.4463,     1.8985,     0.0003
     1.180,    0.0000,    0.0000,    2.5669,    2.5669,    0.0000,    0.0000,    2.5669,    0.0000,    2.4465,     1.9018,     0.0003
     1.181,    0.0000,    0.0000,    2.5665,    2.5665,    0.0000,    0.0000,    2.5665,    0.0000,    2.4462,     1.9046,     0.0003
     1.182,    0.0000,    0.0000,    2.5660,    2.5660,    0.0000,    0.0000,    2.5660,    0.0000,    2.4457,     1.9073,     0.0003
     1.183,    0.0000,    0.0000,    2.5656,    2.5658,    0.0000,    0.0000,    2.5658,    0.0000,    2.4455,     1.9102,     0.0003
     1.184,    0.0000,    0.0000,    2.5649,    2.5657,    0.0000,    0.0000,    2.5657,    0.0000,    2.4453,     1.9131,     0.0003
     1.185,    0.0000,    0.0000,    2.5627,    2.5651,    0.0000,    0.0000,    2.5651,    0.0000,    2.4448,     1.9158,     0.0003
     1.186,    0.0000,    0.0000,    2.5572,    2.5644,    0.0000,    0.0000,    2.5644,    0.0000,    2.4441,     1.9182,     0.0003
     1.187,    0.0000,    0.0000,    2.5450,    2.5636,    0.0000,    0.0000,    2.5636,    0.0000,    2.4434,     1.9206,     0.0003
     1.188,    0.0000,    0.0000,    2.5191,    2.5632,    0.0000,    0.0000,    2.5632,    0.0000,    2.4430,     1.9232,     0.0003
     1.189,    0.0000,    0.0000,    2.4682,    2.5632,    0.0000,    0.0000,    2.5632,    0.0000,    2.4430,     1.9261,     0.0003
     1.190,    0.0000,    0.0000,    2.3771,    2.5630,    0.0000,    0.0000,    2.5630,    0.0000,    2.4428,     1.9288,     0.0003
     1.191,    0.0000,    0.0000,    2.2301,    2.5622,    0.0000,    0.0000,    2.5622,    0.0000,    2.4420,     1.9311,     0.0002
     1.192,    0.0000,    0.0000,    2.0183,    2.5614,    0.0000,    0.0000,    2.5614,    0.0000,    2.4412,     1.9333,     0.0002
     1.193,    0.0000,    0.0000,    1.7441,    2.5612,    0.0000,    0.0000,    2.5612,    0.0000,    2.4411,     1.9360,     0.0002
     1.194,    0.0000,    0.0000,    1.4246,    2.5610,    0.0000,    0.0000,    2.5610,    0.0000,    2.4409,     1.9387,     0.0002
     1.195,    0.0000,    0.0000,    1.0897,    2.5602,    0.0000,    0.0000,    2.5602,    0.0000,    2.4401,     1.9408,     0.0002
     1.196,    0.0000,    0.0000,    0.7749,    2.5593,    0.0000,    0.0000,    2.5593,    0.0000,    2.4393,     1.9429,     0.0002
     1.197,    0.0000,    0.0000,    0.5091,    2.5592,    0.0000,    0.0000,    2.5592,    0.0000,    2.4392,     1.9455,     0.0002
     1.198,    0.0000,    0.0000,    0.3074,    2.5591,    0.0000,    0.0000,    2.5591,    0.0000,    2.4391,     1.9481,     0.0002
     1.199,    0.0000,    0.0000,    0.1698,    2.5584,    0.0000,    0.0000,    2.5584,    0.0000,    2.4384,     1.9503,     0.0002
     1.200,    0.0000,    0.0000,    0.0856,    2.5576,    0.0000,    0.0000,    2.5576,    0.0000,    2.4377,     1.9523,     0.0002
     1.201,    0.0000,    0.0000,    0.0392,    2.5572,    0.0000,    0.0000,    2.5572,    0.0000,    2.4373,     1.9546,     0.0002
     1.202,    0.0000,    0.0000,    0.0163,    2.5569,    0.0000,    0.0000,    2.5569,    0.0000,    2.4370,     1.9570,     0.0002
     1.203,    0.0000,    0.0000,    0.0062,    2.5566,    0.0000,    0.0000,    2.5566,    0.0000,    2.4367,     1.9593,     0.0002
     1.204,    0.0000,    0.0000,    0.0021,    2.5563,    0.0000,    0.0000,    2.5563,    0.0000,    2.4364,     1.9616,     0.0002
     1.205,    0.0000,    0.0000,    0.0006,    2.5562,    0.0000,    0.0000,    2.5562,    0.0000,    2.4363,     1.9641,     0.0002
     1.206,    0.0000,    0.0000,    0.0002,    2.5559,    0.0000,    0.0000,    2.5559,    0.0000,    2.4361,     1.9664,     0.0002
     1.207,    0.0000,    0.0000,    0.0000,    2.5552,    0.0000,    0.0000,    2.5552,    0.0000,    2.4353,     1.9683,     0.0002
     1.208,    0.0000,    0.0000,    0.0000,    2.5541,    0.0000,    0.0000,    2.5541,    0.0000,    2.4343,     1.9699,     0.0001
     1.209,    0.0000,    0.0000,    0.0000,    2.5531,    0.0000,    0.0000,    2.5531,    0.0000,    2.4333,     1.9716,     0.0001
     1.210,    0.0000,    0.0000,    0.0000,    2.5524,    0.0000,    0.0000,    2.5524,    0.0000,    2.4327,     1.9735,     0.0001
     1.211,    0.0000,    0.0000,    0.0000,    2.5523,    0.0000,    0.0000,    2.5523,    0.0000,    2.4326,     1.9758,     0.0001
     1.212,    0.0000,    0.0000,    0.0000,    2.5520,    0.0000,    0.0000,    2.5520,    0.0000,    2.4323,     1.9779,     0.0001
     1.213,    0.0000,    0.0000,    0.0000,    2.5510,    0.0000,    0.0000,    2.5510,    0.0000,    2.4314,     1.9795,     0.0001
     1.214,    0.0000,    0.0000,    0.0000,    2.5500,    0.0000,    0.0000,    2.5500,    0.0000,    2.4304,     1.9810,     0.0001
     1.215,    0.0000,    0.0000,    0.0000,    2.5495,    0.0000,    0.0000,    2.5495,    0.0000,    2.4300,     1.9829,     0.0001
     1.216,    0.0000,    0.0000,    0.0000,    2.5495,    0.0000,    0.0000,    2.5495,    0.0000,    2.4299,     1.9852,     0.0001
     1.217,    0.0000,    0.0000,    0.0000,    2.5495,    0.0000,    0.0000,    2.5495,    0.0000,    2.4300,     1.9875,     0.0001
     1.218,    0.0000,    0.0000,    0.0000,    2.5492,    0.0000,    0.0000,    2.5492,    0.0000,    2.4296,     1.9894,     0.0001
     1.219,    0.0000,    0.0000,    0.0000,    2.5482,    0.0000,    0.0000,    2.5482,    0.0000,    2.4287,     1.9909,     0.0001
     1.220,    0.0000,    0.0000,    0.0000,    2.5473,    0.0000,    0.0000,    2.5473,    0.0000,    2.4279,     1.9923,     0.0001
     1.221,    0.0000,    0.0000,    0.0000,    2.5472,    0.0000,    0.0000,    2.5472,    0.0000,    2.4277,     1.9944,     0.0001
     1.222,    0.0000,    0.0000,    0.0000,    2.5472,    0.0000,    0.0000,    2.5472,    0.0000,    2.4277,     1.9965,     0.0001
     1.223,    0.0000,    0.0000,    0.0000,    2.5466,    0.0000,    0.0000,    2.5466,    0.0000,    2.4272,     1.9982,     0.0001
     1.224,    0.0000,    0.0000,    0.0000,    2.5460,    0.0000,    0.0000,    2.5460,    0.0000,    2.4266,     1.9998,     0.0001
     1.225,    0.0000,    0.0000,    0.0000,    2.5458,    0.0000,    0.0000,    2.5458,    0.0000,    2.4264,     2.0017,     0.0001
     1.226,    0.0000,    0.0000,    0.0000,    2.5456,    0.0000,    0.0000,    2.5456,    0.0000,    2.4262,     2.0035,     0.0001
     1.227,    0.0000,    0.0000,    0.0000,    2.5449,    0.0000,    0.0000,    2.5449,    0.0000,    2.4256,     2.0051,     0.0001
     1.228,    0.0000,    0.0000,    0.0000,    2.5443,    0.0000,    0.0000,    2.5443,    0.0000,    2.4250,     2.0065,     0.0001
     1.229,    0.0000,    0.0000,    0.0000,    2.5440,    0.0000,    0.0000,    2.5440,    0.0000,    2.4247,     2.0083,     0.0001
     1.230,    0.0000,    0.0000,    0.0000,    2.5437,    0.0000,    0.0000,    2.5437,    0.0000,    2.4244,     2.0100,     0.0001
     1.231,    0.0000,    0.0000,    0.0000,    2.5429,    0.0000,    0.0000,    2.5429,    0.0000,    2.4237,     2.0113,     0.0001
     1.232,    0.0000,    0.0000,    0.0000,    2.5421,    0.0000,    0.0000,    2.5421,    0.0000,    2.4228,     2.0125,     0.0001
     1.233,    0.0000,    0.0000,    0.0000,    2.5414,    0.0000,    0.0000,    2.5414,    0.0000,    2.4222,     2.0139,     0.0001
     1.234,    0.0000,    0.0000,    0.0000,    2.5409,    0.0000,    0.0000,    2.5409,    0.0000,    2.4217,     2.0153,     0.0001
