romanisim/data/roman-technical-information/data/WideFieldInstrument/Imaging/EffectiveAreas/Roman_effarea_v8_SCA10_20240301.ecsv
# %ECSV 1.0
# ---
# Effective area for Roman (m^2) - parameters as of 2024 03 01
# datatype:
# - {name: Wave, datatype: float32}
# - {name: F062, datatype: float32}
# - {name: F087, datatype: float32}
# - {name: F106, datatype: float32}
# - {name: F129, datatype: float32}
# - {name: F158, datatype: float32}
# - {name: F184, datatype: float32}
# - {name: F146, datatype: float32}
# - {name: F213, datatype: float32}
# - {name: Prism, datatype: float32}
# - {name: Grism_1stOrder, datatype: float32}
# - {name: Grism_0thOrder, datatype: float32}
# schema: astropy-2.0
Wave, F062, F087, F106, F129, F158, F184, F146, F213, Prism, Grism_1stOrder, Grism_0thOrder
[from data line 956]
     1.356,    0.0000,    0.0000,    0.0000,    2.4616,    0.0000,    0.0000,    2.4616,    0.0000,    2.4231,     2.0114,     0.0000
     1.357,    0.0000,    0.0000,    0.0000,    2.4612,    0.0000,    0.0000,    2.4612,    0.0000,    2.4227,     2.0107,     0.0000
     1.358,    0.0000,    0.0000,    0.0000,    2.4609,    0.0000,    0.0000,    2.4609,    0.0000,    2.4224,     2.0101,     0.0000
     1.359,    0.0000,    0.0000,    0.0000,    2.4613,    0.0000,    0.0000,    2.4613,    0.0000,    2.4227,     2.0100,     0.0000
     1.360,    0.0000,    0.0000,    0.0000,    2.4617,    0.0000,    0.0000,    2.4617,    0.0000,    2.4232,     2.0100,     0.0000
     1.361,    0.0000,    0.0000,    0.0000,    2.4615,    0.0000,    0.0000,    2.4615,    0.0000,    2.4230,     2.0094,     0.0000
     1.362,    0.0000,    0.0000,    0.0000,    2.4609,    0.0000,    0.0000,    2.4609,    0.0000,    2.4224,     2.0085,     0.0000
     1.363,    0.0000,    0.0000,    0.0000,    2.4605,    0.0000,    0.0000,    2.4605,    0.0000,    2.4219,     2.0077,     0.0000
     1.364,    0.0000,    0.0000,    0.0000,    2.4602,    0.0000,    0.0000,    2.4602,    0.0000,    2.4216,     2.0070,     0.0000
     1.365,    0.0000,    0.0000,    0.0000,    2.4599,    0.0000,    0.0000,    2.4599,    0.0000,    2.4214,     2.0064,     0.0000
     1.366,    0.0000,    0.0000,    0.0000,    2.4600,    0.0000,    0.0000,    2.4600,    0.0000,    2.4215,     2.0060,     0.0000
     1.367,    0.0000,    0.0000,    0.0000,    2.4604,    0.0000,    0.0000,    2.4604,    0.0000,    2.4219,     2.0058,     0.0000
     1.368,    0.0000,    0.0000,    0.0000,    2.4608,    0.0000,    0.0000,    2.4608,    0.0000,    2.4223,     2.0056,     0.0000
     1.369,    0.0000,    0.0000,    0.0000,    2.4608,    0.0000,    0.0000,    2.4608,    0.0000,    2.4223,     2.0051,     0.0000
     1.370,    0.0000,    0.0000,    0.0000,    2.4606,    0.0000,    0.0000,    2.4606,    0.0000,    2.4220,     2.0044,     0.0000
     1.371,    0.0000,    0.0000,    0.0000,    2.4602,    0.0000,    0.0000,    2.4602,    0.0000,    2.4217,     2.0036,     0.0000
     1.372,    0.0000,    0.0000,    0.0000,    2.4599,    0.0000,    0.0000,    2.4599,    0.0000,    2.4214,     2.0028,     0.0000
     1.373,    0.0000,    0.0000,    0.0000,    2.4598,    0.0000,    0.0000,    2.4598,    0.0000,    2.4212,     2.0021,     0.0000
     1.374,    0.0000,    0.0000,    0.0000,    2.4597,    0.0001,    0.0000,    2.4597,    0.0000,    2.4212,     2.0015,     0.0000
     1.375,    0.0000,    0.0000,    0.0000,    2.4598,    0.0002,    0.0000,    2.4598,    0.0000,    2.4213,     2.0010,     0.0000
     1.376,    0.0000,    0.0000,    0.0000,    2.4599,    0.0008,    0.0000,    2.4599,    0.0000,    2.4214,     2.0005,     0.0000
     1.377,    0.0000,    0.0000,    0.0000,    2.4599,    0.0026,    0.0000,    2.4599,    0.0000,    2.4214,     1.9999,     0.0000
     1.378,    0.0000,    0.0000,    0.0000,    2.4597,    0.0074,    0.0000,    2.4597,    0.0000,    2.4212,     1.9991,     0.0000
     1.379,    0.0000,    0.0000,    0.0000,    2.4592,    0.0190,    0.0000,    2.4592,    0.0000,    2.4207,     1.9980,     0.0000
     1.380,    0.0000,    0.0000,    0.0000,    2.4587,    0.0443,    0.0000,    2.4587,    0.0000,    2.4202,     1.9970,     0.0000
     1.381,    0.0000,    0.0000,    0.0000,    2.4585,    0.0941,    0.0000,    2.4585,    0.0000,    2.4200,     1.9961,     0.0000
     1.382,    0.0000,    0.0000,    0.0000,    2.4583,    0.1823,    0.0000,    2.4583,    0.0000,    2.4198,     1.9953,     0.0000
     1.383,    0.0000,    0.0000,    0.0000,    2.4579,    0.3228,    0.0000,    2.4579,    0.0000,    2.4195,     1.9944,     0.0000
     1.384,    0.0000,    0.0000,    0.0000,    2.4573,    0.5245,    0.0000,    2.4573,    0.0000,    2.4188,     1.9931,     0.0000
     1.385,    0.0000,    0.0000,    0.0000,    2.4563,    0.7850,    0.0000,    2.4563,    0.0000,    2.4179,     1.9917,     0.0000
     1.386,    0.0000,    0.0000,    0.0000,    2.4556,    1.0880,    0.0000,    2.4556,    0.0000,    2.4172,     1.9904,     0.0000
     1.387,    0.0000,    0.0000,    0.0000,    2.4555,    1.4055,    0.0000,    2.4555,    0.0000,    2.4171,     1.9896,     0.0000
     1.388,    0.0000,    0.0000,    0.0000,    2.4555,    1.7048,    0.0000,    2.4555,    0.0000,    2.4171,     1.9889,     0.0000
     1.389,    0.0000,    0.0000,    0.0000,    2.4552,    1.9586,    0.0000,    2.4552,    0.0000,    2.4168,     1.9878,     0.0000
     1.390,    0.0000,    0.0000,    0.0000,    2.4551,    2.1527,    0.0000,    2.4551,    0.0000,    2.4167,     1.9870,     0.0000
     1.391,    0.0000,    0.0000,    0.0000,    2.4559,    2.2869,    0.0000,    2.4559,    0.0000,    2.4175,     1.9869,     0.0000
     1.392,    0.0000,    0.0000,    0.0000,    2.4566,    2.3703,    0.0000,    2.4566,    0.0000,    2.4181,     1.9866,     0.0000
     1.393,    0.0000,    0.0000,    0.0000,    2.4561,    2.4160,    0.0000,    2.4561,    0.0000,    2.4177,     1.9855,     0.0000
     1.394,    0.0000,    0.0000,    0.0000,    2.4553,    2.4383,    0.0000,    2.4553,    0.0000,    2.4168,     1.9840,     0.0000
     1.395,    0.0000,    0.0000,    0.0000,    2.4547,    2.4482,    0.0000,    2.4547,    0.0000,    2.4163,     1.9827,     0.0000
     1.396,    0.0000,    0.0000,    0.0000,    2.4547,    2.4524,    0.0000,    2.4547,    0.0000,    2.4163,     1.9819,     0.0000
     1.397,    0.0000,    0.0000,    0.0000,    2.4551,    2.4544,    0.0000,    2.4551,    0.0000,    2.4166,     1.9814,     0.0000
     1.398,    0.0000,    0.0000,    0.0000,    2.4552,    2.4549,    0.0000,    2.4552,    0.0000,    2.4167,     1.9806,     0.0000
     1.399,    0.0000,    0.0000,    0.0000,    2.4544,    2.4544,    0.0000,    2.4544,    0.0000,    2.4160,     1.9791,     0.0000
     1.400,    0.0000,    0.0000,    0.0000,    2.4534,    2.4534,    0.0000,    2.4534,    0.0000,    2.4150,     1.9774,     0.0000
     1.401,    0.0000,    0.0000,    0.0000,    2.4527,    2.4527,    0.0000,    2.4527,    0.0000,    2.4143,     1.9760,     0.0000
     1.402,    0.0000,    0.0000,    0.0000,    2.4525,    2.4525,    0.0000,    2.4525,    0.0000,    2.4141,     1.9749,     0.0000
     1.403,    0.0000,    0.0000,    0.0000,    2.4526,    2.4526,    0.0000,    2.4526,    0.0000,    2.4142,     1.9741,     0.0000
     1.404,    0.0000,    0.0000,    0.0000,    2.4526,    2.4526,    0.0000,    2.4526,    0.0000,    2.4142,     1.9732,     0.0000
     1.405,    0.0000,    0.0000,    0.0000,    2.4522,    2.4522,    0.0000,    2.4522,    0.0000,    2.4138,     1.9720,     0.0000
     1.406,    0.0000,    0.0000,    0.0000,    2.4515,    2.4515,    0.0000,    2.4515,    0.0000,    2.4131,     1.9705,     0.0000
     1.407,    0.0000,    0.0000,    0.0000,    2.4507,    2.4507,    0.0000,    2.4507,    0.0000,    2.4123,     1.9689,     0.0000
     1.408,    0.0000,    0.0000,    0.0000,    2.4499,    2.4499,    0.0000,    2.4499,    0.0000,    2.4115,     1.9673,     0.0000
     1.409,    0.0000,    0.0000,    0.0000,    2.4492,    2.4492,    0.0000,    2.4492,    0.0000,    2.4109,     1.9658,     0.0000
     1.410,    0.0000,    0.0000,    0.0000,    2.4483,    2.4483,    0.0000,    2.4483,    0.0000,    2.4100,     1.9641,     0.0000
     1.411,    0.0000,    0.0000,    0.0000,    2.4469,    2.4469,    0.0000,    2.4469,    0.0000,    2.4086,     1.9620,     0.0000
     1.412,    0.0000,    0.0000,    0.0000,    2.4458,    2.4458,    0.0000,    2.4458,    0.0000,    2.4075,     1.9601,     0.0000
     1.413,    0.0000,    0.0000,    0.0000,    2.4456,    2.4456,    0.0000,    2.4456,    0.0000,    2.4073,     1.9590,     0.0000
     1.414,    0.0000,    0.0000,    0.0000,    2.4455,    2.4455,    0.0000,    2.4455,    0.0000,    2.4073,     1.9579,     0.0000
     1.415,    0.0000,    0.0000,    0.0000,    2.4448,    2.4448,    0.0000,    2.4448,    0.0000,    2.4066,     1.9564,     0.0000
     1.416,    0.0000,    0.0000,    0.0000,    2.4438,    2.4438,    0.0000,    2.4438,    0.0000,    2.4056,     1.9545,     0.0000
     1.417,    0.0000,    0.0000,    0.0000,    2.4430,    2.4430,    0.0000,    2.4430,    0.0000,    2.4048,     1.9528,     0.0000
     1.418,    0.0000,    0.0000,    0.0000,    2.4426,    2.4426,    0.0000,    2.4426,    0.0000,    2.4044,     1.9515,     0.0000
     1.419,    0.0000,    0.0000,    0.0000,    2.4427,    2.4427,    0.0000,    2.4427,    0.0000,    2.4045,     1.9505,     0.0000
     1.420,    0.0000,    0.0000,    0.0000,    2.4428,    2.4428,    0.0000,    2.4428,    0.0000,    2.4046,     1.9496,     0.0000
     1.421,    0.0000,    0.0000,    0.0000,    2.4427,    2.4427,    0.0000,    2.4427,    0.0000,    2.4045,     1.9484,     0.0000
     1.422,    0.0000,    0.0000,    0.0000,    2.4431,    2.4431,    0.0000,    2.4431,    0.0000,    2.4048,     1.9476,     0.0000
     1.423,    0.0000,    0.0000,    0.0000,    2.4444,    2.4444,    0.0000,    2.4444,    0.0000,    2.4062,     1.9476,     0.0000
     1.424,    0.0000,    0.0000,    0.0000,    2.4461,    2.4461,    0.0000,    2.4461,    0.0000,    2.4078,     1.9478,     0.0000
     1.425,    0.0000,    0.0000,    0.0000,    2.4474,    2.4474,    0.0000,    2.4474,    0.0000,    2.4091,     1.9477,     0.0000
     1.426,    0.0000,    0.0000,    0.0000,    2.4479,    2.4479,    0.0000,    2.4479,    0.0000,    2.4096,     1.9471,     0.0000
     1.427,    0.0000,    0.0000,    0.0000,    2.4478,    2.4478,    0.0000,    2.4478,    0.0000,    2.4095,     1.9459,     0.0001
     1.428,    0.0000,    0.0000,    0.0000,    2.4477,    2.4477,    0.0000,    2.4477,    0.0000,    2.4094,     1.9446,     0.0001
     1.429,    0.0000,    0.0000,    0.0000,    2.4480,    2.4480,    0.0000,    2.4480,    0.0000,    2.4097,     1.9437,     0.0001
     1.430,    0.0000,    0.0000,    0.0000,    2.4485,    2.4485,    0.0000,    2.4485,    0.0000,    2.4102,     1.9430,     0.0001
     1.431,    0.0000,    0.0000,    0.0000,    2.4488,    2.4488,    0.0000,    2.4488,    0.0000,    2.4104,     1.9420,     0.0001
     1.432,    0.0000,    0.0000,    0.0000,    2.4489,    2.4489,    0.0000,    2.4489,    0.0000,    2.4105,     1.9409,     0.0001
     1.433,    0.0000,    0.0000,    0.0000,    2.4490,    2.4490,    0.0000,    2.4490,    0.0000,    2.4107,     1.9399,     0.0001
     1.434,    0.0000,    0.0000,    0.0000,    2.4493,    2.4493,    0.0000,    2.4493,    0.0000,    2.4109,     1.9389,     0.0001
     1.435,    0.0000,    0.0000,    0.0000,    2.4496,    2.4496,    0.0000,    2.4496,    0.0000,    2.4113,     1.9380,     0.0001
     1.436,    0.0000,    0.0000,    0.0000,    2.4500,    2.4500,    0.0000,    2.4500,    0.0000,    2.4117,     1.9370,     0.0001
     1.437,    0.0000,    0.0000,    0.0000,    2.4503,    2.4503,    0.0000,    2.4503,    0.0000,    2.4119,     1.9360,     0.0001
     1.438,    0.0000,    0.0000,    0.0000,    2.4503,    2.4503,    0.0000,    2.4503,    0.0000,    2.4119,     1.9348,     0.0001
     1.439,    0.0000,    0.0000,    0.0000,    2.4501,    2.4501,    0.0000,    2.4501,    0.0000,    2.4118,     1.9335,     0.0001
     1.440,    0.0000,    0.0000,    0.0000,    2.4501,    2.4501,    0.0000,    2.4501,    0.0000,    2.4118,     1.9323,     0.0001
     1.441,    0.0000,    0.0000,    0.0000,    2.4507,    2.4507,    0.0000,    2.4507,    0.0000,    2.4124,     1.9315,     0.0001
     1.442,    0.0000,    0.0000,    0.0000,    2.4514,    2.4514,    0.0000,    2.4514,    0.0000,    2.4131,     1.9308,     0.0001
     1.443,    0.0000,    0.0000,    0.0000,    2.4518,    2.4518,    0.0000,    2.4518,    0.0000,    2.4135,     1.9298,     0.0001
     1.444,    0.0000,    0.0000,    0.0000,    2.4519,    2.4519,    0.0000,    2.4519,    0.0000,    2.4135,     1.9286,     0.0001
     1.445,    0.0000,    0.0000,    0.0000,    2.4515,    2.4518,    0.0000,    2.4518,    0.0000,    2.4134,     1.9272,     0.0001
     1.446,    0.0000,    0.0000,    0.0000,    2.4504,    2.4517,    0.0000,    2.4517,    0.0000,    2.4133,     1.9259,     0.0001
     1.447,    0.0000,    0.0000,    0.0000,    2.4463,    2.4519,    0.0000,    2.4519,    0.0000,    2.4135,     1.9247,     0.0001
     1.448,    0.0000,    0.0000,    0.0000,    2.4324,    2.4523,    0.0000,    2.4523,    0.0000,    2.4140,     1.9238,     0.0001
     1.449,    0.0000,    0.0000,    0.0000,    2.3935,    2.4529,    0.0000,    2.4529,    0.0000,    2.4146,     1.9230,     0.0001
     1.450,    0.0000,    0.0000,    0.0000,    2.3031,    2.4537,    0.0000,    2.4537,    0.0000,    2.4153,     1.9222,     0.0001
     1.451,    0.0000,    0.0000,    0.0000,    2.1286,    2.4544,    0.0000,    2.4544,    0.0000,    2.4160,     1.9214,     0.0001
     1.452,    0.0000,    0.0000,    0.0000,    1.8482,    2.4548,    0.0000,    2.4548,    0.0000,    2.4164,     1.9204,     0.0001
     1.453,    0.0000,    0.0000,    0.0000,    1.4732,    2.4548,    0.0000,    2.4548,    0.0000,    2.4164,     1.9191,     0.0001
     1.454,    0.0000,    0.0000,    0.0000,    1.0557,    2.4549,    0.0000,    2.4549,    0.0000,    2.4165,     1.9178,     0.0001
     1.455,    0.0000,    0.0000,    0.0000,    0.6683,    2.4554,    0.0000,    2.4554,    0.0000,    2.4170,     1.9169,     0.0001
     1.456,    0.0000,    0.0000,    0.0000,    0.3685,    2.4561,    0.0000,    2.4561,    0.0000,    2.4176,     1.9160,     0.0001
     1.457,    0.0000,    0.0000,    0.0000,    0.1751,    2.4565,    0.0000,    2.4565,    0.0000,    2.4180,     1.9150,     0.0001
     1.458,    0.0000,    0.0000,    0.0000,    0.0712,    2.4570,    0.0000,    2.4570,    0.0000,    2.4185,     1.9139,     0.0002
     1.459,    0.0000,    0.0000,    0.0000,    0.0246,    2.4577,    0.0000,    2.4577,    0.0000,    2.4193,     1.9132,     0.0002
     1.460,    0.0000,    0.0000,    0.0000,    0.0072,    2.4585,    0.0000,    2.4585,    0.0000,    2.4200,     1.9124,     0.0002
     1.461,    0.0000,    0.0000,    0.0000,    0.0018,    2.4589,    0.0000,    2.4589,    0.0000,    2.4204,     1.9113,     0.0002
     1.462,    0.0000,    0.0000,    0.0000,    0.0004,    2.4592,    0.0000,    2.4592,    0.0000,    2.4207,     1.9101,     0.0002
     1.463,    0.0000,    0.0000,    0.0000,    0.0001,    2.4598,    0.0000,    2.4598,    0.0000,    2.4213,     1.9092,     0.0002
     1.464,    0.0000,    0.0000,    0.0000,    0.0000,    2.4604,    0.0000,    2.4604,    0.0000,    2.4219,     1.9082,     0.0002
     1.465,    0.0000,    0.0000,    0.0000,    0.0000,    2.4606,    0.0000,    2.4606,    0.0000,    2.4221,     1.9069,     0.0002
     1.466,    0.0000,    0.0000,    0.0000,    0.0000,    2.4610,    0.0000,    2.4610,    0.0000,    2.4224,     1.9057,     0.0002
     1.467,    0.0000,    0.0000,    0.0000,    0.0000,    2.4617,    0.0000,    2.4617,    0.0000,    2.4232,     1.9049,     0.0002
     1.468,    0.0000,    0.0000,    0.0000,    0.0000,    2.4627,    0.0000,    2.4627,    0.0000,    2.4241,     1.9042,     0.0002
     1.469,    0.0000,    0.0000,    0.0000,    0.0000,    2.4636,    0.0000,    2.4636,    0.0000,    2.4250,     1.9034,     0.0002
     1.470,    0.0000,    0.0000,    0.0000,    0.0000,    2.4641,    0.0000,    2.4641,    0.0000,    2.4255,     1.9024,     0.0002
     1.471,    0.0000,    0.0000,    0.0000,    0.0000,    2.4642,    0.0000,    2.4642,    0.0000,    2.4257,     1.9010,     0.0002
     1.472,    0.0000,    0.0000,    0.0000,    0.0000,    2.4645,    0.0000,    2.4645,    0.0000,    2.4260,     1.8997,     0.0002
     1.473,    0.0000,    0.0000,    0.0000,    0.0000,    2.4654,    0.0000,    2.4654,    0.0000,    2.4268,     1.8989,     0.0002
