romanisim/data/roman-technical-information/data/WideFieldInstrument/Imaging/EffectiveAreas/Roman_effarea_v8_SCA07_20240301.ecsv
# %ECSV 1.0
# ---
# Effective area for Roman (m^2) - parameters as of 2024 03 01
# datatype:
# - {name: Wave, datatype: float32}
# - {name: F062, datatype: float32}
# - {name: F087, datatype: float32}
# - {name: F106, datatype: float32}
# - {name: F129, datatype: float32}
# - {name: F158, datatype: float32}
# - {name: F184, datatype: float32}
# - {name: F146, datatype: float32}
# - {name: F213, datatype: float32}
# - {name: Prism, datatype: float32}
# - {name: Grism_1stOrder, datatype: float32}
# - {name: Grism_0thOrder, datatype: float32}
# schema: astropy-2.0
Wave, F062, F087, F106, F129, F158, F184, F146, F213, Prism, Grism_1stOrder, Grism_0thOrder
[from data line 1314]
     1.714,    0.0000,    0.0000,    0.0000,    0.0000,    2.6074,    2.3409,    2.6074,    0.0000,    2.6319,     1.5592,     0.0106
     1.715,    0.0000,    0.0000,    0.0000,    0.0000,    2.6076,    2.3412,    2.6076,    0.0000,    2.6322,     1.5572,     0.0107
     1.716,    0.0000,    0.0000,    0.0000,    0.0000,    2.6083,    2.3418,    2.6083,    0.0000,    2.6328,     1.5555,     0.0108
     1.717,    0.0000,    0.0000,    0.0000,    0.0000,    2.6100,    2.3433,    2.6100,    0.0000,    2.6345,     1.5543,     0.0109
     1.718,    0.0000,    0.0000,    0.0000,    0.0000,    2.6116,    2.3447,    2.6116,    0.0000,    2.6362,     1.5531,     0.0111
     1.719,    0.0000,    0.0000,    0.0000,    0.0000,    2.6121,    2.3451,    2.6121,    0.0000,    2.6366,     1.5512,     0.0112
     1.720,    0.0000,    0.0000,    0.0000,    0.0000,    2.6122,    2.3452,    2.6122,    0.0000,    2.6368,     1.5492,     0.0113
     1.721,    0.0000,    0.0000,    0.0000,    0.0000,    2.6128,    2.3458,    2.6128,    0.0000,    2.6374,     1.5474,     0.0114
     1.722,    0.0000,    0.0000,    0.0000,    0.0000,    2.6137,    2.3466,    2.6137,    0.0000,    2.6383,     1.5457,     0.0115
     1.723,    0.0000,    0.0000,    0.0000,    0.0000,    2.6143,    2.3471,    2.6143,    0.0000,    2.6389,     1.5439,     0.0116
     1.724,    0.0000,    0.0000,    0.0000,    0.0000,    2.6149,    2.3477,    2.6149,    0.0000,    2.6395,     1.5421,     0.0117
     1.725,    0.0000,    0.0000,    0.0000,    0.0000,    2.6159,    2.3486,    2.6159,    0.0000,    2.6405,     1.5406,     0.0118
     1.726,    0.0000,    0.0000,    0.0000,    0.0000,    2.6168,    2.3494,    2.6168,    0.0000,    2.6414,     1.5389,     0.0119
     1.727,    0.0000,    0.0000,    0.0000,    0.0000,    2.6171,    2.3497,    2.6171,    0.0000,    2.6418,     1.5370,     0.0120
     1.728,    0.0000,    0.0000,    0.0000,    0.0000,    2.6174,    2.3499,    2.6174,    0.0000,    2.6420,     1.5350,     0.0121
     1.729,    0.0000,    0.0000,    0.0000,    0.0000,    2.6179,    2.3503,    2.6179,    0.0000,    2.6425,     1.5331,     0.0122
     1.730,    0.0000,    0.0000,    0.0000,    0.0000,    2.6186,    2.3510,    2.6186,    0.0000,    2.6432,     1.5314,     0.0123
     1.731,    0.0000,    0.0000,    0.0000,    0.0000,    2.6195,    2.3518,    2.6195,    0.0000,    2.6441,     1.5297,     0.0124
     1.732,    0.0000,    0.0000,    0.0000,    0.0000,    2.6203,    2.3525,    2.6203,    0.0000,    2.6450,     1.5281,     0.0125
     1.733,    0.0000,    0.0000,    0.0000,    0.0000,    2.6210,    2.3532,    2.6210,    0.0000,    2.6457,     1.5263,     0.0127
     1.734,    0.0000,    0.0000,    0.0000,    0.0000,    2.6217,    2.3538,    2.6217,    0.0000,    2.6464,     1.5246,     0.0128
     1.735,    0.0000,    0.0000,    0.0000,    0.0000,    2.6225,    2.3545,    2.6225,    0.0000,    2.6471,     1.5229,     0.0129
     1.736,    0.0000,    0.0000,    0.0000,    0.0000,    2.6231,    2.3551,    2.6231,    0.0000,    2.6478,     1.5211,     0.0130
     1.737,    0.0000,    0.0000,    0.0000,    0.0000,    2.6235,    2.3554,    2.6235,    0.0000,    2.6482,     1.5191,     0.0131
     1.738,    0.0000,    0.0000,    0.0000,    0.0000,    2.6234,    2.3554,    2.6234,    0.0000,    2.6481,     1.5170,     0.0132
     1.739,    0.0000,    0.0000,    0.0000,    0.0000,    2.6231,    2.3551,    2.6231,    0.0000,    2.6478,     1.5147,     0.0133
     1.740,    0.0000,    0.0000,    0.0000,    0.0000,    2.6233,    2.3552,    2.6233,    0.0000,    2.6480,     1.5126,     0.0134
     1.741,    0.0000,    0.0000,    0.0000,    0.0000,    2.6243,    2.3562,    2.6243,    0.0000,    2.6491,     1.5111,     0.0136
     1.742,    0.0000,    0.0000,    0.0000,    0.0000,    2.6256,    2.3573,    2.6256,    0.0000,    2.6503,     1.5096,     0.0137
     1.743,    0.0000,    0.0000,    0.0000,    0.0000,    2.6261,    2.3578,    2.6261,    0.0000,    2.6508,     1.5078,     0.0138
     1.744,    0.0000,    0.0000,    0.0000,    0.0000,    2.6264,    2.3580,    2.6264,    0.0000,    2.6512,     1.5058,     0.0139
     1.745,    0.0000,    0.0000,    0.0000,    0.0000,    2.6270,    2.3586,    2.6270,    0.0000,    2.6517,     1.5040,     0.0140
     1.746,    0.0000,    0.0000,    0.0000,    0.0000,    2.6275,    2.3590,    2.6275,    0.0000,    2.6522,     1.5021,     0.0142
     1.747,    0.0000,    0.0000,    0.0000,    0.0000,    2.6274,    2.3589,    2.6274,    0.0000,    2.6522,     1.5000,     0.0143
     1.748,    0.0000,    0.0000,    0.0000,    0.0000,    2.6272,    2.3587,    2.6272,    0.0000,    2.6519,     1.4977,     0.0144
     1.749,    0.0000,    0.0000,    0.0000,    0.0000,    2.6273,    2.3588,    2.6273,    0.0000,    2.6520,     1.4956,     0.0145
     1.750,    0.0000,    0.0000,    0.0000,    0.0000,    2.6274,    2.3589,    2.6274,    0.0000,    2.6521,     1.4935,     0.0146
     1.751,    0.0000,    0.0000,    0.0000,    0.0000,    2.6274,    2.3589,    2.6274,    0.0000,    2.6521,     1.4914,     0.0147
     1.752,    0.0000,    0.0000,    0.0000,    0.0000,    2.6277,    2.3592,    2.6277,    0.0000,    2.6524,     1.4894,     0.0149
     1.753,    0.0000,    0.0000,    0.0000,    0.0000,    2.6287,    2.3601,    2.6287,    0.0000,    2.6534,     1.4879,     0.0150
     1.754,    0.0000,    0.0000,    0.0000,    0.0000,    2.6296,    2.3609,    2.6296,    0.0000,    2.6543,     1.4862,     0.0151
     1.755,    0.0000,    0.0000,    0.0000,    0.0000,    2.6297,    2.3610,    2.6297,    0.0000,    2.6544,     1.4842,     0.0152
     1.756,    0.0000,    0.0000,    0.0000,    0.0000,    2.6294,    2.3607,    2.6294,    0.0000,    2.6541,     1.4819,     0.0154
     1.757,    0.0000,    0.0000,    0.0000,    0.0000,    2.6293,    2.3606,    2.6293,    0.0000,    2.6538,     1.4797,     0.0155
     1.758,    0.0000,    0.0000,    0.0000,    0.0000,    2.6292,    2.3606,    2.6292,    0.0000,    2.6537,     1.4775,     0.0156
     1.759,    0.0000,    0.0000,    0.0000,    0.0000,    2.6293,    2.3607,    2.6294,    0.0000,    2.6537,     1.4755,     0.0157
     1.760,    0.0000,    0.0000,    0.0000,    0.0000,    2.6295,    2.3609,    2.6296,    0.0000,    2.6539,     1.4735,     0.0159
     1.761,    0.0000,    0.0000,    0.0000,    0.0000,    2.6297,    2.3613,    2.6301,    0.0000,    2.6541,     1.4716,     0.0160
     1.762,    0.0000,    0.0000,    0.0000,    0.0000,    2.6294,    2.3615,    2.6303,    0.0000,    2.6541,     1.4696,     0.0161
     1.763,    0.0000,    0.0000,    0.0000,    0.0000,    2.6280,    2.3612,    2.6299,    0.0000,    2.6534,     1.4673,     0.0162
     1.764,    0.0000,    0.0000,    0.0000,    0.0000,    2.6254,    2.3609,    2.6296,    0.0000,    2.6527,     1.4650,     0.0164
     1.765,    0.0000,    0.0000,    0.0000,    0.0000,    2.6213,    2.3611,    2.6299,    0.0000,    2.6523,     1.4630,     0.0165
     1.766,    0.0000,    0.0000,    0.0000,    0.0000,    2.6135,    2.3615,    2.6303,    0.0000,    2.6520,     1.4611,     0.0166
     1.767,    0.0000,    0.0000,    0.0000,    0.0000,    2.5992,    2.3615,    2.6303,    0.0000,    2.6511,     1.4590,     0.0168
     1.768,    0.0000,    0.0000,    0.0000,    0.0000,    2.5748,    2.3613,    2.6301,    0.0000,    2.6497,     1.4568,     0.0169
     1.769,    0.0000,    0.0000,    0.0000,    0.0000,    2.5360,    2.3610,    2.6297,    0.0000,    2.6477,     1.4544,     0.0170
     1.770,    0.0000,    0.0000,    0.0000,    0.0000,    2.4777,    2.3607,    2.6294,    0.0000,    2.6454,     1.4521,     0.0171
     1.771,    0.0000,    0.0000,    0.0000,    0.0000,    2.3945,    2.3605,    2.6292,    0.0000,    2.6427,     1.4499,     0.0173
     1.772,    0.0000,    0.0000,    0.0000,    0.0000,    2.2816,    2.3604,    2.6290,    0.0000,    2.6395,     1.4477,     0.0174
     1.773,    0.0000,    0.0000,    0.0000,    0.0000,    2.1359,    2.3602,    2.6289,    0.0000,    2.6356,     1.4456,     0.0175
     1.774,    0.0000,    0.0000,    0.0000,    0.0000,    1.9577,    2.3603,    2.6289,    0.0000,    2.6309,     1.4435,     0.0177
     1.775,    0.0000,    0.0000,    0.0000,    0.0000,    1.7509,    2.3606,    2.6293,    0.0000,    2.6256,     1.4416,     0.0178
     1.776,    0.0000,    0.0000,    0.0000,    0.0000,    1.5227,    2.3610,    2.6297,    0.0000,    2.6190,     1.4397,     0.0180
     1.777,    0.0000,    0.0000,    0.0000,    0.0000,    1.2836,    2.3609,    2.6297,    0.0000,    2.6107,     1.4376,     0.0181
     1.778,    0.0000,    0.0000,    0.0000,    0.0000,    1.0461,    2.3609,    2.6296,    0.0000,    2.6007,     1.4355,     0.0182
     1.779,    0.0000,    0.0000,    0.0000,    0.0000,    0.8224,    2.3612,    2.6300,    0.0000,    2.5892,     1.4335,     0.0184
     1.780,    0.0000,    0.0000,    0.0000,    0.0000,    0.6222,    2.3615,    2.6303,    0.0000,    2.5755,     1.4316,     0.0185
     1.781,    0.0000,    0.0000,    0.0000,    0.0000,    0.4522,    2.3615,    2.6302,    0.0000,    2.5592,     1.4295,     0.0186
     1.782,    0.0000,    0.0000,    0.0000,    0.0000,    0.3151,    2.3611,    2.6298,    0.0000,    2.5398,     1.4272,     0.0188
     1.783,    0.0000,    0.0000,    0.0000,    0.0000,    0.2103,    2.3604,    2.6291,    0.0000,    2.5172,     1.4247,     0.0189
     1.784,    0.0000,    0.0000,    0.0000,    0.0000,    0.1343,    2.3599,    2.6285,    0.0000,    2.4916,     1.4223,     0.0191
     1.785,    0.0000,    0.0000,    0.0000,    0.0000,    0.0820,    2.3599,    2.6285,    0.0000,    2.4631,     1.4202,     0.0192
     1.786,    0.0000,    0.0000,    0.0000,    0.0000,    0.0478,    2.3602,    2.6288,    0.0000,    2.4311,     1.4183,     0.0193
     1.787,    0.0000,    0.0000,    0.0000,    0.0000,    0.0266,    2.3607,    2.6294,    0.0000,    2.3955,     1.4165,     0.0195
     1.788,    0.0000,    0.0000,    0.0000,    0.0000,    0.0141,    2.3613,    2.6301,    0.0000,    2.3558,     1.4148,     0.0196
     1.789,    0.0000,    0.0000,    0.0000,    0.0000,    0.0071,    2.3618,    2.6307,    0.0000,    2.3117,     1.4130,     0.0198
     1.790,    0.0000,    0.0000,    0.0000,    0.0000,    0.0034,    2.3622,    2.6310,    0.0000,    2.2629,     1.4111,     0.0199
     1.791,    0.0000,    0.0000,    0.0000,    0.0000,    0.0016,    2.3622,    2.6311,    0.0000,    2.2094,     1.4091,     0.0201
     1.792,    0.0000,    0.0000,    0.0000,    0.0000,    0.0007,    2.3620,    2.6309,    0.0000,    2.1512,     1.4069,     0.0202
     1.793,    0.0000,    0.0000,    0.0000,    0.0000,    0.0003,    2.3618,    2.6306,    0.0000,    2.0885,     1.4047,     0.0204
     1.794,    0.0000,    0.0000,    0.0000,    0.0000,    0.0001,    2.3619,    2.6307,    0.0000,    2.0219,     1.4027,     0.0205
     1.795,    0.0000,    0.0000,    0.0000,    0.0000,    0.0000,    2.3626,    2.6315,    0.0000,    1.9517,     1.4010,     0.0207
     1.796,    0.0000,    0.0000,    0.0000,    0.0000,    0.0000,    2.3632,    2.6322,    0.0000,    1.8775,     1.3993,     0.0208
     1.797,    0.0000,    0.0000,    0.0000,    0.0000,    0.0000,    2.3631,    2.6321,    0.0000,    1.7993,     1.3972,     0.0210
     1.798,    0.0000,    0.0000,    0.0000,    0.0000,    0.0000,    2.3628,    2.6317,    0.0000,    1.7179,     1.3949,     0.0211
     1.799,    0.0000,    0.0000,    0.0000,    0.0000,    0.0000,    2.3630,    2.6320,    0.0000,    1.6342,     1.3930,     0.0213
     1.800,    0.0000,    0.0000,    0.0000,    0.0000,    0.0000,    2.3638,    2.6328,    0.0000,    1.5489,     1.3914,     0.0214
     1.801,    0.0000,    0.0000,    0.0000,    0.0000,    0.0000,    2.3648,    2.6340,    0.0000,    1.4621,     1.3899,     0.0216
     1.802,    0.0000,    0.0000,    0.0000,    0.0000,    0.0000,    2.3656,    2.6349,    0.0000,    1.3742,     1.3883,     0.0217
     1.803,    0.0000,    0.0000,    0.0000,    0.0000,    0.0000,    2.3658,    2.6351,    0.0000,    1.2856,     1.3864,     0.0219
     1.804,    0.0000,    0.0000,    0.0000,    0.0000,    0.0000,    2.3658,    2.6351,    0.0000,    1.1972,     1.3843,     0.0221
     1.805,    0.0000,    0.0000,    0.0000,    0.0000,    0.0000,    2.3660,    2.6353,    0.0000,    1.1098,     1.3824,     0.0222
     1.806,    0.0000,    0.0000,    0.0000,    0.0000,    0.0000,    2.3665,    2.6359,    0.0000,    1.0240,     1.3806,     0.0224
     1.807,    0.0000,    0.0000,    0.0000,    0.0000,    0.0000,    2.3673,    2.6367,    0.0000,    0.9404,     1.3790,     0.0225
     1.808,    0.0000,    0.0000,    0.0000,    0.0000,    0.0000,    2.3682,    2.6377,    0.0000,    0.8594,     1.3775,     0.0227
     1.809,    0.0000,    0.0000,    0.0000,    0.0000,    0.0000,    2.3691,    2.6387,    0.0000,    0.7814,     1.3760,     0.0229
     1.810,    0.0000,    0.0000,    0.0000,    0.0000,    0.0000,    2.3697,    2.6394,    0.0000,    0.7067,     1.3743,     0.0230
     1.811,    0.0000,    0.0000,    0.0000,    0.0000,    0.0000,    2.3700,    2.6398,    0.0000,    0.6358,     1.3724,     0.0232
     1.812,    0.0000,    0.0000,    0.0000,    0.0000,    0.0000,    2.3705,    2.6403,    0.0000,    0.5689,     1.3706,     0.0234
     1.813,    0.0000,    0.0000,    0.0000,    0.0000,    0.0000,    2.3715,    2.6414,    0.0000,    0.5064,     1.3691,     0.0235
     1.814,    0.0000,    0.0000,    0.0000,    0.0000,    0.0000,    2.3726,    2.6427,    0.0000,    0.4484,     1.3677,     0.0237
     1.815,    0.0000,    0.0000,    0.0000,    0.0000,    0.0000,    2.3735,    2.6436,    0.0000,    0.3948,     1.3662,     0.0239
     1.816,    0.0000,    0.0000,    0.0000,    0.0000,    0.0000,    2.3742,    2.6444,    0.0000,    0.3456,     1.3646,     0.0240
     1.817,    0.0000,    0.0000,    0.0000,    0.0000,    0.0000,    2.3748,    2.6451,    0.0000,    0.3008,     1.3629,     0.0242
     1.818,    0.0000,    0.0000,    0.0000,    0.0000,    0.0000,    2.3750,    2.6453,    0.0000,    0.2602,     1.3610,     0.0244
     1.819,    0.0000,    0.0000,    0.0000,    0.0000,    0.0000,    2.3744,    2.6447,    0.0000,    0.2238,     1.3586,     0.0245
     1.820,    0.0000,    0.0000,    0.0000,    0.0000,    0.0000,    2.3740,    2.6442,    0.0000,    0.1913,     1.3563,     0.0247
     1.821,    0.0000,    0.0000,    0.0000,    0.0000,    0.0000,    2.3747,    2.6450,    0.0000,    0.1626,     1.3547,     0.0249
     1.822,    0.0000,    0.0000,    0.0000,    0.0000,    0.0000,    2.3761,    2.6465,    0.0000,    0.1375,     1.3534,     0.0251
     1.823,    0.0000,    0.0000,    0.0000,    0.0000,    0.0000,    2.3775,    2.6481,    0.0000,    0.1156,     1.3522,     0.0252
     1.824,    0.0000,    0.0000,    0.0000,    0.0000,    0.0000,    2.3790,    2.6498,    0.0000,    0.0965,     1.3510,     0.0254
     1.825,    0.0000,    0.0000,    0.0000,    0.0000,    0.0000,    2.3806,    2.6516,    0.0000,    0.0801,     1.3499,     0.0256
     1.826,    0.0000,    0.0000,    0.0000,    0.0000,    0.0000,    2.3823,    2.6534,    0.0000,    0.0661,     1.3488,     0.0258
     1.827,    0.0000,    0.0000,    0.0000,    0.0000,    0.0000,    2.3835,    2.6548,    0.0000,    0.0542,     1.3475,     0.0260
     1.828,    0.0000,    0.0000,    0.0000,    0.0000,    0.0000,    2.3842,    2.6556,    0.0000,    0.0442,     1.3458,     0.0262
     1.829,    0.0000,    0.0000,    0.0000,    0.0000,    0.0000,    2.3843,    2.6557,    0.0000,    0.0358,     1.3439,     0.0263
     1.830,    0.0000,    0.0000,    0.0000,    0.0000,    0.0000,    2.3844,    2.6558,    0.0000,    0.0288,     1.3419,     0.0265
     1.831,    0.0000,    0.0000,    0.0000,    0.0000,    0.0000,    2.3853,    2.6568,    0.0000,    0.0230,     1.3404,     0.0267
