romanisim/data/roman-technical-information/data/WideFieldInstrument/Imaging/EffectiveAreas/Roman_effarea_v8_SCA09_20240301.ecsv
# %ECSV 1.0
# ---
# Effective area for Roman (m^2) - parameters as of 2024 03 01
# datatype:
# - {name: Wave, datatype: float32}
# - {name: F062, datatype: float32}
# - {name: F087, datatype: float32}
# - {name: F106, datatype: float32}
# - {name: F129, datatype: float32}
# - {name: F158, datatype: float32}
# - {name: F184, datatype: float32}
# - {name: F146, datatype: float32}
# - {name: F213, datatype: float32}
# - {name: Prism, datatype: float32}
# - {name: Grism_1stOrder, datatype: float32}
# - {name: Grism_0thOrder, datatype: float32}
# schema: astropy-2.0
Wave, F062, F087, F106, F129, F158, F184, F146, F213, Prism, Grism_1stOrder, Grism_0thOrder
[from data line 1195]
     1.595,    0.0000,    0.0000,    0.0000,    0.0000,    2.6109,    0.0000,    2.6109,    0.0000,    2.4884,     1.7986,     0.0028
     1.596,    0.0000,    0.0000,    0.0000,    0.0000,    2.6109,    0.0000,    2.6109,    0.0000,    2.4884,     1.7965,     0.0028
     1.597,    0.0000,    0.0000,    0.0000,    0.0000,    2.6110,    0.0000,    2.6110,    0.0000,    2.4885,     1.7945,     0.0028
     1.598,    0.0000,    0.0000,    0.0000,    0.0000,    2.6115,    0.0000,    2.6115,    0.0000,    2.4890,     1.7927,     0.0029
     1.599,    0.0000,    0.0000,    0.0000,    0.0000,    2.6124,    0.0000,    2.6124,    0.0000,    2.4899,     1.7912,     0.0029
     1.600,    0.0000,    0.0000,    0.0000,    0.0000,    2.6133,    0.0000,    2.6133,    0.0000,    2.4908,     1.7898,     0.0030
     1.601,    0.0000,    0.0000,    0.0000,    0.0000,    2.6137,    0.0000,    2.6137,    0.0000,    2.4911,     1.7879,     0.0030
     1.602,    0.0000,    0.0000,    0.0000,    0.0000,    2.6139,    0.0000,    2.6139,    0.0000,    2.4913,     1.7859,     0.0030
     1.603,    0.0000,    0.0000,    0.0000,    0.0000,    2.6143,    0.0000,    2.6143,    0.0000,    2.4917,     1.7841,     0.0031
     1.604,    0.0000,    0.0000,    0.0000,    0.0000,    2.6148,    0.0000,    2.6148,    0.0000,    2.4922,     1.7824,     0.0031
     1.605,    0.0000,    0.0000,    0.0000,    0.0000,    2.6155,    0.0000,    2.6155,    0.0000,    2.4928,     1.7807,     0.0032
     1.606,    0.0000,    0.0000,    0.0000,    0.0000,    2.6162,    0.0000,    2.6162,    0.0000,    2.4935,     1.7791,     0.0032
     1.607,    0.0000,    0.0000,    0.0000,    0.0000,    2.6171,    0.0000,    2.6171,    0.0000,    2.4943,     1.7775,     0.0033
     1.608,    0.0000,    0.0000,    0.0000,    0.0000,    2.6178,    0.0000,    2.6178,    0.0000,    2.4950,     1.7759,     0.0033
     1.609,    0.0000,    0.0000,    0.0000,    0.0000,    2.6182,    0.0000,    2.6182,    0.0000,    2.4954,     1.7741,     0.0033
     1.610,    0.0000,    0.0000,    0.0000,    0.0000,    2.6187,    0.0000,    2.6187,    0.0000,    2.4959,     1.7723,     0.0034
     1.611,    0.0000,    0.0000,    0.0000,    0.0000,    2.6197,    0.0000,    2.6197,    0.0000,    2.4968,     1.7708,     0.0034
     1.612,    0.0000,    0.0000,    0.0000,    0.0000,    2.6205,    0.0000,    2.6205,    0.0000,    2.4977,     1.7693,     0.0035
     1.613,    0.0000,    0.0000,    0.0000,    0.0000,    2.6209,    0.0000,    2.6209,    0.0000,    2.4980,     1.7673,     0.0035
     1.614,    0.0000,    0.0000,    0.0000,    0.0000,    2.6212,    0.0000,    2.6212,    0.0000,    2.4983,     1.7654,     0.0036
     1.615,    0.0000,    0.0000,    0.0000,    0.0000,    2.6220,    0.0000,    2.6220,    0.0000,    2.4991,     1.7639,     0.0036
     1.616,    0.0000,    0.0000,    0.0000,    0.0000,    2.6232,    0.0000,    2.6232,    0.0000,    2.5002,     1.7625,     0.0037
     1.617,    0.0000,    0.0000,    0.0000,    0.0000,    2.6243,    0.0000,    2.6243,    0.0000,    2.5013,     1.7611,     0.0037
     1.618,    0.0000,    0.0000,    0.0000,    0.0000,    2.6253,    0.0000,    2.6253,    0.0000,    2.5022,     1.7596,     0.0038
     1.619,    0.0000,    0.0000,    0.0000,    0.0000,    2.6260,    0.0000,    2.6260,    0.0000,    2.5028,     1.7579,     0.0038
     1.620,    0.0000,    0.0000,    0.0000,    0.0000,    2.6266,    0.0000,    2.6266,    0.0000,    2.5034,     1.7562,     0.0039
     1.621,    0.0000,    0.0000,    0.0000,    0.0000,    2.6272,    0.0000,    2.6272,    0.0000,    2.5040,     1.7544,     0.0039
     1.622,    0.0000,    0.0000,    0.0000,    0.0000,    2.6279,    0.0000,    2.6279,    0.0000,    2.5046,     1.7528,     0.0040
     1.623,    0.0000,    0.0000,    0.0000,    0.0000,    2.6287,    0.0000,    2.6287,    0.0000,    2.5055,     1.7512,     0.0040
     1.624,    0.0000,    0.0000,    0.0000,    0.0000,    2.6295,    0.0000,    2.6295,    0.0000,    2.5062,     1.7495,     0.0041
     1.625,    0.0000,    0.0000,    0.0000,    0.0000,    2.6299,    0.0000,    2.6299,    0.0000,    2.5066,     1.7477,     0.0041
     1.626,    0.0000,    0.0000,    0.0000,    0.0000,    2.6306,    0.0000,    2.6306,    0.0000,    2.5072,     1.7460,     0.0042
     1.627,    0.0000,    0.0000,    0.0000,    0.0000,    2.6317,    0.0000,    2.6317,    0.0000,    2.5083,     1.7446,     0.0042
     1.628,    0.0000,    0.0000,    0.0000,    0.0000,    2.6327,    0.0000,    2.6327,    0.0000,    2.5093,     1.7431,     0.0043
     1.629,    0.0000,    0.0000,    0.0000,    0.0000,    2.6331,    0.0000,    2.6331,    0.0000,    2.5096,     1.7412,     0.0043
     1.630,    0.0000,    0.0000,    0.0000,    0.0000,    2.6334,    0.0000,    2.6334,    0.0000,    2.5099,     1.7392,     0.0044
     1.631,    0.0000,    0.0000,    0.0000,    0.0000,    2.6343,    0.0000,    2.6343,    0.0000,    2.5108,     1.7376,     0.0044
     1.632,    0.0000,    0.0000,    0.0000,    0.0000,    2.6355,    0.0000,    2.6355,    0.0000,    2.5119,     1.7363,     0.0045
     1.633,    0.0000,    0.0000,    0.0000,    0.0000,    2.6366,    0.0000,    2.6366,    0.0000,    2.5130,     1.7348,     0.0046
     1.634,    0.0000,    0.0000,    0.0000,    0.0000,    2.6376,    0.0000,    2.6376,    0.0000,    2.5139,     1.7333,     0.0046
     1.635,    0.0000,    0.0000,    0.0000,    0.0000,    2.6383,    0.0000,    2.6383,    0.0000,    2.5146,     1.7316,     0.0047
     1.636,    0.0000,    0.0000,    0.0000,    0.0000,    2.6391,    0.0000,    2.6391,    0.0000,    2.5153,     1.7299,     0.0047
     1.637,    0.0000,    0.0000,    0.0000,    0.0000,    2.6400,    0.0000,    2.6400,    0.0000,    2.5162,     1.7284,     0.0048
     1.638,    0.0000,    0.0000,    0.0000,    0.0000,    2.6410,    0.0000,    2.6410,    0.0000,    2.5171,     1.7269,     0.0048
     1.639,    0.0000,    0.0000,    0.0000,    0.0000,    2.6419,    0.0000,    2.6419,    0.0000,    2.5180,     1.7253,     0.0049
     1.640,    0.0000,    0.0000,    0.0000,    0.0000,    2.6426,    0.0000,    2.6426,    0.0000,    2.5187,     1.7236,     0.0050
     1.641,    0.0000,    0.0000,    0.0000,    0.0000,    2.6431,    0.0000,    2.6431,    0.0000,    2.5191,     1.7217,     0.0050
     1.642,    0.0000,    0.0000,    0.0000,    0.0000,    2.6437,    0.0000,    2.6437,    0.0000,    2.5197,     1.7199,     0.0051
     1.643,    0.0000,    0.0000,    0.0000,    0.0000,    2.6449,    0.0000,    2.6449,    0.0000,    2.5209,     1.7186,     0.0051
     1.644,    0.0000,    0.0000,    0.0000,    0.0000,    2.6461,    0.0000,    2.6461,    0.0000,    2.5220,     1.7171,     0.0052
     1.645,    0.0000,    0.0000,    0.0000,    0.0000,    2.6466,    0.0000,    2.6466,    0.0000,    2.5225,     1.7153,     0.0053
     1.646,    0.0000,    0.0000,    0.0000,    0.0000,    2.6469,    0.0000,    2.6469,    0.0000,    2.5228,     1.7133,     0.0053
     1.647,    0.0000,    0.0000,    0.0000,    0.0000,    2.6474,    0.0000,    2.6474,    0.0000,    2.5233,     1.7114,     0.0054
     1.648,    0.0000,    0.0000,    0.0000,    0.0000,    2.6480,    0.0000,    2.6480,    0.0000,    2.5239,     1.7097,     0.0055
     1.649,    0.0000,    0.0000,    0.0000,    0.0000,    2.6486,    0.0000,    2.6486,    0.0000,    2.5244,     1.7078,     0.0055
     1.650,    0.0000,    0.0000,    0.0000,    0.0000,    2.6494,    0.0000,    2.6494,    0.0000,    2.5252,     1.7062,     0.0056
     1.651,    0.0000,    0.0000,    0.0000,    0.0000,    2.6509,    0.0000,    2.6509,    0.0000,    2.5265,     1.7049,     0.0057
     1.652,    0.0000,    0.0000,    0.0000,    0.0000,    2.6519,    0.0000,    2.6519,    0.0000,    2.5275,     1.7034,     0.0057
     1.653,    0.0000,    0.0000,    0.0000,    0.0000,    2.6517,    0.0000,    2.6517,    0.0000,    2.5274,     1.7011,     0.0058
     1.654,    0.0000,    0.0000,    0.0000,    0.0000,    2.6516,    0.0000,    2.6516,    0.0000,    2.5272,     1.6988,     0.0058
     1.655,    0.0000,    0.0000,    0.0000,    0.0000,    2.6526,    0.0000,    2.6526,    0.0000,    2.5282,     1.6973,     0.0059
     1.656,    0.0000,    0.0000,    0.0000,    0.0000,    2.6541,    0.0000,    2.6541,    0.0000,    2.5296,     1.6960,     0.0060
     1.657,    0.0000,    0.0000,    0.0000,    0.0000,    2.6550,    0.0000,    2.6550,    0.0000,    2.5305,     1.6944,     0.0061
     1.658,    0.0000,    0.0000,    0.0000,    0.0000,    2.6555,    0.0000,    2.6555,    0.0000,    2.5310,     1.6925,     0.0061
     1.659,    0.0000,    0.0000,    0.0000,    0.0000,    2.6560,    0.0001,    2.6560,    0.0000,    2.5315,     1.6907,     0.0062
     1.660,    0.0000,    0.0000,    0.0000,    0.0000,    2.6570,    0.0003,    2.6570,    0.0000,    2.5324,     1.6891,     0.0063
     1.661,    0.0000,    0.0000,    0.0000,    0.0000,    2.6584,    0.0007,    2.6584,    0.0000,    2.5337,     1.6878,     0.0063
     1.662,    0.0000,    0.0000,    0.0000,    0.0000,    2.6593,    0.0018,    2.6593,    0.0000,    2.5346,     1.6862,     0.0064
     1.663,    0.0000,    0.0000,    0.0000,    0.0000,    2.6590,    0.0040,    2.6590,    0.0000,    2.5343,     1.6838,     0.0065
     1.664,    0.0000,    0.0000,    0.0000,    0.0000,    2.6587,    0.0087,    2.6587,    0.0000,    2.5340,     1.6814,     0.0065
     1.665,    0.0000,    0.0000,    0.0000,    0.0000,    2.6596,    0.0176,    2.6596,    0.0000,    2.5349,     1.6798,     0.0066
     1.666,    0.0000,    0.0000,    0.0000,    0.0000,    2.6611,    0.0340,    2.6611,    0.0000,    2.5363,     1.6785,     0.0067
     1.667,    0.0000,    0.0000,    0.0000,    0.0000,    2.6622,    0.0620,    2.6622,    0.0000,    2.5373,     1.6770,     0.0068
     1.668,    0.0000,    0.0000,    0.0000,    0.0000,    2.6625,    0.1072,    2.6625,    0.0000,    2.5377,     1.6750,     0.0068
     1.669,    0.0000,    0.0000,    0.0000,    0.0000,    2.6624,    0.1756,    2.6624,    0.0000,    2.5375,     1.6727,     0.0069
     1.670,    0.0000,    0.0000,    0.0000,    0.0000,    2.6623,    0.2733,    2.6623,    0.0000,    2.5375,     1.6705,     0.0070
     1.671,    0.0000,    0.0000,    0.0000,    0.0000,    2.6631,    0.4046,    2.6631,    0.0000,    2.5382,     1.6688,     0.0071
     1.672,    0.0000,    0.0000,    0.0000,    0.0000,    2.6639,    0.5705,    2.6639,    0.0000,    2.5389,     1.6671,     0.0071
     1.673,    0.0000,    0.0000,    0.0000,    0.0000,    2.6641,    0.7677,    2.6641,    0.0000,    2.5391,     1.6650,     0.0072
     1.674,    0.0000,    0.0000,    0.0000,    0.0000,    2.6643,    0.9882,    2.6643,    0.0000,    2.5394,     1.6630,     0.0073
     1.675,    0.0000,    0.0000,    0.0000,    0.0000,    2.6652,    1.2207,    2.6652,    0.0000,    2.5402,     1.6613,     0.0074
     1.676,    0.0000,    0.0000,    0.0000,    0.0000,    2.6662,    1.4511,    2.6662,    0.0000,    2.5412,     1.6598,     0.0074
     1.677,    0.0000,    0.0000,    0.0000,    0.0000,    2.6668,    1.6657,    2.6668,    0.0000,    2.5418,     1.6579,     0.0075
     1.678,    0.0000,    0.0000,    0.0000,    0.0000,    2.6673,    1.8540,    2.6673,    0.0000,    2.5423,     1.6560,     0.0076
     1.679,    0.0000,    0.0000,    0.0000,    0.0000,    2.6683,    2.0098,    2.6683,    0.0000,    2.5431,     1.6544,     0.0077
     1.680,    0.0000,    0.0000,    0.0000,    0.0000,    2.6693,    2.1310,    2.6693,    0.0000,    2.5441,     1.6528,     0.0078
     1.681,    0.0000,    0.0000,    0.0000,    0.0000,    2.6699,    2.2196,    2.6699,    0.0000,    2.5447,     1.6510,     0.0078
     1.682,    0.0000,    0.0000,    0.0000,    0.0000,    2.6705,    2.2805,    2.6705,    0.0000,    2.5453,     1.6492,     0.0079
     1.683,    0.0000,    0.0000,    0.0000,    0.0000,    2.6711,    2.3202,    2.6711,    0.0000,    2.5459,     1.6474,     0.0080
     1.684,    0.0000,    0.0000,    0.0000,    0.0000,    2.6717,    2.3446,    2.6717,    0.0000,    2.5464,     1.6455,     0.0081
     1.685,    0.0000,    0.0000,    0.0000,    0.0000,    2.6721,    2.3585,    2.6721,    0.0000,    2.5468,     1.6435,     0.0082
     1.686,    0.0000,    0.0000,    0.0000,    0.0000,    2.6724,    2.3662,    2.6724,    0.0000,    2.5471,     1.6415,     0.0083
     1.687,    0.0000,    0.0000,    0.0000,    0.0000,    2.6730,    2.3704,    2.6730,    0.0000,    2.5477,     1.6397,     0.0083
     1.688,    0.0000,    0.0000,    0.0000,    0.0000,    2.6737,    2.3728,    2.6737,    0.0000,    2.5483,     1.6379,     0.0084
     1.689,    0.0000,    0.0000,    0.0000,    0.0000,    2.6743,    2.3741,    2.6743,    0.0000,    2.5489,     1.6361,     0.0085
     1.690,    0.0000,    0.0000,    0.0000,    0.0000,    2.6748,    2.3749,    2.6748,    0.0000,    2.5494,     1.6342,     0.0086
     1.691,    0.0000,    0.0000,    0.0000,    0.0000,    2.6752,    2.3754,    2.6752,    0.0000,    2.5498,     1.6322,     0.0087
     1.692,    0.0000,    0.0000,    0.0000,    0.0000,    2.6759,    2.3761,    2.6759,    0.0000,    2.5504,     1.6305,     0.0088
     1.693,    0.0000,    0.0000,    0.0000,    0.0000,    2.6771,    2.3771,    2.6771,    0.0000,    2.5516,     1.6290,     0.0089
     1.694,    0.0000,    0.0000,    0.0000,    0.0000,    2.6780,    2.3780,    2.6780,    0.0000,    2.5524,     1.6273,     0.0090
     1.695,    0.0000,    0.0000,    0.0000,    0.0000,    2.6782,    2.3781,    2.6782,    0.0000,    2.5526,     1.6252,     0.0090
     1.696,    0.0000,    0.0000,    0.0000,    0.0000,    2.6785,    2.3784,    2.6785,    0.0000,    2.5529,     1.6232,     0.0091
     1.697,    0.0000,    0.0000,    0.0000,    0.0000,    2.6799,    2.3796,    2.6799,    0.0000,    2.5542,     1.6218,     0.0092
     1.698,    0.0000,    0.0000,    0.0000,    0.0000,    2.6810,    2.3807,    2.6810,    0.0000,    2.5553,     1.6203,     0.0093
     1.699,    0.0000,    0.0000,    0.0000,    0.0000,    2.6809,    2.3805,    2.6809,    0.0000,    2.5552,     1.6180,     0.0094
     1.700,    0.0000,    0.0000,    0.0000,    0.0000,    2.6807,    2.3804,    2.6807,    0.0000,    2.5550,     1.6157,     0.0095
     1.701,    0.0000,    0.0000,    0.0000,    0.0000,    2.6819,    2.3814,    2.6819,    0.0000,    2.5561,     1.6142,     0.0096
     1.702,    0.0000,    0.0000,    0.0000,    0.0000,    2.6836,    2.3829,    2.6836,    0.0000,    2.5577,     1.6130,     0.0097
     1.703,    0.0000,    0.0000,    0.0000,    0.0000,    2.6847,    2.3839,    2.6847,    0.0000,    2.5588,     1.6115,     0.0098
     1.704,    0.0000,    0.0000,    0.0000,    0.0000,    2.6852,    2.3844,    2.6852,    0.0000,    2.5593,     1.6096,     0.0099
     1.705,    0.0000,    0.0000,    0.0000,    0.0000,    2.6852,    2.3844,    2.6852,    0.0000,    2.5593,     1.6074,     0.0100
     1.706,    0.0000,    0.0000,    0.0000,    0.0000,    2.6854,    2.3845,    2.6854,    0.0000,    2.5595,     1.6053,     0.0101
     1.707,    0.0000,    0.0000,    0.0000,    0.0000,    2.6863,    2.3853,    2.6863,    0.0000,    2.5603,     1.6036,     0.0102
     1.708,    0.0000,    0.0000,    0.0000,    0.0000,    2.6873,    2.3862,    2.6873,    0.0000,    2.5613,     1.6020,     0.0103
     1.709,    0.0000,    0.0000,    0.0000,    0.0000,    2.6879,    2.3868,    2.6879,    0.0000,    2.5619,     1.6002,     0.0104
     1.710,    0.0000,    0.0000,    0.0000,    0.0000,    2.6883,    2.3871,    2.6883,    0.0000,    2.5623,     1.5982,     0.0105
     1.711,    0.0000,    0.0000,    0.0000,    0.0000,    2.6888,    2.3876,    2.6888,    0.0000,    2.5627,     1.5963,     0.0106
     1.712,    0.0000,    0.0000,    0.0000,    0.0000,    2.6895,    2.3881,    2.6895,    0.0000,    2.5633,     1.5945,     0.0107
