romanisim/data/roman-technical-information/data/WideFieldInstrument/Imaging/EffectiveAreas/Roman_effarea_v8_SCA10_20240301.ecsv
# %ECSV 1.0
# ---
# Effective area for Roman (m^2) - parameters as of 2024 03 01
# datatype:
# - {name: Wave, datatype: float32}
# - {name: F062, datatype: float32}
# - {name: F087, datatype: float32}
# - {name: F106, datatype: float32}
# - {name: F129, datatype: float32}
# - {name: F158, datatype: float32}
# - {name: F184, datatype: float32}
# - {name: F146, datatype: float32}
# - {name: F213, datatype: float32}
# - {name: Prism, datatype: float32}
# - {name: Grism_1stOrder, datatype: float32}
# - {name: Grism_0thOrder, datatype: float32}
# schema: astropy-2.0
Wave, F062, F087, F106, F129, F158, F184, F146, F213, Prism, Grism_1stOrder, Grism_0thOrder
[from data line 1195]
     1.595,    0.0000,    0.0000,    0.0000,    0.0000,    2.5195,    0.0000,    2.5195,    0.0000,    2.4800,     1.7194,     0.0026
     1.596,    0.0000,    0.0000,    0.0000,    0.0000,    2.5196,    0.0000,    2.5196,    0.0000,    2.4802,     1.7175,     0.0027
     1.597,    0.0000,    0.0000,    0.0000,    0.0000,    2.5198,    0.0000,    2.5198,    0.0000,    2.4804,     1.7157,     0.0027
     1.598,    0.0000,    0.0000,    0.0000,    0.0000,    2.5204,    0.0000,    2.5204,    0.0000,    2.4810,     1.7141,     0.0027
     1.599,    0.0000,    0.0000,    0.0000,    0.0000,    2.5215,    0.0000,    2.5215,    0.0000,    2.4820,     1.7128,     0.0028
     1.600,    0.0000,    0.0000,    0.0000,    0.0000,    2.5225,    0.0000,    2.5225,    0.0000,    2.4830,     1.7115,     0.0028
     1.601,    0.0000,    0.0000,    0.0000,    0.0000,    2.5231,    0.0000,    2.5231,    0.0000,    2.4836,     1.7098,     0.0029
     1.602,    0.0000,    0.0000,    0.0000,    0.0000,    2.5234,    0.0000,    2.5234,    0.0000,    2.4839,     1.7080,     0.0029
     1.603,    0.0000,    0.0000,    0.0000,    0.0000,    2.5240,    0.0000,    2.5240,    0.0000,    2.4845,     1.7064,     0.0029
     1.604,    0.0000,    0.0000,    0.0000,    0.0000,    2.5247,    0.0000,    2.5247,    0.0000,    2.4852,     1.7048,     0.0030
     1.605,    0.0000,    0.0000,    0.0000,    0.0000,    2.5255,    0.0000,    2.5255,    0.0000,    2.4859,     1.7034,     0.0030
     1.606,    0.0000,    0.0000,    0.0000,    0.0000,    2.5264,    0.0000,    2.5264,    0.0000,    2.4868,     1.7020,     0.0031
     1.607,    0.0000,    0.0000,    0.0000,    0.0000,    2.5274,    0.0000,    2.5274,    0.0000,    2.4878,     1.7006,     0.0031
     1.608,    0.0000,    0.0000,    0.0000,    0.0000,    2.5283,    0.0000,    2.5283,    0.0000,    2.4887,     1.6992,     0.0032
     1.609,    0.0000,    0.0000,    0.0000,    0.0000,    2.5289,    0.0000,    2.5289,    0.0000,    2.4893,     1.6976,     0.0032
     1.610,    0.0000,    0.0000,    0.0000,    0.0000,    2.5296,    0.0000,    2.5296,    0.0000,    2.4900,     1.6960,     0.0032
     1.611,    0.0000,    0.0000,    0.0000,    0.0000,    2.5308,    0.0000,    2.5308,    0.0000,    2.4911,     1.6947,     0.0033
     1.612,    0.0000,    0.0000,    0.0000,    0.0000,    2.5318,    0.0000,    2.5318,    0.0000,    2.4922,     1.6934,     0.0033
     1.613,    0.0000,    0.0000,    0.0000,    0.0000,    2.5323,    0.0000,    2.5323,    0.0000,    2.4927,     1.6917,     0.0034
     1.614,    0.0000,    0.0000,    0.0000,    0.0000,    2.5329,    0.0000,    2.5329,    0.0000,    2.4932,     1.6900,     0.0034
     1.615,    0.0000,    0.0000,    0.0000,    0.0000,    2.5339,    0.0000,    2.5339,    0.0000,    2.4942,     1.6887,     0.0035
     1.616,    0.0000,    0.0000,    0.0000,    0.0000,    2.5353,    0.0000,    2.5353,    0.0000,    2.4956,     1.6875,     0.0035
     1.617,    0.0000,    0.0000,    0.0000,    0.0000,    2.5366,    0.0000,    2.5366,    0.0000,    2.4968,     1.6863,     0.0036
     1.618,    0.0000,    0.0000,    0.0000,    0.0000,    2.5377,    0.0000,    2.5377,    0.0000,    2.4980,     1.6850,     0.0036
     1.619,    0.0000,    0.0000,    0.0000,    0.0000,    2.5386,    0.0000,    2.5386,    0.0000,    2.4988,     1.6836,     0.0037
     1.620,    0.0000,    0.0000,    0.0000,    0.0000,    2.5394,    0.0000,    2.5394,    0.0000,    2.4996,     1.6820,     0.0037
     1.621,    0.0000,    0.0000,    0.0000,    0.0000,    2.5401,    0.0000,    2.5401,    0.0000,    2.5004,     1.6805,     0.0038
     1.622,    0.0000,    0.0000,    0.0000,    0.0000,    2.5411,    0.0000,    2.5411,    0.0000,    2.5013,     1.6791,     0.0038
     1.623,    0.0000,    0.0000,    0.0000,    0.0000,    2.5421,    0.0000,    2.5421,    0.0000,    2.5023,     1.6777,     0.0038
     1.624,    0.0000,    0.0000,    0.0000,    0.0000,    2.5430,    0.0000,    2.5430,    0.0000,    2.5032,     1.6762,     0.0039
     1.625,    0.0000,    0.0000,    0.0000,    0.0000,    2.5437,    0.0000,    2.5437,    0.0000,    2.5039,     1.6746,     0.0039
     1.626,    0.0000,    0.0000,    0.0000,    0.0000,    2.5445,    0.0000,    2.5445,    0.0000,    2.5047,     1.6731,     0.0040
     1.627,    0.0000,    0.0000,    0.0000,    0.0000,    2.5458,    0.0000,    2.5458,    0.0000,    2.5059,     1.6719,     0.0041
     1.628,    0.0000,    0.0000,    0.0000,    0.0000,    2.5470,    0.0000,    2.5470,    0.0000,    2.5071,     1.6706,     0.0041
     1.629,    0.0000,    0.0000,    0.0000,    0.0000,    2.5475,    0.0000,    2.5475,    0.0000,    2.5077,     1.6689,     0.0042
     1.630,    0.0000,    0.0000,    0.0000,    0.0000,    2.5480,    0.0000,    2.5480,    0.0000,    2.5082,     1.6671,     0.0042
     1.631,    0.0000,    0.0000,    0.0000,    0.0000,    2.5491,    0.0000,    2.5491,    0.0000,    2.5092,     1.6657,     0.0043
     1.632,    0.0000,    0.0000,    0.0000,    0.0000,    2.5504,    0.0000,    2.5504,    0.0000,    2.5104,     1.6645,     0.0043
     1.633,    0.0000,    0.0000,    0.0000,    0.0000,    2.5516,    0.0000,    2.5516,    0.0000,    2.5117,     1.6632,     0.0044
     1.634,    0.0000,    0.0000,    0.0000,    0.0000,    2.5527,    0.0000,    2.5527,    0.0000,    2.5127,     1.6619,     0.0044
     1.635,    0.0000,    0.0000,    0.0000,    0.0000,    2.5536,    0.0000,    2.5536,    0.0000,    2.5136,     1.6604,     0.0045
     1.636,    0.0000,    0.0000,    0.0000,    0.0000,    2.5544,    0.0000,    2.5544,    0.0000,    2.5145,     1.6588,     0.0045
     1.637,    0.0000,    0.0000,    0.0000,    0.0000,    2.5555,    0.0000,    2.5555,    0.0000,    2.5155,     1.6574,     0.0046
     1.638,    0.0000,    0.0000,    0.0000,    0.0000,    2.5565,    0.0000,    2.5565,    0.0000,    2.5165,     1.6560,     0.0046
     1.639,    0.0000,    0.0000,    0.0000,    0.0000,    2.5576,    0.0000,    2.5576,    0.0000,    2.5175,     1.6546,     0.0047
     1.640,    0.0000,    0.0000,    0.0000,    0.0000,    2.5584,    0.0000,    2.5584,    0.0000,    2.5183,     1.6530,     0.0048
     1.641,    0.0000,    0.0000,    0.0000,    0.0000,    2.5589,    0.0000,    2.5589,    0.0000,    2.5188,     1.6513,     0.0048
     1.642,    0.0000,    0.0000,    0.0000,    0.0000,    2.5596,    0.0000,    2.5596,    0.0000,    2.5195,     1.6497,     0.0049
     1.643,    0.0000,    0.0000,    0.0000,    0.0000,    2.5608,    0.0000,    2.5608,    0.0000,    2.5208,     1.6484,     0.0049
     1.644,    0.0000,    0.0000,    0.0000,    0.0000,    2.5620,    0.0000,    2.5620,    0.0000,    2.5219,     1.6471,     0.0050
     1.645,    0.0000,    0.0000,    0.0000,    0.0000,    2.5626,    0.0000,    2.5626,    0.0000,    2.5225,     1.6453,     0.0051
     1.646,    0.0000,    0.0000,    0.0000,    0.0000,    2.5629,    0.0000,    2.5629,    0.0000,    2.5228,     1.6434,     0.0051
     1.647,    0.0000,    0.0000,    0.0000,    0.0000,    2.5634,    0.0000,    2.5634,    0.0000,    2.5233,     1.6417,     0.0052
     1.648,    0.0000,    0.0000,    0.0000,    0.0000,    2.5640,    0.0000,    2.5640,    0.0000,    2.5239,     1.6400,     0.0052
     1.649,    0.0000,    0.0000,    0.0000,    0.0000,    2.5645,    0.0000,    2.5645,    0.0000,    2.5244,     1.6382,     0.0053
     1.650,    0.0000,    0.0000,    0.0000,    0.0000,    2.5653,    0.0000,    2.5653,    0.0000,    2.5252,     1.6366,     0.0054
     1.651,    0.0000,    0.0000,    0.0000,    0.0000,    2.5667,    0.0000,    2.5667,    0.0000,    2.5265,     1.6354,     0.0054
     1.652,    0.0000,    0.0000,    0.0000,    0.0000,    2.5676,    0.0000,    2.5676,    0.0000,    2.5274,     1.6339,     0.0055
     1.653,    0.0000,    0.0000,    0.0000,    0.0000,    2.5674,    0.0000,    2.5674,    0.0000,    2.5272,     1.6316,     0.0055
     1.654,    0.0000,    0.0000,    0.0000,    0.0000,    2.5672,    0.0000,    2.5672,    0.0000,    2.5270,     1.6294,     0.0056
     1.655,    0.0000,    0.0000,    0.0000,    0.0000,    2.5681,    0.0000,    2.5681,    0.0000,    2.5279,     1.6279,     0.0057
     1.656,    0.0000,    0.0000,    0.0000,    0.0000,    2.5694,    0.0000,    2.5694,    0.0000,    2.5292,     1.6266,     0.0057
     1.657,    0.0000,    0.0000,    0.0000,    0.0000,    2.5702,    0.0000,    2.5702,    0.0000,    2.5299,     1.6250,     0.0058
     1.658,    0.0000,    0.0000,    0.0000,    0.0000,    2.5705,    0.0000,    2.5705,    0.0000,    2.5303,     1.6231,     0.0059
     1.659,    0.0000,    0.0000,    0.0000,    0.0000,    2.5710,    0.0000,    2.5710,    0.0000,    2.5307,     1.6213,     0.0059
     1.660,    0.0000,    0.0000,    0.0000,    0.0000,    2.5717,    0.0000,    2.5717,    0.0000,    2.5315,     1.6197,     0.0060
     1.661,    0.0000,    0.0000,    0.0000,    0.0000,    2.5729,    0.0000,    2.5729,    0.0000,    2.5326,     1.6183,     0.0061
     1.662,    0.0000,    0.0000,    0.0000,    0.0000,    2.5736,    0.0000,    2.5736,    0.0000,    2.5333,     1.6166,     0.0061
     1.663,    0.0000,    0.0000,    0.0000,    0.0000,    2.5732,    0.0000,    2.5732,    0.0000,    2.5329,     1.6143,     0.0062
     1.664,    0.0000,    0.0000,    0.0000,    0.0000,    2.5727,    0.0000,    2.5727,    0.0000,    2.5325,     1.6119,     0.0063
     1.665,    0.0000,    0.0000,    0.0000,    0.0000,    2.5735,    0.0000,    2.5735,    0.0000,    2.5332,     1.6102,     0.0063
     1.666,    0.0000,    0.0000,    0.0000,    0.0000,    2.5747,    0.0000,    2.5747,    0.0000,    2.5344,     1.6089,     0.0064
     1.667,    0.0000,    0.0000,    0.0000,    0.0000,    2.5755,    0.0000,    2.5755,    0.0000,    2.5352,     1.6073,     0.0065
     1.668,    0.0000,    0.0000,    0.0000,    0.0000,    2.5757,    0.0000,    2.5757,    0.0000,    2.5353,     1.6053,     0.0066
     1.669,    0.0000,    0.0000,    0.0000,    0.0000,    2.5753,    0.0001,    2.5753,    0.0000,    2.5350,     1.6029,     0.0066
     1.670,    0.0000,    0.0000,    0.0000,    0.0000,    2.5750,    0.0002,    2.5750,    0.0000,    2.5347,     1.6007,     0.0067
     1.671,    0.0000,    0.0000,    0.0000,    0.0000,    2.5755,    0.0006,    2.5755,    0.0000,    2.5352,     1.5989,     0.0068
     1.672,    0.0000,    0.0000,    0.0000,    0.0000,    2.5761,    0.0017,    2.5761,    0.0000,    2.5358,     1.5971,     0.0068
     1.673,    0.0000,    0.0000,    0.0000,    0.0000,    2.5761,    0.0042,    2.5761,    0.0000,    2.5357,     1.5950,     0.0069
     1.674,    0.0000,    0.0000,    0.0000,    0.0000,    2.5761,    0.0097,    2.5761,    0.0000,    2.5357,     1.5929,     0.0070
     1.675,    0.0000,    0.0000,    0.0000,    0.0000,    2.5767,    0.0210,    2.5767,    0.0000,    2.5364,     1.5912,     0.0071
     1.676,    0.0000,    0.0000,    0.0000,    0.0000,    2.5775,    0.0424,    2.5775,    0.0000,    2.5371,     1.5895,     0.0071
     1.677,    0.0000,    0.0000,    0.0000,    0.0000,    2.5778,    0.0799,    2.5778,    0.0000,    2.5374,     1.5876,     0.0072
     1.678,    0.0000,    0.0000,    0.0000,    0.0000,    2.5781,    0.1413,    2.5781,    0.0000,    2.5377,     1.5857,     0.0073
     1.679,    0.0000,    0.0000,    0.0000,    0.0000,    2.5787,    0.2344,    2.5787,    0.0000,    2.5384,     1.5840,     0.0074
     1.680,    0.0000,    0.0000,    0.0000,    0.0000,    2.5795,    0.3656,    2.5795,    0.0000,    2.5391,     1.5823,     0.0074
     1.681,    0.0000,    0.0000,    0.0000,    0.0000,    2.5799,    0.5373,    2.5799,    0.0000,    2.5395,     1.5805,     0.0075
     1.682,    0.0000,    0.0000,    0.0000,    0.0000,    2.5802,    0.7459,    2.5802,    0.0000,    2.5398,     1.5785,     0.0076
     1.683,    0.0000,    0.0000,    0.0000,    0.0000,    2.5806,    0.9813,    2.5806,    0.0000,    2.5402,     1.5767,     0.0077
     1.684,    0.0000,    0.0000,    0.0000,    0.0000,    2.5810,    1.2280,    2.5810,    0.0000,    2.5406,     1.5748,     0.0077
     1.685,    0.0000,    0.0000,    0.0000,    0.0000,    2.5811,    1.4680,    2.5811,    0.0000,    2.5407,     1.5728,     0.0078
     1.686,    0.0000,    0.0000,    0.0000,    0.0000,    2.5812,    1.6848,    2.5812,    0.0000,    2.5408,     1.5707,     0.0079
     1.687,    0.0000,    0.0000,    0.0000,    0.0000,    2.5815,    1.8670,    2.5815,    0.0000,    2.5411,     1.5688,     0.0080
     1.688,    0.0000,    0.0000,    0.0000,    0.0000,    2.5820,    2.0091,    2.5820,    0.0000,    2.5416,     1.5670,     0.0081
     1.689,    0.0000,    0.0000,    0.0000,    0.0000,    2.5824,    2.1120,    2.5824,    0.0000,    2.5420,     1.5651,     0.0081
     1.690,    0.0000,    0.0000,    0.0000,    0.0000,    2.5827,    2.1813,    2.5827,    0.0000,    2.5423,     1.5632,     0.0082
     1.691,    0.0000,    0.0000,    0.0000,    0.0000,    2.5829,    2.2245,    2.5829,    0.0000,    2.5425,     1.5612,     0.0083
     1.692,    0.0000,    0.0000,    0.0000,    0.0000,    2.5834,    2.2499,    2.5834,    0.0000,    2.5430,     1.5594,     0.0084
     1.693,    0.0000,    0.0000,    0.0000,    0.0000,    2.5844,    2.2641,    2.5844,    0.0000,    2.5439,     1.5579,     0.0085
     1.694,    0.0000,    0.0000,    0.0000,    0.0000,    2.5851,    2.2715,    2.5851,    0.0000,    2.5447,     1.5562,     0.0086
     1.695,    0.0000,    0.0000,    0.0000,    0.0000,    2.5851,    2.2746,    2.5851,    0.0000,    2.5446,     1.5541,     0.0086
     1.696,    0.0000,    0.0000,    0.0000,    0.0000,    2.5853,    2.2761,    2.5853,    0.0000,    2.5448,     1.5521,     0.0087
     1.697,    0.0000,    0.0000,    0.0000,    0.0000,    2.5865,    2.2777,    2.5865,    0.0000,    2.5460,     1.5507,     0.0088
     1.698,    0.0000,    0.0000,    0.0000,    0.0000,    2.5875,    2.2788,    2.5875,    0.0000,    2.5470,     1.5492,     0.0089
     1.699,    0.0000,    0.0000,    0.0000,    0.0000,    2.5872,    2.2786,    2.5872,    0.0000,    2.5467,     1.5469,     0.0090
     1.700,    0.0000,    0.0000,    0.0000,    0.0000,    2.5870,    2.2784,    2.5870,    0.0000,    2.5465,     1.5447,     0.0091
     1.701,    0.0000,    0.0000,    0.0000,    0.0000,    2.5880,    2.2793,    2.5880,    0.0000,    2.5475,     1.5432,     0.0092
     1.702,    0.0000,    0.0000,    0.0000,    0.0000,    2.5896,    2.2807,    2.5896,    0.0000,    2.5490,     1.5420,     0.0093
     1.703,    0.0000,    0.0000,    0.0000,    0.0000,    2.5906,    2.2817,    2.5906,    0.0000,    2.5501,     1.5405,     0.0094
     1.704,    0.0000,    0.0000,    0.0000,    0.0000,    2.5910,    2.2820,    2.5910,    0.0000,    2.5505,     1.5387,     0.0094
     1.705,    0.0000,    0.0000,    0.0000,    0.0000,    2.5910,    2.2820,    2.5910,    0.0000,    2.5504,     1.5365,     0.0095
     1.706,    0.0000,    0.0000,    0.0000,    0.0000,    2.5911,    2.2821,    2.5911,    0.0000,    2.5506,     1.5345,     0.0096
     1.707,    0.0000,    0.0000,    0.0000,    0.0000,    2.5920,    2.2828,    2.5920,    0.0000,    2.5514,     1.5329,     0.0097
     1.708,    0.0000,    0.0000,    0.0000,    0.0000,    2.5930,    2.2837,    2.5930,    0.0000,    2.5524,     1.5314,     0.0098
     1.709,    0.0000,    0.0000,    0.0000,    0.0000,    2.5936,    2.2842,    2.5936,    0.0000,    2.5530,     1.5296,     0.0099
     1.710,    0.0000,    0.0000,    0.0000,    0.0000,    2.5939,    2.2846,    2.5939,    0.0000,    2.5533,     1.5277,     0.0100
     1.711,    0.0000,    0.0000,    0.0000,    0.0000,    2.5944,    2.2850,    2.5944,    0.0000,    2.5538,     1.5259,     0.0101
     1.712,    0.0000,    0.0000,    0.0000,    0.0000,    2.5951,    2.2856,    2.5951,    0.0000,    2.5545,     1.5242,     0.0102
