romanisim/data/roman-technical-information/data/WideFieldInstrument/Imaging/EffectiveAreas/Roman_effarea_v8_SCA16_20240301.ecsv
# %ECSV 1.0
# ---
# Effective area for Roman (m^2) - parameters as of 2024 03 01
# datatype:
# - {name: Wave, datatype: float32}
# - {name: F062, datatype: float32}
# - {name: F087, datatype: float32}
# - {name: F106, datatype: float32}
# - {name: F129, datatype: float32}
# - {name: F158, datatype: float32}
# - {name: F184, datatype: float32}
# - {name: F146, datatype: float32}
# - {name: F213, datatype: float32}
# - {name: Prism, datatype: float32}
# - {name: Grism_1stOrder, datatype: float32}
# - {name: Grism_0thOrder, datatype: float32}
# schema: astropy-2.0
Wave, F062, F087, F106, F129, F158, F184, F146, F213, Prism, Grism_1stOrder, Grism_0thOrder
[from data line 1075]
     1.475,    0.0000,    0.0000,    0.0000,    0.0000,    2.4286,    0.0000,    2.4286,    0.0000,    2.4338,     1.9100,     0.0003
     1.476,    0.0000,    0.0000,    0.0000,    0.0000,    2.4289,    0.0000,    2.4289,    0.0000,    2.4342,     1.9087,     0.0003
     1.477,    0.0000,    0.0000,    0.0000,    0.0000,    2.4293,    0.0000,    2.4293,    0.0000,    2.4346,     1.9075,     0.0003
     1.478,    0.0000,    0.0000,    0.0000,    0.0000,    2.4299,    0.0000,    2.4299,    0.0000,    2.4351,     1.9064,     0.0003
     1.479,    0.0000,    0.0000,    0.0000,    0.0000,    2.4304,    0.0000,    2.4304,    0.0000,    2.4357,     1.9053,     0.0003
     1.480,    0.0000,    0.0000,    0.0000,    0.0000,    2.4310,    0.0000,    2.4310,    0.0000,    2.4362,     1.9042,     0.0003
     1.481,    0.0000,    0.0000,    0.0000,    0.0000,    2.4317,    0.0000,    2.4317,    0.0000,    2.4370,     1.9032,     0.0003
     1.482,    0.0000,    0.0000,    0.0000,    0.0000,    2.4323,    0.0000,    2.4323,    0.0000,    2.4376,     1.9022,     0.0003
     1.483,    0.0000,    0.0000,    0.0000,    0.0000,    2.4327,    0.0000,    2.4327,    0.0000,    2.4380,     1.9009,     0.0003
     1.484,    0.0000,    0.0000,    0.0000,    0.0000,    2.4330,    0.0000,    2.4330,    0.0000,    2.4383,     1.8995,     0.0003
     1.485,    0.0000,    0.0000,    0.0000,    0.0000,    2.4335,    0.0000,    2.4335,    0.0000,    2.4388,     1.8984,     0.0003
     1.486,    0.0000,    0.0000,    0.0000,    0.0000,    2.4341,    0.0000,    2.4341,    0.0000,    2.4394,     1.8973,     0.0003
     1.487,    0.0000,    0.0000,    0.0000,    0.0000,    2.4346,    0.0000,    2.4346,    0.0000,    2.4399,     1.8961,     0.0003
     1.488,    0.0000,    0.0000,    0.0000,    0.0000,    2.4349,    0.0000,    2.4349,    0.0000,    2.4402,     1.8947,     0.0004
     1.489,    0.0000,    0.0000,    0.0000,    0.0000,    2.4352,    0.0000,    2.4352,    0.0000,    2.4405,     1.8933,     0.0004
     1.490,    0.0000,    0.0000,    0.0000,    0.0000,    2.4356,    0.0000,    2.4356,    0.0000,    2.4409,     1.8921,     0.0004
     1.491,    0.0000,    0.0000,    0.0000,    0.0000,    2.4363,    0.0000,    2.4363,    0.0000,    2.4416,     1.8910,     0.0004
     1.492,    0.0000,    0.0000,    0.0000,    0.0000,    2.4369,    0.0000,    2.4369,    0.0000,    2.4423,     1.8899,     0.0004
     1.493,    0.0000,    0.0000,    0.0000,    0.0000,    2.4373,    0.0000,    2.4373,    0.0000,    2.4426,     1.8885,     0.0004
     1.494,    0.0000,    0.0000,    0.0000,    0.0000,    2.4378,    0.0000,    2.4378,    0.0000,    2.4431,     1.8872,     0.0004
     1.495,    0.0000,    0.0000,    0.0000,    0.0000,    2.4386,    0.0000,    2.4386,    0.0000,    2.4439,     1.8863,     0.0004
     1.496,    0.0000,    0.0000,    0.0000,    0.0000,    2.4395,    0.0000,    2.4395,    0.0000,    2.4448,     1.8853,     0.0004
     1.497,    0.0000,    0.0000,    0.0000,    0.0000,    2.4401,    0.0000,    2.4401,    0.0000,    2.4454,     1.8841,     0.0004
     1.498,    0.0000,    0.0000,    0.0000,    0.0000,    2.4404,    0.0000,    2.4404,    0.0000,    2.4457,     1.8827,     0.0005
     1.499,    0.0000,    0.0000,    0.0000,    0.0000,    2.4405,    0.0000,    2.4405,    0.0000,    2.4459,     1.8811,     0.0005
     1.500,    0.0000,    0.0000,    0.0000,    0.0000,    2.4409,    0.0000,    2.4409,    0.0000,    2.4462,     1.8797,     0.0005
     1.501,    0.0000,    0.0000,    0.0000,    0.0000,    2.4415,    0.0000,    2.4415,    0.0000,    2.4469,     1.8786,     0.0005
     1.502,    0.0000,    0.0000,    0.0000,    0.0000,    2.4424,    0.0000,    2.4424,    0.0000,    2.4477,     1.8775,     0.0005
     1.503,    0.0000,    0.0000,    0.0000,    0.0000,    2.4432,    0.0000,    2.4432,    0.0000,    2.4485,     1.8765,     0.0005
     1.504,    0.0000,    0.0000,    0.0000,    0.0000,    2.4439,    0.0000,    2.4439,    0.0000,    2.4492,     1.8753,     0.0005
     1.505,    0.0000,    0.0000,    0.0000,    0.0000,    2.4446,    0.0000,    2.4446,    0.0000,    2.4499,     1.8742,     0.0005
     1.506,    0.0000,    0.0000,    0.0000,    0.0000,    2.4453,    0.0000,    2.4453,    0.0000,    2.4506,     1.8730,     0.0005
     1.507,    0.0000,    0.0000,    0.0000,    0.0000,    2.4460,    0.0000,    2.4460,    0.0000,    2.4513,     1.8718,     0.0006
     1.508,    0.0000,    0.0000,    0.0000,    0.0000,    2.4464,    0.0000,    2.4464,    0.0000,    2.4518,     1.8705,     0.0006
     1.509,    0.0000,    0.0000,    0.0000,    0.0000,    2.4466,    0.0000,    2.4466,    0.0000,    2.4519,     1.8689,     0.0006
     1.510,    0.0000,    0.0000,    0.0000,    0.0000,    2.4468,    0.0000,    2.4468,    0.0000,    2.4522,     1.8673,     0.0006
     1.511,    0.0000,    0.0000,    0.0000,    0.0000,    2.4476,    0.0000,    2.4476,    0.0000,    2.4530,     1.8662,     0.0006
     1.512,    0.0000,    0.0000,    0.0000,    0.0000,    2.4487,    0.0000,    2.4487,    0.0000,    2.4541,     1.8653,     0.0006
     1.513,    0.0000,    0.0000,    0.0000,    0.0000,    2.4497,    0.0000,    2.4497,    0.0000,    2.4550,     1.8643,     0.0006
     1.514,    0.0000,    0.0000,    0.0000,    0.0000,    2.4504,    0.0000,    2.4504,    0.0000,    2.4557,     1.8631,     0.0007
     1.515,    0.0000,    0.0000,    0.0000,    0.0000,    2.4507,    0.0000,    2.4507,    0.0000,    2.4560,     1.8616,     0.0007
     1.516,    0.0000,    0.0000,    0.0000,    0.0000,    2.4509,    0.0000,    2.4509,    0.0000,    2.4562,     1.8600,     0.0007
     1.517,    0.0000,    0.0000,    0.0000,    0.0000,    2.4512,    0.0000,    2.4512,    0.0000,    2.4565,     1.8585,     0.0007
     1.518,    0.0000,    0.0000,    0.0000,    0.0000,    2.4515,    0.0000,    2.4515,    0.0000,    2.4569,     1.8570,     0.0007
     1.519,    0.0000,    0.0000,    0.0000,    0.0000,    2.4520,    0.0000,    2.4520,    0.0000,    2.4573,     1.8556,     0.0007
     1.520,    0.0000,    0.0000,    0.0000,    0.0000,    2.4526,    0.0000,    2.4526,    0.0000,    2.4579,     1.8542,     0.0007
     1.521,    0.0000,    0.0000,    0.0000,    0.0000,    2.4532,    0.0000,    2.4532,    0.0000,    2.4585,     1.8529,     0.0008
     1.522,    0.0000,    0.0000,    0.0000,    0.0000,    2.4538,    0.0000,    2.4538,    0.0000,    2.4591,     1.8516,     0.0008
     1.523,    0.0000,    0.0000,    0.0000,    0.0000,    2.4544,    0.0000,    2.4544,    0.0000,    2.4597,     1.8502,     0.0008
     1.524,    0.0000,    0.0000,    0.0000,    0.0000,    2.4549,    0.0000,    2.4549,    0.0000,    2.4603,     1.8489,     0.0008
     1.525,    0.0000,    0.0000,    0.0000,    0.0000,    2.4556,    0.0000,    2.4556,    0.0000,    2.4610,     1.8476,     0.0008
     1.526,    0.0000,    0.0000,    0.0000,    0.0000,    2.4564,    0.0000,    2.4564,    0.0000,    2.4618,     1.8464,     0.0008
     1.527,    0.0000,    0.0000,    0.0000,    0.0000,    2.4572,    0.0000,    2.4572,    0.0000,    2.4625,     1.8452,     0.0009
     1.528,    0.0000,    0.0000,    0.0000,    0.0000,    2.4578,    0.0000,    2.4578,    0.0000,    2.4631,     1.8438,     0.0009
     1.529,    0.0000,    0.0000,    0.0000,    0.0000,    2.4581,    0.0000,    2.4581,    0.0000,    2.4634,     1.8423,     0.0009
     1.530,    0.0000,    0.0000,    0.0000,    0.0000,    2.4586,    0.0000,    2.4586,    0.0000,    2.4639,     1.8408,     0.0009
     1.531,    0.0000,    0.0000,    0.0000,    0.0000,    2.4595,    0.0000,    2.4595,    0.0000,    2.4649,     1.8397,     0.0009
     1.532,    0.0000,    0.0000,    0.0000,    0.0000,    2.4604,    0.0000,    2.4604,    0.0000,    2.4657,     1.8385,     0.0009
     1.533,    0.0000,    0.0000,    0.0000,    0.0000,    2.4607,    0.0000,    2.4607,    0.0000,    2.4661,     1.8369,     0.0010
     1.534,    0.0000,    0.0000,    0.0000,    0.0000,    2.4608,    0.0000,    2.4608,    0.0000,    2.4662,     1.8352,     0.0010
     1.535,    0.0000,    0.0000,    0.0000,    0.0000,    2.4611,    0.0000,    2.4611,    0.0000,    2.4665,     1.8336,     0.0010
     1.536,    0.0000,    0.0000,    0.0000,    0.0000,    2.4616,    0.0000,    2.4616,    0.0000,    2.4669,     1.8321,     0.0010
     1.537,    0.0000,    0.0000,    0.0000,    0.0000,    2.4620,    0.0000,    2.4620,    0.0000,    2.4674,     1.8305,     0.0010
     1.538,    0.0000,    0.0000,    0.0000,    0.0000,    2.4626,    0.0000,    2.4626,    0.0000,    2.4679,     1.8291,     0.0011
     1.539,    0.0000,    0.0000,    0.0000,    0.0000,    2.4635,    0.0000,    2.4635,    0.0000,    2.4689,     1.8279,     0.0011
     1.540,    0.0000,    0.0000,    0.0000,    0.0000,    2.4643,    0.0000,    2.4643,    0.0000,    2.4697,     1.8267,     0.0011
     1.541,    0.0000,    0.0000,    0.0000,    0.0000,    2.4646,    0.0000,    2.4646,    0.0000,    2.4700,     1.8251,     0.0011
     1.542,    0.0000,    0.0000,    0.0000,    0.0000,    2.4646,    0.0000,    2.4646,    0.0000,    2.4700,     1.8232,     0.0011
     1.543,    0.0000,    0.0000,    0.0000,    0.0000,    2.4647,    0.0000,    2.4647,    0.0000,    2.4700,     1.8213,     0.0012
     1.544,    0.0000,    0.0000,    0.0000,    0.0000,    2.4651,    0.0000,    2.4651,    0.0000,    2.4704,     1.8198,     0.0012
     1.545,    0.0000,    0.0000,    0.0000,    0.0000,    2.4661,    0.0000,    2.4661,    0.0000,    2.4714,     1.8186,     0.0012
     1.546,    0.0000,    0.0000,    0.0000,    0.0000,    2.4671,    0.0000,    2.4671,    0.0000,    2.4725,     1.8175,     0.0012
     1.547,    0.0000,    0.0000,    0.0000,    0.0000,    2.4677,    0.0000,    2.4677,    0.0000,    2.4730,     1.8161,     0.0012
     1.548,    0.0000,    0.0000,    0.0000,    0.0000,    2.4681,    0.0000,    2.4681,    0.0000,    2.4735,     1.8145,     0.0013
     1.549,    0.0000,    0.0000,    0.0000,    0.0000,    2.4687,    0.0000,    2.4687,    0.0000,    2.4741,     1.8130,     0.0013
     1.550,    0.0000,    0.0000,    0.0000,    0.0000,    2.4692,    0.0000,    2.4692,    0.0000,    2.4745,     1.8115,     0.0013
     1.551,    0.0000,    0.0000,    0.0000,    0.0000,    2.4693,    0.0000,    2.4693,    0.0000,    2.4746,     1.8096,     0.0013
     1.552,    0.0000,    0.0000,    0.0000,    0.0000,    2.4693,    0.0000,    2.4693,    0.0000,    2.4747,     1.8078,     0.0014
     1.553,    0.0000,    0.0000,    0.0000,    0.0000,    2.4698,    0.0000,    2.4698,    0.0000,    2.4752,     1.8063,     0.0014
     1.554,    0.0000,    0.0000,    0.0000,    0.0000,    2.4705,    0.0000,    2.4705,    0.0000,    2.4759,     1.8048,     0.0014
     1.555,    0.0000,    0.0000,    0.0000,    0.0000,    2.4710,    0.0000,    2.4710,    0.0000,    2.4763,     1.8033,     0.0014
     1.556,    0.0000,    0.0000,    0.0000,    0.0000,    2.4711,    0.0000,    2.4711,    0.0000,    2.4765,     1.8015,     0.0014
     1.557,    0.0000,    0.0000,    0.0000,    0.0000,    2.4710,    0.0000,    2.4710,    0.0000,    2.4764,     1.7995,     0.0015
     1.558,    0.0000,    0.0000,    0.0000,    0.0000,    2.4712,    0.0000,    2.4712,    0.0000,    2.4766,     1.7977,     0.0015
     1.559,    0.0000,    0.0000,    0.0000,    0.0000,    2.4720,    0.0000,    2.4720,    0.0000,    2.4774,     1.7963,     0.0015
     1.560,    0.0000,    0.0000,    0.0000,    0.0000,    2.4727,    0.0000,    2.4727,    0.0000,    2.4780,     1.7949,     0.0015
     1.561,    0.0000,    0.0000,    0.0000,    0.0000,    2.4727,    0.0000,    2.4727,    0.0000,    2.4781,     1.7930,     0.0016
     1.562,    0.0000,    0.0000,    0.0000,    0.0000,    2.4728,    0.0000,    2.4728,    0.0000,    2.4782,     1.7911,     0.0016
     1.563,    0.0000,    0.0000,    0.0000,    0.0000,    2.4738,    0.0000,    2.4738,    0.0000,    2.4792,     1.7899,     0.0016
     1.564,    0.0000,    0.0000,    0.0000,    0.0000,    2.4748,    0.0000,    2.4748,    0.0000,    2.4802,     1.7887,     0.0017
     1.565,    0.0000,    0.0000,    0.0000,    0.0000,    2.4751,    0.0000,    2.4751,    0.0000,    2.4805,     1.7869,     0.0017
     1.566,    0.0000,    0.0000,    0.0000,    0.0000,    2.4751,    0.0000,    2.4751,    0.0000,    2.4805,     1.7850,     0.0017
     1.567,    0.0000,    0.0000,    0.0000,    0.0000,    2.4753,    0.0000,    2.4753,    0.0000,    2.4806,     1.7832,     0.0017
     1.568,    0.0000,    0.0000,    0.0000,    0.0000,    2.4758,    0.0000,    2.4758,    0.0000,    2.4812,     1.7816,     0.0018
     1.569,    0.0000,    0.0000,    0.0000,    0.0000,    2.4768,    0.0000,    2.4768,    0.0000,    2.4822,     1.7804,     0.0018
     1.570,    0.0000,    0.0000,    0.0000,    0.0000,    2.4774,    0.0000,    2.4774,    0.0000,    2.4828,     1.7788,     0.0018
     1.571,    0.0000,    0.0000,    0.0000,    0.0000,    2.4771,    0.0000,    2.4771,    0.0000,    2.4825,     1.7767,     0.0019
     1.572,    0.0000,    0.0000,    0.0000,    0.0000,    2.4769,    0.0000,    2.4769,    0.0000,    2.4823,     1.7746,     0.0019
     1.573,    0.0000,    0.0000,    0.0000,    0.0000,    2.4776,    0.0000,    2.4776,    0.0000,    2.4830,     1.7731,     0.0019
     1.574,    0.0000,    0.0000,    0.0000,    0.0000,    2.4787,    0.0000,    2.4787,    0.0000,    2.4841,     1.7719,     0.0019
     1.575,    0.0000,    0.0000,    0.0000,    0.0000,    2.4793,    0.0000,    2.4793,    0.0000,    2.4847,     1.7704,     0.0020
     1.576,    0.0000,    0.0000,    0.0000,    0.0000,    2.4795,    0.0000,    2.4795,    0.0000,    2.4849,     1.7685,     0.0020
     1.577,    0.0000,    0.0000,    0.0000,    0.0000,    2.4794,    0.0000,    2.4794,    0.0000,    2.4848,     1.7665,     0.0020
     1.578,    0.0000,    0.0000,    0.0000,    0.0000,    2.4794,    0.0000,    2.4794,    0.0000,    2.4848,     1.7645,     0.0021
     1.579,    0.0000,    0.0000,    0.0000,    0.0000,    2.4797,    0.0000,    2.4797,    0.0000,    2.4851,     1.7627,     0.0021
     1.580,    0.0000,    0.0000,    0.0000,    0.0000,    2.4801,    0.0000,    2.4801,    0.0000,    2.4855,     1.7610,     0.0021
     1.581,    0.0000,    0.0000,    0.0000,    0.0000,    2.4804,    0.0000,    2.4804,    0.0000,    2.4858,     1.7592,     0.0022
     1.582,    0.0000,    0.0000,    0.0000,    0.0000,    2.4807,    0.0000,    2.4807,    0.0000,    2.4861,     1.7575,     0.0022
     1.583,    0.0000,    0.0000,    0.0000,    0.0000,    2.4814,    0.0000,    2.4814,    0.0000,    2.4868,     1.7560,     0.0022
     1.584,    0.0000,    0.0000,    0.0000,    0.0000,    2.4820,    0.0000,    2.4820,    0.0000,    2.4874,     1.7544,     0.0023
     1.585,    0.0000,    0.0000,    0.0000,    0.0000,    2.4821,    0.0000,    2.4821,    0.0000,    2.4875,     1.7524,     0.0023
     1.586,    0.0000,    0.0000,    0.0000,    0.0000,    2.4822,    0.0000,    2.4822,    0.0000,    2.4876,     1.7506,     0.0023
     1.587,    0.0000,    0.0000,    0.0000,    0.0000,    2.4830,    0.0000,    2.4830,    0.0000,    2.4884,     1.7491,     0.0024
     1.588,    0.0000,    0.0000,    0.0000,    0.0000,    2.4839,    0.0000,    2.4839,    0.0000,    2.4893,     1.7477,     0.0024
     1.589,    0.0000,    0.0000,    0.0000,    0.0000,    2.4845,    0.0000,    2.4845,    0.0000,    2.4899,     1.7461,     0.0024
     1.590,    0.0000,    0.0000,    0.0000,    0.0000,    2.4847,    0.0000,    2.4847,    0.0000,    2.4902,     1.7443,     0.0025
     1.591,    0.0000,    0.0000,    0.0000,    0.0000,    2.4849,    0.0000,    2.4849,    0.0000,    2.4903,     1.7424,     0.0025
     1.592,    0.0000,    0.0000,    0.0000,    0.0000,    2.4854,    0.0000,    2.4854,    0.0000,    2.4908,     1.7407,     0.0025
     1.593,    0.0000,    0.0000,    0.0000,    0.0000,    2.4862,    0.0000,    2.4862,    0.0000,    2.4916,     1.7393,     0.0026
