romanisim/data/roman-technical-information/data/WideFieldInstrument/Imaging/EffectiveAreas/Roman_effarea_v8_SCA11_20240301.ecsv
# %ECSV 1.0
# ---
# Effective area for Roman (m^2) - parameters as of 2024 03 01
# datatype:
# - {name: Wave, datatype: float32}
# - {name: F062, datatype: float32}
# - {name: F087, datatype: float32}
# - {name: F106, datatype: float32}
# - {name: F129, datatype: float32}
# - {name: F158, datatype: float32}
# - {name: F184, datatype: float32}
# - {name: F146, datatype: float32}
# - {name: F213, datatype: float32}
# - {name: Prism, datatype: float32}
# - {name: Grism_1stOrder, datatype: float32}
# - {name: Grism_0thOrder, datatype: float32}
# schema: astropy-2.0
Wave, F062, F087, F106, F129, F158, F184, F146, F213, Prism, Grism_1stOrder, Grism_0thOrder
[from data line 1314]
     1.714,    0.0000,    0.0000,    0.0000,    0.0000,    2.6301,    2.3910,    2.6301,    0.0000,    2.5077,     1.6531,     0.0113
     1.715,    0.0000,    0.0000,    0.0000,    0.0000,    2.6303,    2.3912,    2.6303,    0.0000,    2.5079,     1.6509,     0.0114
     1.716,    0.0000,    0.0000,    0.0000,    0.0000,    2.6309,    2.3917,    2.6309,    0.0000,    2.5084,     1.6490,     0.0115
     1.717,    0.0000,    0.0000,    0.0000,    0.0000,    2.6325,    2.3932,    2.6325,    0.0000,    2.5100,     1.6478,     0.0116
     1.718,    0.0000,    0.0000,    0.0000,    0.0000,    2.6341,    2.3946,    2.6341,    0.0000,    2.5115,     1.6465,     0.0117
     1.719,    0.0000,    0.0000,    0.0000,    0.0000,    2.6346,    2.3951,    2.6346,    0.0000,    2.5119,     1.6444,     0.0118
     1.720,    0.0000,    0.0000,    0.0000,    0.0000,    2.6347,    2.3951,    2.6347,    0.0000,    2.5120,     1.6422,     0.0119
     1.721,    0.0000,    0.0000,    0.0000,    0.0000,    2.6353,    2.3957,    2.6353,    0.0000,    2.5126,     1.6403,     0.0120
     1.722,    0.0000,    0.0000,    0.0000,    0.0000,    2.6361,    2.3965,    2.6361,    0.0000,    2.5134,     1.6386,     0.0122
     1.723,    0.0000,    0.0000,    0.0000,    0.0000,    2.6367,    2.3970,    2.6367,    0.0000,    2.5140,     1.6366,     0.0123
     1.724,    0.0000,    0.0000,    0.0000,    0.0000,    2.6373,    2.3976,    2.6373,    0.0000,    2.5146,     1.6347,     0.0124
     1.725,    0.0000,    0.0000,    0.0000,    0.0000,    2.6383,    2.3984,    2.6383,    0.0000,    2.5155,     1.6330,     0.0125
     1.726,    0.0000,    0.0000,    0.0000,    0.0000,    2.6392,    2.3992,    2.6392,    0.0000,    2.5163,     1.6313,     0.0126
     1.727,    0.0000,    0.0000,    0.0000,    0.0000,    2.6395,    2.3996,    2.6395,    0.0000,    2.5167,     1.6292,     0.0127
     1.728,    0.0000,    0.0000,    0.0000,    0.0000,    2.6398,    2.3998,    2.6398,    0.0000,    2.5169,     1.6271,     0.0128
     1.729,    0.0000,    0.0000,    0.0000,    0.0000,    2.6403,    2.4002,    2.6403,    0.0000,    2.5174,     1.6251,     0.0129
     1.730,    0.0000,    0.0000,    0.0000,    0.0000,    2.6410,    2.4009,    2.6410,    0.0000,    2.5181,     1.6233,     0.0131
     1.731,    0.0000,    0.0000,    0.0000,    0.0000,    2.6419,    2.4017,    2.6419,    0.0000,    2.5189,     1.6216,     0.0132
     1.732,    0.0000,    0.0000,    0.0000,    0.0000,    2.6428,    2.4025,    2.6428,    0.0000,    2.5198,     1.6198,     0.0133
     1.733,    0.0000,    0.0000,    0.0000,    0.0000,    2.6435,    2.4032,    2.6435,    0.0000,    2.5205,     1.6180,     0.0134
     1.734,    0.0000,    0.0000,    0.0000,    0.0000,    2.6442,    2.4038,    2.6442,    0.0000,    2.5211,     1.6161,     0.0135
     1.735,    0.0000,    0.0000,    0.0000,    0.0000,    2.6450,    2.4046,    2.6450,    0.0000,    2.5219,     1.6143,     0.0137
     1.736,    0.0000,    0.0000,    0.0000,    0.0000,    2.6457,    2.4052,    2.6457,    0.0000,    2.5226,     1.6125,     0.0138
     1.737,    0.0000,    0.0000,    0.0000,    0.0000,    2.6461,    2.4056,    2.6461,    0.0000,    2.5230,     1.6105,     0.0139
     1.738,    0.0000,    0.0000,    0.0000,    0.0000,    2.6461,    2.4056,    2.6461,    0.0000,    2.5230,     1.6082,     0.0140
     1.739,    0.0000,    0.0000,    0.0000,    0.0000,    2.6459,    2.4054,    2.6459,    0.0000,    2.5228,     1.6058,     0.0141
     1.740,    0.0000,    0.0000,    0.0000,    0.0000,    2.6461,    2.4055,    2.6461,    0.0000,    2.5229,     1.6036,     0.0142
     1.741,    0.0000,    0.0000,    0.0000,    0.0000,    2.6472,    2.4066,    2.6472,    0.0000,    2.5240,     1.6020,     0.0144
     1.742,    0.0000,    0.0000,    0.0000,    0.0000,    2.6485,    2.4077,    2.6485,    0.0000,    2.5253,     1.6005,     0.0145
     1.743,    0.0000,    0.0000,    0.0000,    0.0000,    2.6492,    2.4083,    2.6492,    0.0000,    2.5259,     1.5986,     0.0146
     1.744,    0.0000,    0.0000,    0.0000,    0.0000,    2.6495,    2.4087,    2.6495,    0.0000,    2.5262,     1.5966,     0.0148
     1.745,    0.0000,    0.0000,    0.0000,    0.0000,    2.6502,    2.4093,    2.6502,    0.0000,    2.5269,     1.5947,     0.0149
     1.746,    0.0000,    0.0000,    0.0000,    0.0000,    2.6508,    2.4098,    2.6508,    0.0000,    2.5274,     1.5928,     0.0150
     1.747,    0.0000,    0.0000,    0.0000,    0.0000,    2.6508,    2.4098,    2.6508,    0.0000,    2.5274,     1.5905,     0.0151
     1.748,    0.0000,    0.0000,    0.0000,    0.0000,    2.6507,    2.4097,    2.6507,    0.0000,    2.5273,     1.5882,     0.0153
     1.749,    0.0000,    0.0000,    0.0000,    0.0000,    2.6509,    2.4099,    2.6509,    0.0000,    2.5275,     1.5860,     0.0154
     1.750,    0.0000,    0.0000,    0.0000,    0.0000,    2.6511,    2.4101,    2.6511,    0.0000,    2.5277,     1.5839,     0.0155
     1.751,    0.0000,    0.0000,    0.0000,    0.0000,    2.6512,    2.4102,    2.6512,    0.0000,    2.5278,     1.5817,     0.0156
     1.752,    0.0000,    0.0000,    0.0000,    0.0000,    2.6517,    2.4106,    2.6517,    0.0000,    2.5283,     1.5797,     0.0158
     1.753,    0.0000,    0.0000,    0.0000,    0.0000,    2.6528,    2.4116,    2.6528,    0.0000,    2.5293,     1.5781,     0.0159
     1.754,    0.0000,    0.0000,    0.0000,    0.0000,    2.6538,    2.4125,    2.6538,    0.0000,    2.5303,     1.5764,     0.0160
     1.755,    0.0000,    0.0000,    0.0000,    0.0000,    2.6541,    2.4128,    2.6541,    0.0000,    2.5305,     1.5744,     0.0162
     1.756,    0.0000,    0.0000,    0.0000,    0.0000,    2.6539,    2.4127,    2.6539,    0.0000,    2.5304,     1.5720,     0.0163
     1.757,    0.0000,    0.0000,    0.0000,    0.0000,    2.6539,    2.4126,    2.6539,    0.0000,    2.5304,     1.5697,     0.0164
     1.758,    0.0000,    0.0000,    0.0000,    0.0000,    2.6540,    2.4127,    2.6540,    0.0000,    2.5305,     1.5675,     0.0166
     1.759,    0.0000,    0.0000,    0.0000,    0.0000,    2.6543,    2.4130,    2.6543,    0.0000,    2.5308,     1.5654,     0.0167
     1.760,    0.0000,    0.0000,    0.0000,    0.0000,    2.6547,    2.4134,    2.6547,    0.0000,    2.5312,     1.5635,     0.0168
     1.761,    0.0000,    0.0000,    0.0000,    0.0000,    2.6553,    2.4139,    2.6553,    0.0000,    2.5317,     1.5615,     0.0170
     1.762,    0.0000,    0.0000,    0.0000,    0.0000,    2.6556,    2.4142,    2.6556,    0.0000,    2.5320,     1.5595,     0.0171
     1.763,    0.0000,    0.0000,    0.0000,    0.0000,    2.6555,    2.4141,    2.6555,    0.0000,    2.5319,     1.5571,     0.0172
     1.764,    0.0000,    0.0000,    0.0000,    0.0000,    2.6553,    2.4139,    2.6553,    0.0000,    2.5317,     1.5548,     0.0174
     1.765,    0.0000,    0.0000,    0.0000,    0.0000,    2.6557,    2.4143,    2.6557,    0.0000,    2.5321,     1.5528,     0.0175
     1.766,    0.0000,    0.0000,    0.0000,    0.0000,    2.6563,    2.4148,    2.6563,    0.0000,    2.5327,     1.5509,     0.0177
     1.767,    0.0000,    0.0000,    0.0000,    0.0000,    2.6565,    2.4150,    2.6565,    0.0000,    2.5329,     1.5487,     0.0178
     1.768,    0.0000,    0.0000,    0.0000,    0.0000,    2.6564,    2.4149,    2.6564,    0.0000,    2.5328,     1.5464,     0.0179
     1.769,    0.0000,    0.0000,    0.0000,    0.0000,    2.6560,    2.4147,    2.6562,    0.0000,    2.5326,     1.5441,     0.0181
     1.770,    0.0000,    0.0000,    0.0000,    0.0000,    2.6556,    2.4145,    2.6560,    0.0000,    2.5324,     1.5417,     0.0182
     1.771,    0.0000,    0.0000,    0.0000,    0.0000,    2.6548,    2.4145,    2.6559,    0.0000,    2.5323,     1.5394,     0.0183
     1.772,    0.0000,    0.0000,    0.0000,    0.0000,    2.6533,    2.4145,    2.6560,    0.0000,    2.5323,     1.5372,     0.0185
     1.773,    0.0000,    0.0000,    0.0000,    0.0000,    2.6499,    2.4145,    2.6560,    0.0000,    2.5324,     1.5350,     0.0186
     1.774,    0.0000,    0.0000,    0.0000,    0.0000,    2.6432,    2.4147,    2.6562,    0.0000,    2.5326,     1.5329,     0.0188
     1.775,    0.0000,    0.0000,    0.0000,    0.0000,    2.6304,    2.4152,    2.6567,    0.0000,    2.5331,     1.5309,     0.0189
     1.776,    0.0000,    0.0000,    0.0000,    0.0000,    2.6072,    2.4157,    2.6572,    0.0000,    2.5335,     1.5290,     0.0191
     1.777,    0.0000,    0.0000,    0.0000,    0.0000,    2.5672,    2.4158,    2.6573,    0.0000,    2.5337,     1.5268,     0.0192
     1.778,    0.0000,    0.0000,    0.0000,    0.0000,    2.5040,    2.4159,    2.6574,    0.0000,    2.5338,     1.5247,     0.0194
     1.779,    0.0000,    0.0000,    0.0000,    0.0000,    2.4103,    2.4163,    2.6579,    0.0000,    2.5342,     1.5227,     0.0195
     1.780,    0.0000,    0.0000,    0.0000,    0.0000,    2.2797,    2.4167,    2.6584,    0.0000,    2.5346,     1.5207,     0.0197
     1.781,    0.0000,    0.0000,    0.0000,    0.0000,    2.1084,    2.4168,    2.6584,    0.0000,    2.5347,     1.5186,     0.0198
     1.782,    0.0000,    0.0000,    0.0000,    0.0000,    1.8977,    2.4164,    2.6581,    0.0000,    2.5344,     1.5161,     0.0200
     1.783,    0.0000,    0.0000,    0.0000,    0.0000,    1.6550,    2.4159,    2.6575,    0.0000,    2.5338,     1.5136,     0.0201
     1.784,    0.0000,    0.0000,    0.0000,    0.0000,    1.3926,    2.4155,    2.6570,    0.0000,    2.5334,     1.5111,     0.0202
     1.785,    0.0000,    0.0000,    0.0000,    0.0000,    1.1266,    2.4155,    2.6571,    0.0000,    2.5334,     1.5089,     0.0204
     1.786,    0.0000,    0.0000,    0.0000,    0.0000,    0.8731,    2.4159,    2.6575,    0.0000,    2.5338,     1.5069,     0.0205
     1.787,    0.0000,    0.0000,    0.0000,    0.0000,    0.6464,    2.4165,    2.6582,    0.0000,    2.5345,     1.5051,     0.0207
     1.788,    0.0000,    0.0000,    0.0000,    0.0000,    0.4560,    2.4172,    2.6590,    0.0000,    2.5352,     1.5033,     0.0209
     1.789,    0.0000,    0.0000,    0.0000,    0.0000,    0.3057,    2.4178,    2.6596,    0.0000,    2.5358,     1.5015,     0.0210
     1.790,    0.0000,    0.0000,    0.0000,    0.0000,    0.1946,    2.4182,    2.6600,    0.0000,    2.5362,     1.4995,     0.0212
     1.791,    0.0000,    0.0000,    0.0000,    0.0000,    0.1173,    2.4183,    2.6602,    0.0000,    2.5363,     1.4974,     0.0213
     1.792,    0.0000,    0.0000,    0.0000,    0.0000,    0.0669,    2.4182,    2.6600,    0.0000,    2.5362,     1.4951,     0.0215
     1.793,    0.0000,    0.0000,    0.0000,    0.0000,    0.0361,    2.4179,    2.6597,    0.0000,    2.5359,     1.4927,     0.0216
     1.794,    0.0000,    0.0000,    0.0000,    0.0000,    0.0184,    2.4181,    2.6599,    0.0000,    2.5360,     1.4906,     0.0218
     1.795,    0.0000,    0.0000,    0.0000,    0.0000,    0.0088,    2.4188,    2.6607,    0.0000,    2.5368,     1.4889,     0.0220
     1.796,    0.0000,    0.0000,    0.0000,    0.0000,    0.0040,    2.4195,    2.6614,    0.0000,    2.5373,     1.4871,     0.0221
     1.797,    0.0000,    0.0000,    0.0000,    0.0000,    0.0017,    2.4193,    2.6613,    0.0000,    2.5370,     1.4848,     0.0223
     1.798,    0.0000,    0.0000,    0.0000,    0.0000,    0.0007,    2.4190,    2.6609,    0.0000,    2.5363,     1.4824,     0.0224
     1.799,    0.0000,    0.0000,    0.0000,    0.0000,    0.0003,    2.4192,    2.6611,    0.0000,    2.5360,     1.4803,     0.0226
     1.800,    0.0000,    0.0000,    0.0000,    0.0000,    0.0001,    2.4199,    2.6619,    0.0000,    2.5358,     1.4786,     0.0228
     1.801,    0.0000,    0.0000,    0.0000,    0.0000,    0.0000,    2.4210,    2.6631,    0.0000,    2.5354,     1.4770,     0.0229
     1.802,    0.0000,    0.0000,    0.0000,    0.0000,    0.0000,    2.4217,    2.6639,    0.0000,    2.5337,     1.4753,     0.0231
     1.803,    0.0000,    0.0000,    0.0000,    0.0000,    0.0000,    2.4218,    2.6640,    0.0000,    2.5301,     1.4731,     0.0233
     1.804,    0.0000,    0.0000,    0.0000,    0.0000,    0.0000,    2.4217,    2.6639,    0.0000,    2.5243,     1.4709,     0.0234
     1.805,    0.0000,    0.0000,    0.0000,    0.0000,    0.0000,    2.4219,    2.6641,    0.0000,    2.5160,     1.4688,     0.0236
     1.806,    0.0000,    0.0000,    0.0000,    0.0000,    0.0000,    2.4223,    2.6645,    0.0000,    2.5043,     1.4669,     0.0238
     1.807,    0.0000,    0.0000,    0.0000,    0.0000,    0.0000,    2.4230,    2.6653,    0.0000,    2.4879,     1.4651,     0.0239
     1.808,    0.0000,    0.0000,    0.0000,    0.0000,    0.0000,    2.4238,    2.6662,    0.0000,    2.4652,     1.4634,     0.0241
     1.809,    0.0000,    0.0000,    0.0000,    0.0000,    0.0000,    2.4246,    2.6670,    0.0000,    2.4345,     1.4617,     0.0243
     1.810,    0.0000,    0.0000,    0.0000,    0.0000,    0.0000,    2.4251,    2.6676,    0.0000,    2.3938,     1.4598,     0.0245
     1.811,    0.0000,    0.0000,    0.0000,    0.0000,    0.0000,    2.4253,    2.6678,    0.0000,    2.3413,     1.4578,     0.0246
     1.812,    0.0000,    0.0000,    0.0000,    0.0000,    0.0000,    2.4256,    2.6682,    0.0000,    2.2759,     1.4558,     0.0248
     1.813,    0.0000,    0.0000,    0.0000,    0.0000,    0.0000,    2.4265,    2.6691,    0.0000,    2.1969,     1.4541,     0.0250
     1.814,    0.0000,    0.0000,    0.0000,    0.0000,    0.0000,    2.4275,    2.6702,    0.0000,    2.1031,     1.4526,     0.0252
     1.815,    0.0000,    0.0000,    0.0000,    0.0000,    0.0000,    2.4282,    2.6711,    0.0000,    1.9940,     1.4508,     0.0254
     1.816,    0.0000,    0.0000,    0.0000,    0.0000,    0.0000,    2.4288,    2.6717,    0.0000,    1.8704,     1.4490,     0.0255
     1.817,    0.0000,    0.0000,    0.0000,    0.0000,    0.0000,    2.4293,    2.6722,    0.0000,    1.7340,     1.4471,     0.0257
     1.818,    0.0000,    0.0000,    0.0000,    0.0000,    0.0000,    2.4293,    2.6722,    0.0000,    1.5868,     1.4450,     0.0259
     1.819,    0.0000,    0.0000,    0.0000,    0.0000,    0.0000,    2.4285,    2.6714,    0.0000,    1.4318,     1.4423,     0.0261
     1.820,    0.0000,    0.0000,    0.0000,    0.0000,    0.0000,    2.4279,    2.6707,    0.0000,    1.2732,     1.4398,     0.0262
     1.821,    0.0000,    0.0000,    0.0000,    0.0000,    0.0000,    2.4285,    2.6713,    0.0000,    1.1152,     1.4380,     0.0264
     1.822,    0.0000,    0.0000,    0.0000,    0.0000,    0.0000,    2.4297,    2.6727,    0.0000,    0.9612,     1.4365,     0.0266
     1.823,    0.0000,    0.0000,    0.0000,    0.0000,    0.0000,    2.4310,    2.6741,    0.0000,    0.8144,     1.4351,     0.0268
     1.824,    0.0000,    0.0000,    0.0000,    0.0000,    0.0000,    2.4323,    2.6755,    0.0000,    0.6779,     1.4338,     0.0270
     1.825,    0.0000,    0.0000,    0.0000,    0.0000,    0.0000,    2.4338,    2.6772,    0.0000,    0.5540,     1.4325,     0.0272
     1.826,    0.0000,    0.0000,    0.0000,    0.0000,    0.0000,    2.4353,    2.6788,    0.0000,    0.4443,     1.4312,     0.0274
     1.827,    0.0000,    0.0000,    0.0000,    0.0000,    0.0000,    2.4364,    2.6801,    0.0000,    0.3494,     1.4297,     0.0276
     1.828,    0.0000,    0.0000,    0.0000,    0.0000,    0.0000,    2.4369,    2.6806,    0.0000,    0.2693,     1.4279,     0.0278
     1.829,    0.0000,    0.0000,    0.0000,    0.0000,    0.0000,    2.4368,    2.6805,    0.0000,    0.2034,     1.4257,     0.0279
     1.830,    0.0000,    0.0000,    0.0000,    0.0000,    0.0000,    2.4368,    2.6805,    0.0000,    0.1504,     1.4235,     0.0281
     1.831,    0.0000,    0.0000,    0.0000,    0.0000,    0.0000,    2.4375,    2.6813,    0.0000,    0.1090,     1.4218,     0.0283
