romanisim/data/roman-technical-information/data/WideFieldInstrument/Imaging/EffectiveAreas/Roman_effarea_v8_SCA17_20240301.ecsv
# %ECSV 1.0
# ---
# Effective area for Roman (m^2) - parameters as of 2024 03 01
# datatype:
# - {name: Wave, datatype: float32}
# - {name: F062, datatype: float32}
# - {name: F087, datatype: float32}
# - {name: F106, datatype: float32}
# - {name: F129, datatype: float32}
# - {name: F158, datatype: float32}
# - {name: F184, datatype: float32}
# - {name: F146, datatype: float32}
# - {name: F213, datatype: float32}
# - {name: Prism, datatype: float32}
# - {name: Grism_1stOrder, datatype: float32}
# - {name: Grism_0thOrder, datatype: float32}
# schema: astropy-2.0
Wave, F062, F087, F106, F129, F158, F184, F146, F213, Prism, Grism_1stOrder, Grism_0thOrder
[from data line 1195]
     1.595,    0.0000,    0.0000,    0.0000,    0.0000,    2.6541,    0.0000,    2.6541,    0.0000,    2.5417,     1.8314,     0.0028
     1.596,    0.0000,    0.0000,    0.0000,    0.0000,    2.6542,    0.0000,    2.6542,    0.0000,    2.5418,     1.8293,     0.0028
     1.597,    0.0000,    0.0000,    0.0000,    0.0000,    2.6544,    0.0000,    2.6544,    0.0000,    2.5419,     1.8272,     0.0029
     1.598,    0.0000,    0.0000,    0.0000,    0.0000,    2.6549,    0.0000,    2.6549,    0.0000,    2.5425,     1.8255,     0.0029
     1.599,    0.0000,    0.0000,    0.0000,    0.0000,    2.6560,    0.0000,    2.6560,    0.0000,    2.5435,     1.8241,     0.0030
     1.600,    0.0000,    0.0000,    0.0000,    0.0000,    2.6569,    0.0000,    2.6569,    0.0000,    2.5444,     1.8226,     0.0030
     1.601,    0.0000,    0.0000,    0.0000,    0.0000,    2.6574,    0.0000,    2.6574,    0.0000,    2.5448,     1.8208,     0.0030
     1.602,    0.0000,    0.0000,    0.0000,    0.0000,    2.6577,    0.0000,    2.6577,    0.0000,    2.5451,     1.8188,     0.0031
     1.603,    0.0000,    0.0000,    0.0000,    0.0000,    2.6581,    0.0000,    2.6581,    0.0000,    2.5455,     1.8169,     0.0031
     1.604,    0.0000,    0.0000,    0.0000,    0.0000,    2.6587,    0.0000,    2.6587,    0.0000,    2.5461,     1.8152,     0.0032
     1.605,    0.0000,    0.0000,    0.0000,    0.0000,    2.6595,    0.0000,    2.6595,    0.0000,    2.5468,     1.8135,     0.0032
     1.606,    0.0000,    0.0000,    0.0000,    0.0000,    2.6603,    0.0000,    2.6603,    0.0000,    2.5476,     1.8120,     0.0033
     1.607,    0.0000,    0.0000,    0.0000,    0.0000,    2.6612,    0.0000,    2.6612,    0.0000,    2.5485,     1.8104,     0.0033
     1.608,    0.0000,    0.0000,    0.0000,    0.0000,    2.6620,    0.0000,    2.6620,    0.0000,    2.5492,     1.8088,     0.0034
     1.609,    0.0000,    0.0000,    0.0000,    0.0000,    2.6625,    0.0000,    2.6625,    0.0000,    2.5497,     1.8070,     0.0034
     1.610,    0.0000,    0.0000,    0.0000,    0.0000,    2.6631,    0.0000,    2.6631,    0.0000,    2.5503,     1.8052,     0.0034
     1.611,    0.0000,    0.0000,    0.0000,    0.0000,    2.6641,    0.0000,    2.6641,    0.0000,    2.5513,     1.8037,     0.0035
     1.612,    0.0000,    0.0000,    0.0000,    0.0000,    2.6650,    0.0000,    2.6650,    0.0000,    2.5522,     1.8022,     0.0035
     1.613,    0.0000,    0.0000,    0.0000,    0.0000,    2.6654,    0.0000,    2.6654,    0.0000,    2.5525,     1.8003,     0.0036
     1.614,    0.0000,    0.0000,    0.0000,    0.0000,    2.6658,    0.0000,    2.6658,    0.0000,    2.5529,     1.7984,     0.0036
     1.615,    0.0000,    0.0000,    0.0000,    0.0000,    2.6667,    0.0000,    2.6667,    0.0000,    2.5538,     1.7968,     0.0037
     1.616,    0.0000,    0.0000,    0.0000,    0.0000,    2.6680,    0.0000,    2.6680,    0.0000,    2.5550,     1.7955,     0.0037
     1.617,    0.0000,    0.0000,    0.0000,    0.0000,    2.6692,    0.0000,    2.6692,    0.0000,    2.5561,     1.7941,     0.0038
     1.618,    0.0000,    0.0000,    0.0000,    0.0000,    2.6702,    0.0000,    2.6702,    0.0000,    2.5571,     1.7926,     0.0038
     1.619,    0.0000,    0.0000,    0.0000,    0.0000,    2.6709,    0.0000,    2.6709,    0.0000,    2.5578,     1.7909,     0.0039
     1.620,    0.0000,    0.0000,    0.0000,    0.0000,    2.6716,    0.0000,    2.6716,    0.0000,    2.5584,     1.7892,     0.0039
     1.621,    0.0000,    0.0000,    0.0000,    0.0000,    2.6722,    0.0000,    2.6722,    0.0000,    2.5590,     1.7874,     0.0040
     1.622,    0.0000,    0.0000,    0.0000,    0.0000,    2.6730,    0.0000,    2.6730,    0.0000,    2.5598,     1.7858,     0.0040
     1.623,    0.0000,    0.0000,    0.0000,    0.0000,    2.6739,    0.0000,    2.6739,    0.0000,    2.5606,     1.7842,     0.0041
     1.624,    0.0000,    0.0000,    0.0000,    0.0000,    2.6747,    0.0000,    2.6747,    0.0000,    2.5614,     1.7825,     0.0041
     1.625,    0.0000,    0.0000,    0.0000,    0.0000,    2.6752,    0.0000,    2.6752,    0.0000,    2.5619,     1.7806,     0.0042
     1.626,    0.0000,    0.0000,    0.0000,    0.0000,    2.6758,    0.0000,    2.6758,    0.0000,    2.5625,     1.7789,     0.0043
     1.627,    0.0000,    0.0000,    0.0000,    0.0000,    2.6770,    0.0000,    2.6770,    0.0000,    2.5636,     1.7775,     0.0043
     1.628,    0.0000,    0.0000,    0.0000,    0.0000,    2.6781,    0.0000,    2.6781,    0.0000,    2.5647,     1.7760,     0.0044
     1.629,    0.0000,    0.0000,    0.0000,    0.0000,    2.6785,    0.0000,    2.6785,    0.0000,    2.5651,     1.7741,     0.0044
     1.630,    0.0000,    0.0000,    0.0000,    0.0000,    2.6788,    0.0000,    2.6788,    0.0000,    2.5654,     1.7721,     0.0045
     1.631,    0.0000,    0.0000,    0.0000,    0.0000,    2.6797,    0.0000,    2.6797,    0.0000,    2.5662,     1.7705,     0.0045
     1.632,    0.0000,    0.0000,    0.0000,    0.0000,    2.6809,    0.0000,    2.6809,    0.0000,    2.5674,     1.7691,     0.0046
     1.633,    0.0000,    0.0000,    0.0000,    0.0000,    2.6821,    0.0000,    2.6821,    0.0000,    2.5685,     1.7676,     0.0046
     1.634,    0.0000,    0.0000,    0.0000,    0.0000,    2.6830,    0.0000,    2.6830,    0.0000,    2.5694,     1.7660,     0.0047
     1.635,    0.0000,    0.0000,    0.0000,    0.0000,    2.6838,    0.0000,    2.6838,    0.0000,    2.5701,     1.7643,     0.0048
     1.636,    0.0000,    0.0000,    0.0000,    0.0000,    2.6845,    0.0000,    2.6845,    0.0000,    2.5708,     1.7626,     0.0048
     1.637,    0.0000,    0.0000,    0.0000,    0.0000,    2.6854,    0.0000,    2.6854,    0.0000,    2.5717,     1.7610,     0.0049
     1.638,    0.0000,    0.0000,    0.0000,    0.0000,    2.6864,    0.0000,    2.6864,    0.0000,    2.5726,     1.7594,     0.0049
     1.639,    0.0000,    0.0000,    0.0000,    0.0000,    2.6873,    0.0000,    2.6873,    0.0000,    2.5735,     1.7578,     0.0050
     1.640,    0.0000,    0.0000,    0.0000,    0.0000,    2.6880,    0.0000,    2.6880,    0.0000,    2.5741,     1.7560,     0.0051
     1.641,    0.0000,    0.0000,    0.0000,    0.0000,    2.6884,    0.0000,    2.6884,    0.0000,    2.5745,     1.7541,     0.0051
     1.642,    0.0000,    0.0000,    0.0000,    0.0000,    2.6890,    0.0000,    2.6890,    0.0000,    2.5751,     1.7522,     0.0052
     1.643,    0.0000,    0.0000,    0.0000,    0.0000,    2.6902,    0.0000,    2.6902,    0.0000,    2.5762,     1.7508,     0.0052
     1.644,    0.0000,    0.0000,    0.0000,    0.0000,    2.6913,    0.0000,    2.6913,    0.0000,    2.5773,     1.7493,     0.0053
     1.645,    0.0000,    0.0000,    0.0000,    0.0000,    2.6918,    0.0000,    2.6918,    0.0000,    2.5778,     1.7474,     0.0054
     1.646,    0.0000,    0.0000,    0.0000,    0.0000,    2.6920,    0.0000,    2.6920,    0.0000,    2.5779,     1.7453,     0.0054
     1.647,    0.0000,    0.0000,    0.0000,    0.0000,    2.6924,    0.0000,    2.6924,    0.0000,    2.5784,     1.7433,     0.0055
     1.648,    0.0000,    0.0000,    0.0000,    0.0000,    2.6930,    0.0000,    2.6930,    0.0000,    2.5789,     1.7415,     0.0056
     1.649,    0.0000,    0.0000,    0.0000,    0.0000,    2.6934,    0.0000,    2.6934,    0.0000,    2.5793,     1.7395,     0.0056
     1.650,    0.0000,    0.0000,    0.0000,    0.0000,    2.6942,    0.0000,    2.6942,    0.0000,    2.5800,     1.7378,     0.0057
     1.651,    0.0000,    0.0000,    0.0000,    0.0000,    2.6955,    0.0000,    2.6955,    0.0000,    2.5813,     1.7364,     0.0058
     1.652,    0.0000,    0.0000,    0.0000,    0.0000,    2.6964,    0.0000,    2.6964,    0.0000,    2.5822,     1.7348,     0.0058
     1.653,    0.0000,    0.0000,    0.0000,    0.0000,    2.6961,    0.0000,    2.6961,    0.0000,    2.5819,     1.7324,     0.0059
     1.654,    0.0000,    0.0000,    0.0000,    0.0000,    2.6958,    0.0000,    2.6958,    0.0000,    2.5816,     1.7300,     0.0060
     1.655,    0.0000,    0.0000,    0.0000,    0.0000,    2.6967,    0.0000,    2.6967,    0.0000,    2.5825,     1.7283,     0.0060
     1.656,    0.0000,    0.0000,    0.0000,    0.0000,    2.6981,    0.0000,    2.6981,    0.0000,    2.5838,     1.7269,     0.0061
     1.657,    0.0000,    0.0000,    0.0000,    0.0000,    2.6988,    0.0000,    2.6988,    0.0000,    2.5845,     1.7252,     0.0062
     1.658,    0.0000,    0.0000,    0.0000,    0.0000,    2.6992,    0.0000,    2.6992,    0.0000,    2.5848,     1.7232,     0.0062
     1.659,    0.0000,    0.0000,    0.0000,    0.0000,    2.6996,    0.0000,    2.6996,    0.0000,    2.5852,     1.7212,     0.0063
     1.660,    0.0000,    0.0000,    0.0000,    0.0000,    2.7004,    0.0001,    2.7004,    0.0000,    2.5860,     1.7195,     0.0064
     1.661,    0.0000,    0.0000,    0.0000,    0.0000,    2.7016,    0.0002,    2.7016,    0.0000,    2.5872,     1.7180,     0.0064
     1.662,    0.0000,    0.0000,    0.0000,    0.0000,    2.7024,    0.0005,    2.7024,    0.0000,    2.5879,     1.7163,     0.0065
     1.663,    0.0000,    0.0000,    0.0000,    0.0000,    2.7019,    0.0012,    2.7019,    0.0000,    2.5874,     1.7137,     0.0066
     1.664,    0.0000,    0.0000,    0.0000,    0.0000,    2.7014,    0.0029,    2.7014,    0.0000,    2.5870,     1.7112,     0.0067
     1.665,    0.0000,    0.0000,    0.0000,    0.0000,    2.7022,    0.0064,    2.7022,    0.0000,    2.5877,     1.7095,     0.0067
     1.666,    0.0000,    0.0000,    0.0000,    0.0000,    2.7035,    0.0134,    2.7035,    0.0000,    2.5890,     1.7080,     0.0068
     1.667,    0.0000,    0.0000,    0.0000,    0.0000,    2.7044,    0.0265,    2.7044,    0.0000,    2.5898,     1.7064,     0.0069
     1.668,    0.0000,    0.0000,    0.0000,    0.0000,    2.7046,    0.0495,    2.7046,    0.0000,    2.5900,     1.7043,     0.0070
     1.669,    0.0000,    0.0000,    0.0000,    0.0000,    2.7042,    0.0876,    2.7042,    0.0000,    2.5897,     1.7018,     0.0070
     1.670,    0.0000,    0.0000,    0.0000,    0.0000,    2.7040,    0.1467,    2.7040,    0.0000,    2.5895,     1.6994,     0.0071
     1.671,    0.0000,    0.0000,    0.0000,    0.0000,    2.7046,    0.2333,    2.7046,    0.0000,    2.5900,     1.6975,     0.0072
     1.672,    0.0000,    0.0000,    0.0000,    0.0000,    2.7052,    0.3526,    2.7052,    0.0000,    2.5906,     1.6957,     0.0073
     1.673,    0.0000,    0.0000,    0.0000,    0.0000,    2.7053,    0.5070,    2.7053,    0.0000,    2.5907,     1.6935,     0.0073
     1.674,    0.0000,    0.0000,    0.0000,    0.0000,    2.7053,    0.6950,    2.7053,    0.0000,    2.5907,     1.6913,     0.0074
     1.675,    0.0000,    0.0000,    0.0000,    0.0000,    2.7061,    0.9108,    2.7061,    0.0000,    2.5914,     1.6895,     0.0075
     1.676,    0.0000,    0.0000,    0.0000,    0.0000,    2.7069,    1.1435,    2.7069,    0.0000,    2.5923,     1.6878,     0.0076
     1.677,    0.0000,    0.0000,    0.0000,    0.0000,    2.7074,    1.3795,    2.7074,    0.0000,    2.5927,     1.6858,     0.0077
     1.678,    0.0000,    0.0000,    0.0000,    0.0000,    2.7077,    1.6047,    2.7077,    0.0000,    2.5930,     1.6838,     0.0077
     1.679,    0.0000,    0.0000,    0.0000,    0.0000,    2.7085,    1.8071,    2.7085,    0.0000,    2.5938,     1.6821,     0.0078
     1.680,    0.0000,    0.0000,    0.0000,    0.0000,    2.7094,    1.9783,    2.7094,    0.0000,    2.5946,     1.6804,     0.0079
     1.681,    0.0000,    0.0000,    0.0000,    0.0000,    2.7099,    2.1142,    2.7099,    0.0000,    2.5951,     1.6785,     0.0080
     1.682,    0.0000,    0.0000,    0.0000,    0.0000,    2.7103,    2.2158,    2.7103,    0.0000,    2.5955,     1.6765,     0.0081
     1.683,    0.0000,    0.0000,    0.0000,    0.0000,    2.7109,    2.2874,    2.7109,    0.0000,    2.5961,     1.6746,     0.0081
     1.684,    0.0000,    0.0000,    0.0000,    0.0000,    2.7114,    2.3349,    2.7114,    0.0000,    2.5965,     1.6726,     0.0082
     1.685,    0.0000,    0.0000,    0.0000,    0.0000,    2.7116,    2.3644,    2.7116,    0.0000,    2.5967,     1.6705,     0.0083
     1.686,    0.0000,    0.0000,    0.0000,    0.0000,    2.7118,    2.3818,    2.7118,    0.0000,    2.5970,     1.6684,     0.0084
     1.687,    0.0000,    0.0000,    0.0000,    0.0000,    2.7123,    2.3916,    2.7123,    0.0000,    2.5974,     1.6665,     0.0085
     1.688,    0.0000,    0.0000,    0.0000,    0.0000,    2.7129,    2.3970,    2.7129,    0.0000,    2.5980,     1.6646,     0.0086
     1.689,    0.0000,    0.0000,    0.0000,    0.0000,    2.7135,    2.3999,    2.7135,    0.0000,    2.5985,     1.6627,     0.0087
     1.690,    0.0000,    0.0000,    0.0000,    0.0000,    2.7139,    2.4014,    2.7139,    0.0000,    2.5989,     1.6607,     0.0087
     1.691,    0.0000,    0.0000,    0.0000,    0.0000,    2.7143,    2.4022,    2.7143,    0.0000,    2.5993,     1.6587,     0.0088
     1.692,    0.0000,    0.0000,    0.0000,    0.0000,    2.7149,    2.4029,    2.7149,    0.0000,    2.5999,     1.6569,     0.0089
     1.693,    0.0000,    0.0000,    0.0000,    0.0000,    2.7161,    2.4040,    2.7161,    0.0000,    2.6010,     1.6554,     0.0090
     1.694,    0.0000,    0.0000,    0.0000,    0.0000,    2.7170,    2.4049,    2.7170,    0.0000,    2.6019,     1.6537,     0.0091
     1.695,    0.0000,    0.0000,    0.0000,    0.0000,    2.7171,    2.4050,    2.7171,    0.0000,    2.6020,     1.6515,     0.0092
     1.696,    0.0000,    0.0000,    0.0000,    0.0000,    2.7175,    2.4053,    2.7175,    0.0000,    2.6023,     1.6495,     0.0093
     1.697,    0.0000,    0.0000,    0.0000,    0.0000,    2.7188,    2.4065,    2.7188,    0.0000,    2.6037,     1.6481,     0.0094
     1.698,    0.0000,    0.0000,    0.0000,    0.0000,    2.7201,    2.4076,    2.7201,    0.0000,    2.6048,     1.6466,     0.0095
     1.699,    0.0000,    0.0000,    0.0000,    0.0000,    2.7200,    2.4075,    2.7200,    0.0000,    2.6047,     1.6443,     0.0096
     1.700,    0.0000,    0.0000,    0.0000,    0.0000,    2.7198,    2.4074,    2.7198,    0.0000,    2.6046,     1.6420,     0.0096
     1.701,    0.0000,    0.0000,    0.0000,    0.0000,    2.7211,    2.4085,    2.7211,    0.0000,    2.6058,     1.6405,     0.0097
     1.702,    0.0000,    0.0000,    0.0000,    0.0000,    2.7229,    2.4101,    2.7229,    0.0000,    2.6075,     1.6393,     0.0098
     1.703,    0.0000,    0.0000,    0.0000,    0.0000,    2.7241,    2.4112,    2.7241,    0.0000,    2.6088,     1.6378,     0.0099
     1.704,    0.0000,    0.0000,    0.0000,    0.0000,    2.7247,    2.4117,    2.7247,    0.0000,    2.6093,     1.6359,     0.0100
     1.705,    0.0000,    0.0000,    0.0000,    0.0000,    2.7248,    2.4118,    2.7248,    0.0000,    2.6094,     1.6338,     0.0101
     1.706,    0.0000,    0.0000,    0.0000,    0.0000,    2.7252,    2.4121,    2.7252,    0.0000,    2.6097,     1.6317,     0.0102
     1.707,    0.0000,    0.0000,    0.0000,    0.0000,    2.7262,    2.4130,    2.7262,    0.0000,    2.6107,     1.6301,     0.0103
     1.708,    0.0000,    0.0000,    0.0000,    0.0000,    2.7274,    2.4141,    2.7274,    0.0000,    2.6119,     1.6286,     0.0104
     1.709,    0.0000,    0.0000,    0.0000,    0.0000,    2.7282,    2.4148,    2.7282,    0.0000,    2.6126,     1.6268,     0.0105
     1.710,    0.0000,    0.0000,    0.0000,    0.0000,    2.7288,    2.4153,    2.7288,    0.0000,    2.6132,     1.6249,     0.0106
     1.711,    0.0000,    0.0000,    0.0000,    0.0000,    2.7294,    2.4159,    2.7294,    0.0000,    2.6138,     1.6231,     0.0107
     1.712,    0.0000,    0.0000,    0.0000,    0.0000,    2.7303,    2.4167,    2.7303,    0.0000,    2.6146,     1.6213,     0.0108
