romanisim/data/roman-technical-information/data/WideFieldInstrument/Imaging/EffectiveAreas/Roman_effarea_v8_SCA06_20240301.ecsv
# %ECSV 1.0
# ---
# Effective area for Roman (m^2) - parameters as of 2024 03 01
# datatype:
# - {name: Wave, datatype: float32}
# - {name: F062, datatype: float32}
# - {name: F087, datatype: float32}
# - {name: F106, datatype: float32}
# - {name: F129, datatype: float32}
# - {name: F158, datatype: float32}
# - {name: F184, datatype: float32}
# - {name: F146, datatype: float32}
# - {name: F213, datatype: float32}
# - {name: Prism, datatype: float32}
# - {name: Grism_1stOrder, datatype: float32}
# - {name: Grism_0thOrder, datatype: float32}
# schema: astropy-2.0
Wave, F062, F087, F106, F129, F158, F184, F146, F213, Prism, Grism_1stOrder, Grism_0thOrder
[from data line 717]
     1.117,    0.0000,    0.0000,    2.5706,    0.0008,    0.0000,    0.0000,    2.5706,    0.0000,    2.4338,     1.7091,     0.0012
     1.118,    0.0000,    0.0000,    2.5700,    0.0039,    0.0000,    0.0000,    2.5700,    0.0000,    2.4333,     1.7134,     0.0011
     1.119,    0.0000,    0.0000,    2.5705,    0.0148,    0.0000,    0.0000,    2.5705,    0.0000,    2.4337,     1.7184,     0.0011
     1.120,    0.0000,    0.0000,    2.5711,    0.0474,    0.0000,    0.0000,    2.5711,    0.0000,    2.4343,     1.7236,     0.0011
     1.121,    0.0000,    0.0000,    2.5711,    0.1281,    0.0000,    0.0000,    2.5711,    0.0000,    2.4343,     1.7282,     0.0011
     1.122,    0.0000,    0.0000,    2.5710,    0.2927,    0.0000,    0.0000,    2.5710,    0.0000,    2.4342,     1.7328,     0.0011
     1.123,    0.0000,    0.0000,    2.5714,    0.5703,    0.0000,    0.0000,    2.5714,    0.0000,    2.4346,     1.7377,     0.0011
     1.124,    0.0000,    0.0000,    2.5717,    0.9574,    0.0000,    0.0000,    2.5717,    0.0000,    2.4348,     1.7424,     0.0010
     1.125,    0.0000,    0.0000,    2.5710,    1.4027,    0.0000,    0.0000,    2.5710,    0.0000,    2.4342,     1.7466,     0.0010
     1.126,    0.0000,    0.0000,    2.5703,    1.8261,    0.0000,    0.0000,    2.5703,    0.0000,    2.4335,     1.7506,     0.0010
     1.127,    0.0000,    0.0000,    2.5701,    2.1593,    0.0000,    0.0000,    2.5701,    0.0000,    2.4333,     1.7550,     0.0010
     1.128,    0.0000,    0.0000,    2.5703,    2.3760,    0.0000,    0.0000,    2.5703,    0.0000,    2.4335,     1.7597,     0.0010
     1.129,    0.0000,    0.0000,    2.5705,    2.4925,    0.0000,    0.0000,    2.5705,    0.0000,    2.4337,     1.7643,     0.0010
     1.130,    0.0000,    0.0000,    2.5708,    2.5444,    0.0000,    0.0000,    2.5708,    0.0000,    2.4340,     1.7689,     0.0009
     1.131,    0.0000,    0.0000,    2.5712,    2.5637,    0.0000,    0.0000,    2.5712,    0.0000,    2.4344,     1.7737,     0.0009
     1.132,    0.0000,    0.0000,    2.5716,    2.5698,    0.0000,    0.0000,    2.5716,    0.0000,    2.4347,     1.7783,     0.0009
     1.133,    0.0000,    0.0000,    2.5716,    2.5712,    0.0000,    0.0000,    2.5716,    0.0000,    2.4347,     1.7827,     0.0009
     1.134,    0.0000,    0.0000,    2.5715,    2.5715,    0.0000,    0.0000,    2.5715,    0.0000,    2.4347,     1.7870,     0.0009
     1.135,    0.0000,    0.0000,    2.5716,    2.5716,    0.0000,    0.0000,    2.5716,    0.0000,    2.4347,     1.7914,     0.0009
     1.136,    0.0000,    0.0000,    2.5716,    2.5716,    0.0000,    0.0000,    2.5716,    0.0000,    2.4347,     1.7957,     0.0008
     1.137,    0.0000,    0.0000,    2.5714,    2.5714,    0.0000,    0.0000,    2.5714,    0.0000,    2.4346,     1.7999,     0.0008
     1.138,    0.0000,    0.0000,    2.5714,    2.5714,    0.0000,    0.0000,    2.5714,    0.0000,    2.4346,     1.8041,     0.0008
     1.139,    0.0000,    0.0000,    2.5718,    2.5718,    0.0000,    0.0000,    2.5718,    0.0000,    2.4349,     1.8086,     0.0008
     1.140,    0.0000,    0.0000,    2.5724,    2.5724,    0.0000,    0.0000,    2.5724,    0.0000,    2.4355,     1.8133,     0.0008
     1.141,    0.0000,    0.0000,    2.5729,    2.5729,    0.0000,    0.0000,    2.5729,    0.0000,    2.4359,     1.8178,     0.0008
     1.142,    0.0000,    0.0000,    2.5730,    2.5730,    0.0000,    0.0000,    2.5730,    0.0000,    2.4361,     1.8221,     0.0008
     1.143,    0.0000,    0.0000,    2.5727,    2.5727,    0.0000,    0.0000,    2.5727,    0.0000,    2.4358,     1.8260,     0.0007
     1.144,    0.0000,    0.0000,    2.5725,    2.5725,    0.0000,    0.0000,    2.5725,    0.0000,    2.4356,     1.8300,     0.0007
     1.145,    0.0000,    0.0000,    2.5727,    2.5727,    0.0000,    0.0000,    2.5727,    0.0000,    2.4358,     1.8342,     0.0007
     1.146,    0.0000,    0.0000,    2.5731,    2.5731,    0.0000,    0.0000,    2.5731,    0.0000,    2.4361,     1.8385,     0.0007
     1.147,    0.0000,    0.0000,    2.5732,    2.5732,    0.0000,    0.0000,    2.5732,    0.0000,    2.4362,     1.8427,     0.0007
     1.148,    0.0000,    0.0000,    2.5730,    2.5730,    0.0000,    0.0000,    2.5730,    0.0000,    2.4361,     1.8466,     0.0007
     1.149,    0.0000,    0.0000,    2.5728,    2.5728,    0.0000,    0.0000,    2.5728,    0.0000,    2.4359,     1.8504,     0.0007
     1.150,    0.0000,    0.0000,    2.5727,    2.5727,    0.0000,    0.0000,    2.5727,    0.0000,    2.4358,     1.8543,     0.0006
     1.151,    0.0000,    0.0000,    2.5727,    2.5727,    0.0000,    0.0000,    2.5727,    0.0000,    2.4358,     1.8583,     0.0006
     1.152,    0.0000,    0.0000,    2.5726,    2.5726,    0.0000,    0.0000,    2.5726,    0.0000,    2.4357,     1.8621,     0.0006
     1.153,    0.0000,    0.0000,    2.5722,    2.5722,    0.0000,    0.0000,    2.5722,    0.0000,    2.4353,     1.8657,     0.0006
     1.154,    0.0000,    0.0000,    2.5720,    2.5720,    0.0000,    0.0000,    2.5720,    0.0000,    2.4351,     1.8694,     0.0006
     1.155,    0.0000,    0.0000,    2.5723,    2.5723,    0.0000,    0.0000,    2.5723,    0.0000,    2.4354,     1.8735,     0.0006
     1.156,    0.0000,    0.0000,    2.5725,    2.5725,    0.0000,    0.0000,    2.5725,    0.0000,    2.4356,     1.8775,     0.0006
     1.157,    0.0000,    0.0000,    2.5719,    2.5719,    0.0000,    0.0000,    2.5719,    0.0000,    2.4350,     1.8808,     0.0006
     1.158,    0.0000,    0.0000,    2.5712,    2.5712,    0.0000,    0.0000,    2.5712,    0.0000,    2.4344,     1.8841,     0.0006
     1.159,    0.0000,    0.0000,    2.5711,    2.5711,    0.0000,    0.0000,    2.5711,    0.0000,    2.4343,     1.8878,     0.0005
     1.160,    0.0000,    0.0000,    2.5713,    2.5713,    0.0000,    0.0000,    2.5713,    0.0000,    2.4345,     1.8917,     0.0005
     1.161,    0.0000,    0.0000,    2.5714,    2.5714,    0.0000,    0.0000,    2.5714,    0.0000,    2.4345,     1.8954,     0.0005
     1.162,    0.0000,    0.0000,    2.5710,    2.5710,    0.0000,    0.0000,    2.5710,    0.0000,    2.4342,     1.8988,     0.0005
     1.163,    0.0000,    0.0000,    2.5704,    2.5704,    0.0000,    0.0000,    2.5704,    0.0000,    2.4336,     1.9020,     0.0005
     1.164,    0.0000,    0.0000,    2.5697,    2.5697,    0.0000,    0.0000,    2.5697,    0.0000,    2.4330,     1.9051,     0.0005
     1.165,    0.0000,    0.0000,    2.5695,    2.5695,    0.0000,    0.0000,    2.5695,    0.0000,    2.4327,     1.9086,     0.0005
     1.166,    0.0000,    0.0000,    2.5693,    2.5693,    0.0000,    0.0000,    2.5693,    0.0000,    2.4326,     1.9120,     0.0005
     1.167,    0.0000,    0.0000,    2.5690,    2.5690,    0.0000,    0.0000,    2.5690,    0.0000,    2.4323,     1.9153,     0.0005
     1.168,    0.0000,    0.0000,    2.5689,    2.5689,    0.0000,    0.0000,    2.5689,    0.0000,    2.4322,     1.9188,     0.0004
     1.169,    0.0000,    0.0000,    2.5691,    2.5691,    0.0000,    0.0000,    2.5691,    0.0000,    2.4324,     1.9224,     0.0004
     1.170,    0.0000,    0.0000,    2.5691,    2.5691,    0.0000,    0.0000,    2.5691,    0.0000,    2.4323,     1.9259,     0.0004
     1.171,    0.0000,    0.0000,    2.5682,    2.5682,    0.0000,    0.0000,    2.5682,    0.0000,    2.4315,     1.9287,     0.0004
     1.172,    0.0000,    0.0000,    2.5671,    2.5671,    0.0000,    0.0000,    2.5671,    0.0000,    2.4305,     1.9313,     0.0004
     1.173,    0.0000,    0.0000,    2.5665,    2.5665,    0.0000,    0.0000,    2.5665,    0.0000,    2.4299,     1.9342,     0.0004
     1.174,    0.0000,    0.0000,    2.5662,    2.5662,    0.0000,    0.0000,    2.5662,    0.0000,    2.4296,     1.9373,     0.0004
     1.175,    0.0000,    0.0000,    2.5659,    2.5659,    0.0000,    0.0000,    2.5659,    0.0000,    2.4293,     1.9404,     0.0004
     1.176,    0.0000,    0.0000,    2.5655,    2.5655,    0.0000,    0.0000,    2.5655,    0.0000,    2.4290,     1.9435,     0.0004
     1.177,    0.0000,    0.0000,    2.5651,    2.5651,    0.0000,    0.0000,    2.5651,    0.0000,    2.4286,     1.9465,     0.0004
     1.178,    0.0000,    0.0000,    2.5649,    2.5649,    0.0000,    0.0000,    2.5649,    0.0000,    2.4284,     1.9496,     0.0003
     1.179,    0.0000,    0.0000,    2.5652,    2.5652,    0.0000,    0.0000,    2.5652,    0.0000,    2.4287,     1.9531,     0.0003
     1.180,    0.0000,    0.0000,    2.5654,    2.5654,    0.0000,    0.0000,    2.5654,    0.0000,    2.4289,     1.9564,     0.0003
     1.181,    0.0000,    0.0000,    2.5650,    2.5650,    0.0000,    0.0000,    2.5650,    0.0000,    2.4285,     1.9593,     0.0003
     1.182,    0.0000,    0.0000,    2.5644,    2.5644,    0.0000,    0.0000,    2.5644,    0.0000,    2.4279,     1.9620,     0.0003
     1.183,    0.0000,    0.0000,    2.5642,    2.5642,    0.0000,    0.0000,    2.5642,    0.0000,    2.4277,     1.9650,     0.0003
     1.184,    0.0000,    0.0000,    2.5639,    2.5639,    0.0000,    0.0000,    2.5639,    0.0000,    2.4275,     1.9680,     0.0003
     1.185,    0.0000,    0.0000,    2.5633,    2.5634,    0.0000,    0.0000,    2.5634,    0.0000,    2.4269,     1.9706,     0.0003
     1.186,    0.0000,    0.0000,    2.5622,    2.5626,    0.0000,    0.0000,    2.5626,    0.0000,    2.4262,     1.9731,     0.0003
     1.187,    0.0000,    0.0000,    2.5606,    2.5618,    0.0000,    0.0000,    2.5618,    0.0000,    2.4255,     1.9755,     0.0003
     1.188,    0.0000,    0.0000,    2.5576,    2.5613,    0.0000,    0.0000,    2.5613,    0.0000,    2.4250,     1.9782,     0.0003
     1.189,    0.0000,    0.0000,    2.5503,    2.5613,    0.0000,    0.0000,    2.5613,    0.0000,    2.4250,     1.9812,     0.0003
     1.190,    0.0000,    0.0000,    2.5324,    2.5611,    0.0000,    0.0000,    2.5611,    0.0000,    2.4248,     1.9840,     0.0003
     1.191,    0.0000,    0.0000,    2.4930,    2.5603,    0.0000,    0.0000,    2.5603,    0.0000,    2.4241,     1.9863,     0.0003
     1.192,    0.0000,    0.0000,    2.4174,    2.5595,    0.0000,    0.0000,    2.5595,    0.0000,    2.4233,     1.9886,     0.0002
     1.193,    0.0000,    0.0000,    2.2883,    2.5594,    0.0000,    0.0000,    2.5594,    0.0000,    2.4232,     1.9914,     0.0002
     1.194,    0.0000,    0.0000,    2.0907,    2.5593,    0.0000,    0.0000,    2.5593,    0.0000,    2.4231,     1.9942,     0.0002
     1.195,    0.0000,    0.0000,    1.8212,    2.5585,    0.0000,    0.0000,    2.5585,    0.0000,    2.4223,     1.9964,     0.0002
     1.196,    0.0000,    0.0000,    1.4953,    2.5577,    0.0000,    0.0000,    2.5577,    0.0000,    2.4216,     1.9986,     0.0002
     1.197,    0.0000,    0.0000,    1.1454,    2.5576,    0.0000,    0.0000,    2.5576,    0.0000,    2.4215,     2.0013,     0.0002
     1.198,    0.0000,    0.0000,    0.8109,    2.5576,    0.0000,    0.0000,    2.5576,    0.0000,    2.4215,     2.0041,     0.0002
     1.199,    0.0000,    0.0000,    0.5264,    2.5570,    0.0000,    0.0000,    2.5570,    0.0000,    2.4209,     2.0064,     0.0002
     1.200,    0.0000,    0.0000,    0.3115,    2.5563,    0.0000,    0.0000,    2.5563,    0.0000,    2.4203,     2.0086,     0.0002
     1.201,    0.0000,    0.0000,    0.1673,    2.5561,    0.0000,    0.0000,    2.5561,    0.0000,    2.4200,     2.0111,     0.0002
     1.202,    0.0000,    0.0000,    0.0812,    2.5559,    0.0000,    0.0000,    2.5559,    0.0000,    2.4199,     2.0137,     0.0002
     1.203,    0.0000,    0.0000,    0.0355,    2.5557,    0.0000,    0.0000,    2.5557,    0.0000,    2.4197,     2.0161,     0.0002
     1.204,    0.0000,    0.0000,    0.0140,    2.5555,    0.0000,    0.0000,    2.5555,    0.0000,    2.4195,     2.0186,     0.0002
     1.205,    0.0000,    0.0000,    0.0049,    2.5556,    0.0000,    0.0000,    2.5556,    0.0000,    2.4196,     2.0213,     0.0002
     1.206,    0.0000,    0.0000,    0.0016,    2.5556,    0.0000,    0.0000,    2.5556,    0.0000,    2.4196,     2.0238,     0.0002
     1.207,    0.0000,    0.0000,    0.0004,    2.5550,    0.0000,    0.0000,    2.5550,    0.0000,    2.4190,     2.0259,     0.0002
     1.208,    0.0000,    0.0000,    0.0001,    2.5541,    0.0000,    0.0000,    2.5541,    0.0000,    2.4182,     2.0277,     0.0002
     1.209,    0.0000,    0.0000,    0.0000,    2.5533,    0.0000,    0.0000,    2.5533,    0.0000,    2.4174,     2.0296,     0.0001
     1.210,    0.0000,    0.0000,    0.0000,    2.5529,    0.0000,    0.0000,    2.5529,    0.0000,    2.4170,     2.0318,     0.0001
     1.211,    0.0000,    0.0000,    0.0000,    2.5529,    0.0000,    0.0000,    2.5529,    0.0000,    2.4171,     2.0343,     0.0001
     1.212,    0.0000,    0.0000,    0.0000,    2.5529,    0.0000,    0.0000,    2.5529,    0.0000,    2.4170,     2.0366,     0.0001
     1.213,    0.0000,    0.0000,    0.0000,    2.5521,    0.0000,    0.0000,    2.5521,    0.0000,    2.4163,     2.0385,     0.0001
     1.214,    0.0000,    0.0000,    0.0000,    2.5513,    0.0000,    0.0000,    2.5513,    0.0000,    2.4156,     2.0402,     0.0001
     1.215,    0.0000,    0.0000,    0.0000,    2.5511,    0.0000,    0.0000,    2.5511,    0.0000,    2.4154,     2.0424,     0.0001
     1.216,    0.0000,    0.0000,    0.0000,    2.5514,    0.0000,    0.0000,    2.5514,    0.0000,    2.4156,     2.0449,     0.0001
     1.217,    0.0000,    0.0000,    0.0000,    2.5517,    0.0000,    0.0000,    2.5517,    0.0000,    2.4159,     2.0475,     0.0001
     1.218,    0.0000,    0.0000,    0.0000,    2.5516,    0.0000,    0.0000,    2.5516,    0.0000,    2.4158,     2.0497,     0.0001
     1.219,    0.0000,    0.0000,    0.0000,    2.5509,    0.0000,    0.0000,    2.5509,    0.0000,    2.4151,     2.0514,     0.0001
     1.220,    0.0000,    0.0000,    0.0000,    2.5502,    0.0000,    0.0000,    2.5502,    0.0000,    2.4145,     2.0531,     0.0001
     1.221,    0.0000,    0.0000,    0.0000,    2.5504,    0.0000,    0.0000,    2.5504,    0.0000,    2.4146,     2.0555,     0.0001
     1.222,    0.0000,    0.0000,    0.0000,    2.5506,    0.0000,    0.0000,    2.5506,    0.0000,    2.4149,     2.0579,     0.0001
     1.223,    0.0000,    0.0000,    0.0000,    2.5503,    0.0000,    0.0000,    2.5503,    0.0000,    2.4146,     2.0598,     0.0001
     1.224,    0.0000,    0.0000,    0.0000,    2.5500,    0.0000,    0.0000,    2.5500,    0.0000,    2.4143,     2.0617,     0.0001
     1.225,    0.0000,    0.0000,    0.0000,    2.5500,    0.0000,    0.0000,    2.5500,    0.0000,    2.4143,     2.0638,     0.0001
     1.226,    0.0000,    0.0000,    0.0000,    2.5501,    0.0000,    0.0000,    2.5501,    0.0000,    2.4144,     2.0660,     0.0001
     1.227,    0.0000,    0.0000,    0.0000,    2.5498,    0.0000,    0.0000,    2.5498,    0.0000,    2.4141,     2.0678,     0.0001
     1.228,    0.0000,    0.0000,    0.0000,    2.5494,    0.0000,    0.0000,    2.5494,    0.0000,    2.4137,     2.0695,     0.0001
     1.229,    0.0000,    0.0000,    0.0000,    2.5493,    0.0000,    0.0000,    2.5493,    0.0000,    2.4136,     2.0715,     0.0001
     1.230,    0.0000,    0.0000,    0.0000,    2.5493,    0.0000,    0.0000,    2.5493,    0.0000,    2.4136,     2.0735,     0.0001
     1.231,    0.0000,    0.0000,    0.0000,    2.5488,    0.0000,    0.0000,    2.5488,    0.0000,    2.4131,     2.0751,     0.0001
     1.232,    0.0000,    0.0000,    0.0000,    2.5482,    0.0000,    0.0000,    2.5482,    0.0000,    2.4125,     2.0765,     0.0001
     1.233,    0.0000,    0.0000,    0.0000,    2.5477,    0.0000,    0.0000,    2.5477,    0.0000,    2.4121,     2.0781,     0.0001
     1.234,    0.0000,    0.0000,    0.0000,    2.5474,    0.0000,    0.0000,    2.5474,    0.0000,    2.4119,     2.0798,     0.0001
