romanisim/data/roman-technical-information/data/WideFieldInstrument/Imaging/EffectiveAreas/Roman_effarea_v8_SCA02_20240301.ecsv
# %ECSV 1.0
# ---
# Effective area for Roman (m^2) - parameters as of 2024 03 01
# datatype:
# - {name: Wave, datatype: float32}
# - {name: F062, datatype: float32}
# - {name: F087, datatype: float32}
# - {name: F106, datatype: float32}
# - {name: F129, datatype: float32}
# - {name: F158, datatype: float32}
# - {name: F184, datatype: float32}
# - {name: F146, datatype: float32}
# - {name: F213, datatype: float32}
# - {name: Prism, datatype: float32}
# - {name: Grism_1stOrder, datatype: float32}
# - {name: Grism_0thOrder, datatype: float32}
# schema: astropy-2.0
Wave, F062, F087, F106, F129, F158, F184, F146, F213, Prism, Grism_1stOrder, Grism_0thOrder
[from data line 1314]
     1.714,    0.0000,    0.0000,    0.0000,    0.0000,    2.6221,    2.3810,    2.6221,    0.0000,    2.4997,     1.6487,     0.0113
     1.715,    0.0000,    0.0000,    0.0000,    0.0000,    2.6224,    2.3813,    2.6224,    0.0000,    2.5000,     1.6466,     0.0114
     1.716,    0.0000,    0.0000,    0.0000,    0.0000,    2.6231,    2.3819,    2.6231,    0.0000,    2.5007,     1.6447,     0.0115
     1.717,    0.0000,    0.0000,    0.0000,    0.0000,    2.6248,    2.3834,    2.6248,    0.0000,    2.5023,     1.6435,     0.0116
     1.718,    0.0000,    0.0000,    0.0000,    0.0000,    2.6264,    2.3849,    2.6264,    0.0000,    2.5039,     1.6423,     0.0117
     1.719,    0.0000,    0.0000,    0.0000,    0.0000,    2.6270,    2.3854,    2.6270,    0.0000,    2.5044,     1.6403,     0.0118
     1.720,    0.0000,    0.0000,    0.0000,    0.0000,    2.6272,    2.3856,    2.6272,    0.0000,    2.5046,     1.6382,     0.0119
     1.721,    0.0000,    0.0000,    0.0000,    0.0000,    2.6279,    2.3863,    2.6279,    0.0000,    2.5053,     1.6363,     0.0120
     1.722,    0.0000,    0.0000,    0.0000,    0.0000,    2.6288,    2.3871,    2.6288,    0.0000,    2.5062,     1.6346,     0.0121
     1.723,    0.0000,    0.0000,    0.0000,    0.0000,    2.6295,    2.3877,    2.6295,    0.0000,    2.5068,     1.6328,     0.0122
     1.724,    0.0000,    0.0000,    0.0000,    0.0000,    2.6302,    2.3884,    2.6302,    0.0000,    2.5075,     1.6309,     0.0123
     1.725,    0.0000,    0.0000,    0.0000,    0.0000,    2.6313,    2.3893,    2.6313,    0.0000,    2.5085,     1.6293,     0.0125
     1.726,    0.0000,    0.0000,    0.0000,    0.0000,    2.6323,    2.3902,    2.6323,    0.0000,    2.5094,     1.6276,     0.0126
     1.727,    0.0000,    0.0000,    0.0000,    0.0000,    2.6328,    2.3907,    2.6328,    0.0000,    2.5099,     1.6257,     0.0127
     1.728,    0.0000,    0.0000,    0.0000,    0.0000,    2.6331,    2.3910,    2.6331,    0.0000,    2.5102,     1.6236,     0.0128
     1.729,    0.0000,    0.0000,    0.0000,    0.0000,    2.6337,    2.3915,    2.6337,    0.0000,    2.5108,     1.6217,     0.0129
     1.730,    0.0000,    0.0000,    0.0000,    0.0000,    2.6346,    2.3923,    2.6346,    0.0000,    2.5116,     1.6200,     0.0130
     1.731,    0.0000,    0.0000,    0.0000,    0.0000,    2.6356,    2.3932,    2.6356,    0.0000,    2.5126,     1.6183,     0.0132
     1.732,    0.0000,    0.0000,    0.0000,    0.0000,    2.6366,    2.3941,    2.6366,    0.0000,    2.5135,     1.6166,     0.0133
     1.733,    0.0000,    0.0000,    0.0000,    0.0000,    2.6374,    2.3949,    2.6374,    0.0000,    2.5143,     1.6149,     0.0134
     1.734,    0.0000,    0.0000,    0.0000,    0.0000,    2.6382,    2.3957,    2.6382,    0.0000,    2.5151,     1.6131,     0.0135
     1.735,    0.0000,    0.0000,    0.0000,    0.0000,    2.6392,    2.3965,    2.6392,    0.0000,    2.5160,     1.6114,     0.0136
     1.736,    0.0000,    0.0000,    0.0000,    0.0000,    2.6400,    2.3973,    2.6400,    0.0000,    2.5168,     1.6096,     0.0137
     1.737,    0.0000,    0.0000,    0.0000,    0.0000,    2.6405,    2.3977,    2.6405,    0.0000,    2.5173,     1.6077,     0.0139
     1.738,    0.0000,    0.0000,    0.0000,    0.0000,    2.6407,    2.3979,    2.6407,    0.0000,    2.5174,     1.6055,     0.0140
     1.739,    0.0000,    0.0000,    0.0000,    0.0000,    2.6406,    2.3978,    2.6406,    0.0000,    2.5173,     1.6031,     0.0141
     1.740,    0.0000,    0.0000,    0.0000,    0.0000,    2.6409,    2.3981,    2.6409,    0.0000,    2.5176,     1.6011,     0.0142
     1.741,    0.0000,    0.0000,    0.0000,    0.0000,    2.6421,    2.3992,    2.6421,    0.0000,    2.5188,     1.5996,     0.0144
     1.742,    0.0000,    0.0000,    0.0000,    0.0000,    2.6436,    2.4005,    2.6436,    0.0000,    2.5202,     1.5981,     0.0145
     1.743,    0.0000,    0.0000,    0.0000,    0.0000,    2.6443,    2.4012,    2.6443,    0.0000,    2.5209,     1.5963,     0.0146
     1.744,    0.0000,    0.0000,    0.0000,    0.0000,    2.6448,    2.4017,    2.6448,    0.0000,    2.5214,     1.5944,     0.0147
     1.745,    0.0000,    0.0000,    0.0000,    0.0000,    2.6456,    2.4024,    2.6456,    0.0000,    2.5222,     1.5926,     0.0149
     1.746,    0.0000,    0.0000,    0.0000,    0.0000,    2.6463,    2.4030,    2.6463,    0.0000,    2.5228,     1.5907,     0.0150
     1.747,    0.0000,    0.0000,    0.0000,    0.0000,    2.6465,    2.4031,    2.6465,    0.0000,    2.5230,     1.5886,     0.0151
     1.748,    0.0000,    0.0000,    0.0000,    0.0000,    2.6465,    2.4032,    2.6465,    0.0000,    2.5230,     1.5863,     0.0152
     1.749,    0.0000,    0.0000,    0.0000,    0.0000,    2.6468,    2.4034,    2.6468,    0.0000,    2.5233,     1.5842,     0.0154
     1.750,    0.0000,    0.0000,    0.0000,    0.0000,    2.6471,    2.4037,    2.6471,    0.0000,    2.5236,     1.5821,     0.0155
     1.751,    0.0000,    0.0000,    0.0000,    0.0000,    2.6474,    2.4040,    2.6474,    0.0000,    2.5239,     1.5800,     0.0156
     1.752,    0.0000,    0.0000,    0.0000,    0.0000,    2.6480,    2.4045,    2.6480,    0.0000,    2.5244,     1.5781,     0.0158
     1.753,    0.0000,    0.0000,    0.0000,    0.0000,    2.6492,    2.4056,    2.6492,    0.0000,    2.5255,     1.5766,     0.0159
     1.754,    0.0000,    0.0000,    0.0000,    0.0000,    2.6503,    2.4066,    2.6503,    0.0000,    2.5266,     1.5750,     0.0160
     1.755,    0.0000,    0.0000,    0.0000,    0.0000,    2.6507,    2.4070,    2.6507,    0.0000,    2.5270,     1.5730,     0.0162
     1.756,    0.0000,    0.0000,    0.0000,    0.0000,    2.6507,    2.4070,    2.6507,    0.0000,    2.5270,     1.5707,     0.0163
     1.757,    0.0000,    0.0000,    0.0000,    0.0000,    2.6508,    2.4070,    2.6508,    0.0000,    2.5271,     1.5685,     0.0164
     1.758,    0.0000,    0.0000,    0.0000,    0.0000,    2.6510,    2.4073,    2.6510,    0.0000,    2.5273,     1.5664,     0.0165
     1.759,    0.0000,    0.0000,    0.0000,    0.0000,    2.6514,    2.4076,    2.6514,    0.0000,    2.5277,     1.5643,     0.0167
     1.760,    0.0000,    0.0000,    0.0000,    0.0000,    2.6519,    2.4081,    2.6519,    0.0000,    2.5282,     1.5624,     0.0168
     1.761,    0.0000,    0.0000,    0.0000,    0.0000,    2.6526,    2.4087,    2.6526,    0.0000,    2.5288,     1.5606,     0.0170
     1.762,    0.0000,    0.0000,    0.0000,    0.0000,    2.6531,    2.4091,    2.6531,    0.0000,    2.5293,     1.5586,     0.0171
     1.763,    0.0000,    0.0000,    0.0000,    0.0000,    2.6530,    2.4091,    2.6530,    0.0000,    2.5292,     1.5563,     0.0172
     1.764,    0.0000,    0.0000,    0.0000,    0.0000,    2.6529,    2.4090,    2.6529,    0.0000,    2.5292,     1.5540,     0.0174
     1.765,    0.0000,    0.0000,    0.0000,    0.0000,    2.6535,    2.4095,    2.6535,    0.0000,    2.5296,     1.5520,     0.0175
     1.766,    0.0000,    0.0000,    0.0000,    0.0000,    2.6541,    2.4101,    2.6541,    0.0000,    2.5303,     1.5502,     0.0176
     1.767,    0.0000,    0.0000,    0.0000,    0.0000,    2.6544,    2.4104,    2.6545,    0.0000,    2.5306,     1.5481,     0.0178
     1.768,    0.0000,    0.0000,    0.0000,    0.0000,    2.6544,    2.4104,    2.6545,    0.0000,    2.5306,     1.5459,     0.0179
     1.769,    0.0000,    0.0000,    0.0000,    0.0000,    2.6542,    2.4103,    2.6543,    0.0000,    2.5305,     1.5436,     0.0181
     1.770,    0.0000,    0.0000,    0.0000,    0.0000,    2.6538,    2.4102,    2.6542,    0.0000,    2.5304,     1.5413,     0.0182
     1.771,    0.0000,    0.0000,    0.0000,    0.0000,    2.6532,    2.4102,    2.6543,    0.0000,    2.5304,     1.5391,     0.0183
     1.772,    0.0000,    0.0000,    0.0000,    0.0000,    2.6517,    2.4103,    2.6544,    0.0000,    2.5305,     1.5369,     0.0185
     1.773,    0.0000,    0.0000,    0.0000,    0.0000,    2.6484,    2.4104,    2.6545,    0.0000,    2.5306,     1.5347,     0.0186
     1.774,    0.0000,    0.0000,    0.0000,    0.0000,    2.6418,    2.4107,    2.6548,    0.0000,    2.5309,     1.5327,     0.0188
     1.775,    0.0000,    0.0000,    0.0000,    0.0000,    2.6292,    2.4113,    2.6554,    0.0000,    2.5315,     1.5308,     0.0189
     1.776,    0.0000,    0.0000,    0.0000,    0.0000,    2.6060,    2.4118,    2.6560,    0.0000,    2.5321,     1.5289,     0.0191
     1.777,    0.0000,    0.0000,    0.0000,    0.0000,    2.5661,    2.4120,    2.6562,    0.0000,    2.5323,     1.5268,     0.0192
     1.778,    0.0000,    0.0000,    0.0000,    0.0000,    2.5030,    2.4122,    2.6564,    0.0000,    2.5325,     1.5247,     0.0194
     1.779,    0.0000,    0.0000,    0.0000,    0.0000,    2.4095,    2.4127,    2.6570,    0.0000,    2.5330,     1.5227,     0.0195
     1.780,    0.0000,    0.0000,    0.0000,    0.0000,    2.2790,    2.4132,    2.6575,    0.0000,    2.5335,     1.5208,     0.0197
     1.781,    0.0000,    0.0000,    0.0000,    0.0000,    2.1078,    2.4133,    2.6577,    0.0000,    2.5336,     1.5187,     0.0198
     1.782,    0.0000,    0.0000,    0.0000,    0.0000,    1.8972,    2.4131,    2.6574,    0.0000,    2.5334,     1.5163,     0.0200
     1.783,    0.0000,    0.0000,    0.0000,    0.0000,    1.6546,    2.4126,    2.6569,    0.0000,    2.5329,     1.5138,     0.0201
     1.784,    0.0000,    0.0000,    0.0000,    0.0000,    1.3924,    2.4123,    2.6565,    0.0000,    2.5325,     1.5114,     0.0202
     1.785,    0.0000,    0.0000,    0.0000,    0.0000,    1.1264,    2.4123,    2.6566,    0.0000,    2.5326,     1.5092,     0.0204
     1.786,    0.0000,    0.0000,    0.0000,    0.0000,    0.8730,    2.4128,    2.6571,    0.0000,    2.5331,     1.5073,     0.0206
     1.787,    0.0000,    0.0000,    0.0000,    0.0000,    0.6463,    2.4135,    2.6579,    0.0000,    2.5339,     1.5055,     0.0207
     1.788,    0.0000,    0.0000,    0.0000,    0.0000,    0.4559,    2.4143,    2.6587,    0.0000,    2.5347,     1.5038,     0.0209
     1.789,    0.0000,    0.0000,    0.0000,    0.0000,    0.3057,    2.4149,    2.6595,    0.0000,    2.5354,     1.5020,     0.0210
     1.790,    0.0000,    0.0000,    0.0000,    0.0000,    0.1945,    2.4154,    2.6600,    0.0000,    2.5358,     1.5000,     0.0212
     1.791,    0.0000,    0.0000,    0.0000,    0.0000,    0.1173,    2.4155,    2.6601,    0.0000,    2.5360,     1.4979,     0.0213
     1.792,    0.0000,    0.0000,    0.0000,    0.0000,    0.0669,    2.4154,    2.6600,    0.0000,    2.5359,     1.4957,     0.0215
     1.793,    0.0000,    0.0000,    0.0000,    0.0000,    0.0361,    2.4153,    2.6598,    0.0000,    2.5357,     1.4933,     0.0216
     1.794,    0.0000,    0.0000,    0.0000,    0.0000,    0.0184,    2.4154,    2.6600,    0.0000,    2.5359,     1.4912,     0.0218
     1.795,    0.0000,    0.0000,    0.0000,    0.0000,    0.0088,    2.4163,    2.6609,    0.0000,    2.5367,     1.4895,     0.0220
     1.796,    0.0000,    0.0000,    0.0000,    0.0000,    0.0040,    2.4170,    2.6617,    0.0000,    2.5375,     1.4878,     0.0221
     1.797,    0.0000,    0.0000,    0.0000,    0.0000,    0.0017,    2.4169,    2.6616,    0.0000,    2.5373,     1.4855,     0.0223
     1.798,    0.0000,    0.0000,    0.0000,    0.0000,    0.0007,    2.4166,    2.6613,    0.0000,    2.5370,     1.4832,     0.0225
     1.799,    0.0000,    0.0000,    0.0000,    0.0000,    0.0003,    2.4169,    2.6616,    0.0000,    2.5371,     1.4811,     0.0226
     1.800,    0.0000,    0.0000,    0.0000,    0.0000,    0.0001,    2.4177,    2.6625,    0.0000,    2.5377,     1.4794,     0.0228
     1.801,    0.0000,    0.0000,    0.0000,    0.0000,    0.0000,    2.4187,    2.6636,    0.0000,    2.5383,     1.4779,     0.0230
     1.802,    0.0000,    0.0000,    0.0000,    0.0000,    0.0000,    2.4195,    2.6645,    0.0000,    2.5382,     1.4762,     0.0231
     1.803,    0.0000,    0.0000,    0.0000,    0.0000,    0.0000,    2.4197,    2.6647,    0.0000,    2.5368,     1.4741,     0.0233
     1.804,    0.0000,    0.0000,    0.0000,    0.0000,    0.0000,    2.4196,    2.6646,    0.0000,    2.5341,     1.4718,     0.0235
     1.805,    0.0000,    0.0000,    0.0000,    0.0000,    0.0000,    2.4198,    2.6648,    0.0000,    2.5299,     1.4698,     0.0236
     1.806,    0.0000,    0.0000,    0.0000,    0.0000,    0.0000,    2.4203,    2.6654,    0.0000,    2.5235,     1.4679,     0.0238
     1.807,    0.0000,    0.0000,    0.0000,    0.0000,    0.0000,    2.4210,    2.6662,    0.0000,    2.5136,     1.4661,     0.0240
     1.808,    0.0000,    0.0000,    0.0000,    0.0000,    0.0000,    2.4219,    2.6671,    0.0000,    2.4985,     1.4645,     0.0241
     1.809,    0.0000,    0.0000,    0.0000,    0.0000,    0.0000,    2.4227,    2.6680,    0.0000,    2.4763,     1.4628,     0.0243
     1.810,    0.0000,    0.0000,    0.0000,    0.0000,    0.0000,    2.4232,    2.6686,    0.0000,    2.4443,     1.4609,     0.0245
     1.811,    0.0000,    0.0000,    0.0000,    0.0000,    0.0000,    2.4235,    2.6689,    0.0000,    2.4003,     1.4589,     0.0247
     1.812,    0.0000,    0.0000,    0.0000,    0.0000,    0.0000,    2.4238,    2.6692,    0.0000,    2.3422,     1.4569,     0.0248
     1.813,    0.0000,    0.0000,    0.0000,    0.0000,    0.0000,    2.4247,    2.6702,    0.0000,    2.2682,     1.4553,     0.0250
     1.814,    0.0000,    0.0000,    0.0000,    0.0000,    0.0000,    2.4258,    2.6714,    0.0000,    2.1762,     1.4537,     0.0252
     1.815,    0.0000,    0.0000,    0.0000,    0.0000,    0.0000,    2.4266,    2.6723,    0.0000,    2.0650,     1.4520,     0.0254
     1.816,    0.0000,    0.0000,    0.0000,    0.0000,    0.0000,    2.4272,    2.6729,    0.0000,    1.9348,     1.4502,     0.0256
     1.817,    0.0000,    0.0000,    0.0000,    0.0000,    0.0000,    2.4277,    2.6735,    0.0000,    1.7873,     1.4484,     0.0257
     1.818,    0.0000,    0.0000,    0.0000,    0.0000,    0.0000,    2.4277,    2.6736,    0.0000,    1.6251,     1.4462,     0.0259
     1.819,    0.0000,    0.0000,    0.0000,    0.0000,    0.0000,    2.4270,    2.6727,    0.0000,    1.4520,     1.4436,     0.0261
     1.820,    0.0000,    0.0000,    0.0000,    0.0000,    0.0000,    2.4265,    2.6722,    0.0000,    1.2737,     1.4411,     0.0262
     1.821,    0.0000,    0.0000,    0.0000,    0.0000,    0.0000,    2.4270,    2.6728,    0.0000,    1.0960,     1.4393,     0.0264
     1.822,    0.0000,    0.0000,    0.0000,    0.0000,    0.0000,    2.4283,    2.6742,    0.0000,    0.9239,     1.4379,     0.0266
     1.823,    0.0000,    0.0000,    0.0000,    0.0000,    0.0000,    2.4296,    2.6756,    0.0000,    0.7620,     1.4365,     0.0268
     1.824,    0.0000,    0.0000,    0.0000,    0.0000,    0.0000,    2.4310,    2.6771,    0.0000,    0.6144,     1.4352,     0.0270
     1.825,    0.0000,    0.0000,    0.0000,    0.0000,    0.0000,    2.4325,    2.6789,    0.0000,    0.4838,     1.4339,     0.0272
     1.826,    0.0000,    0.0000,    0.0000,    0.0000,    0.0000,    2.4340,    2.6805,    0.0000,    0.3718,     1.4327,     0.0274
     1.827,    0.0000,    0.0000,    0.0000,    0.0000,    0.0000,    2.4352,    2.6818,    0.0000,    0.2786,     1.4312,     0.0276
     1.828,    0.0000,    0.0000,    0.0000,    0.0000,    0.0000,    2.4358,    2.6824,    0.0000,    0.2035,     1.4294,     0.0278
     1.829,    0.0000,    0.0000,    0.0000,    0.0000,    0.0000,    2.4357,    2.6823,    0.0000,    0.1447,     1.4272,     0.0280
     1.830,    0.0000,    0.0000,    0.0000,    0.0000,    0.0000,    2.4357,    2.6824,    0.0000,    0.1003,     1.4250,     0.0282
     1.831,    0.0000,    0.0000,    0.0000,    0.0000,    0.0000,    2.4365,    2.6832,    0.0000,    0.0676,     1.4233,     0.0283
