romanisim/data/roman-technical-information/data/WideFieldInstrument/Imaging/EffectiveAreas/Roman_effarea_v8_SCA15_20240301.ecsv
# %ECSV 1.0
# ---
# Effective area for Roman (m^2) - parameters as of 2024 03 01
# datatype:
# - {name: Wave, datatype: float32}
# - {name: F062, datatype: float32}
# - {name: F087, datatype: float32}
# - {name: F106, datatype: float32}
# - {name: F129, datatype: float32}
# - {name: F158, datatype: float32}
# - {name: F184, datatype: float32}
# - {name: F146, datatype: float32}
# - {name: F213, datatype: float32}
# - {name: Prism, datatype: float32}
# - {name: Grism_1stOrder, datatype: float32}
# - {name: Grism_0thOrder, datatype: float32}
# schema: astropy-2.0
Wave, F062, F087, F106, F129, F158, F184, F146, F213, Prism, Grism_1stOrder, Grism_0thOrder
[from data line 1195]
     1.595,    0.0000,    0.0000,    0.0000,    0.0000,    2.5019,    0.0000,    2.5019,    0.0000,    2.3755,     1.7790,     0.0027
     1.596,    0.0000,    0.0000,    0.0000,    0.0000,    2.5020,    0.0000,    2.5020,    0.0000,    2.3756,     1.7770,     0.0028
     1.597,    0.0000,    0.0000,    0.0000,    0.0000,    2.5021,    0.0000,    2.5021,    0.0000,    2.3757,     1.7750,     0.0028
     1.598,    0.0000,    0.0000,    0.0000,    0.0000,    2.5027,    0.0000,    2.5027,    0.0000,    2.3762,     1.7733,     0.0028
     1.599,    0.0000,    0.0000,    0.0000,    0.0000,    2.5036,    0.0000,    2.5036,    0.0000,    2.3771,     1.7719,     0.0029
     1.600,    0.0000,    0.0000,    0.0000,    0.0000,    2.5045,    0.0000,    2.5045,    0.0000,    2.3780,     1.7705,     0.0029
     1.601,    0.0000,    0.0000,    0.0000,    0.0000,    2.5050,    0.0000,    2.5050,    0.0000,    2.3784,     1.7687,     0.0030
     1.602,    0.0000,    0.0000,    0.0000,    0.0000,    2.5052,    0.0000,    2.5052,    0.0000,    2.3786,     1.7668,     0.0030
     1.603,    0.0000,    0.0000,    0.0000,    0.0000,    2.5056,    0.0000,    2.5056,    0.0000,    2.3790,     1.7650,     0.0030
     1.604,    0.0000,    0.0000,    0.0000,    0.0000,    2.5061,    0.0000,    2.5061,    0.0000,    2.3795,     1.7633,     0.0031
     1.605,    0.0000,    0.0000,    0.0000,    0.0000,    2.5068,    0.0000,    2.5068,    0.0000,    2.3801,     1.7616,     0.0031
     1.606,    0.0000,    0.0000,    0.0000,    0.0000,    2.5075,    0.0000,    2.5075,    0.0000,    2.3808,     1.7600,     0.0032
     1.607,    0.0000,    0.0000,    0.0000,    0.0000,    2.5083,    0.0000,    2.5083,    0.0000,    2.3816,     1.7585,     0.0032
     1.608,    0.0000,    0.0000,    0.0000,    0.0000,    2.5090,    0.0000,    2.5090,    0.0000,    2.3823,     1.7569,     0.0033
     1.609,    0.0000,    0.0000,    0.0000,    0.0000,    2.5095,    0.0000,    2.5095,    0.0000,    2.3827,     1.7551,     0.0033
     1.610,    0.0000,    0.0000,    0.0000,    0.0000,    2.5100,    0.0000,    2.5100,    0.0000,    2.3832,     1.7534,     0.0033
     1.611,    0.0000,    0.0000,    0.0000,    0.0000,    2.5109,    0.0000,    2.5109,    0.0000,    2.3840,     1.7519,     0.0034
     1.612,    0.0000,    0.0000,    0.0000,    0.0000,    2.5117,    0.0000,    2.5117,    0.0000,    2.3848,     1.7504,     0.0034
     1.613,    0.0000,    0.0000,    0.0000,    0.0000,    2.5120,    0.0000,    2.5120,    0.0000,    2.3851,     1.7485,     0.0035
     1.614,    0.0000,    0.0000,    0.0000,    0.0000,    2.5123,    0.0000,    2.5123,    0.0000,    2.3854,     1.7466,     0.0035
     1.615,    0.0000,    0.0000,    0.0000,    0.0000,    2.5132,    0.0000,    2.5132,    0.0000,    2.3862,     1.7450,     0.0036
     1.616,    0.0000,    0.0000,    0.0000,    0.0000,    2.5143,    0.0000,    2.5143,    0.0000,    2.3872,     1.7437,     0.0036
     1.617,    0.0000,    0.0000,    0.0000,    0.0000,    2.5153,    0.0000,    2.5153,    0.0000,    2.3883,     1.7423,     0.0037
     1.618,    0.0000,    0.0000,    0.0000,    0.0000,    2.5162,    0.0000,    2.5162,    0.0000,    2.3891,     1.7408,     0.0037
     1.619,    0.0000,    0.0000,    0.0000,    0.0000,    2.5169,    0.0000,    2.5169,    0.0000,    2.3897,     1.7391,     0.0038
     1.620,    0.0000,    0.0000,    0.0000,    0.0000,    2.5174,    0.0000,    2.5174,    0.0000,    2.3902,     1.7374,     0.0038
     1.621,    0.0000,    0.0000,    0.0000,    0.0000,    2.5180,    0.0000,    2.5180,    0.0000,    2.3908,     1.7357,     0.0039
     1.622,    0.0000,    0.0000,    0.0000,    0.0000,    2.5186,    0.0000,    2.5186,    0.0000,    2.3914,     1.7340,     0.0039
     1.623,    0.0000,    0.0000,    0.0000,    0.0000,    2.5194,    0.0000,    2.5194,    0.0000,    2.3921,     1.7324,     0.0040
     1.624,    0.0000,    0.0000,    0.0000,    0.0000,    2.5201,    0.0000,    2.5201,    0.0000,    2.3928,     1.7308,     0.0040
     1.625,    0.0000,    0.0000,    0.0000,    0.0000,    2.5205,    0.0000,    2.5205,    0.0000,    2.3932,     1.7289,     0.0041
     1.626,    0.0000,    0.0000,    0.0000,    0.0000,    2.5211,    0.0000,    2.5211,    0.0000,    2.3937,     1.7272,     0.0041
     1.627,    0.0000,    0.0000,    0.0000,    0.0000,    2.5221,    0.0000,    2.5221,    0.0000,    2.3947,     1.7258,     0.0042
     1.628,    0.0000,    0.0000,    0.0000,    0.0000,    2.5231,    0.0000,    2.5231,    0.0000,    2.3956,     1.7243,     0.0042
     1.629,    0.0000,    0.0000,    0.0000,    0.0000,    2.5234,    0.0000,    2.5234,    0.0000,    2.3960,     1.7224,     0.0043
     1.630,    0.0000,    0.0000,    0.0000,    0.0000,    2.5237,    0.0000,    2.5237,    0.0000,    2.3962,     1.7204,     0.0043
     1.631,    0.0000,    0.0000,    0.0000,    0.0000,    2.5245,    0.0000,    2.5245,    0.0000,    2.3970,     1.7188,     0.0044
     1.632,    0.0000,    0.0000,    0.0000,    0.0000,    2.5256,    0.0000,    2.5256,    0.0000,    2.3980,     1.7174,     0.0045
     1.633,    0.0000,    0.0000,    0.0000,    0.0000,    2.5266,    0.0000,    2.5266,    0.0000,    2.3990,     1.7160,     0.0045
     1.634,    0.0000,    0.0000,    0.0000,    0.0000,    2.5275,    0.0000,    2.5275,    0.0000,    2.3998,     1.7144,     0.0046
     1.635,    0.0000,    0.0000,    0.0000,    0.0000,    2.5282,    0.0000,    2.5282,    0.0000,    2.4004,     1.7127,     0.0046
     1.636,    0.0000,    0.0000,    0.0000,    0.0000,    2.5288,    0.0000,    2.5288,    0.0000,    2.4011,     1.7111,     0.0047
     1.637,    0.0000,    0.0000,    0.0000,    0.0000,    2.5297,    0.0000,    2.5297,    0.0000,    2.4019,     1.7095,     0.0047
     1.638,    0.0000,    0.0000,    0.0000,    0.0000,    2.5306,    0.0000,    2.5306,    0.0000,    2.4027,     1.7079,     0.0048
     1.639,    0.0000,    0.0000,    0.0000,    0.0000,    2.5314,    0.0000,    2.5314,    0.0000,    2.4036,     1.7064,     0.0049
     1.640,    0.0000,    0.0000,    0.0000,    0.0000,    2.5321,    0.0000,    2.5321,    0.0000,    2.4041,     1.7046,     0.0049
     1.641,    0.0000,    0.0000,    0.0000,    0.0000,    2.5324,    0.0000,    2.5324,    0.0000,    2.4045,     1.7027,     0.0050
     1.642,    0.0000,    0.0000,    0.0000,    0.0000,    2.5330,    0.0000,    2.5330,    0.0000,    2.4050,     1.7010,     0.0050
     1.643,    0.0000,    0.0000,    0.0000,    0.0000,    2.5341,    0.0000,    2.5341,    0.0000,    2.4061,     1.6996,     0.0051
     1.644,    0.0000,    0.0000,    0.0000,    0.0000,    2.5352,    0.0000,    2.5352,    0.0000,    2.4071,     1.6981,     0.0052
     1.645,    0.0000,    0.0000,    0.0000,    0.0000,    2.5357,    0.0000,    2.5357,    0.0000,    2.4076,     1.6963,     0.0052
     1.646,    0.0000,    0.0000,    0.0000,    0.0000,    2.5359,    0.0000,    2.5359,    0.0000,    2.4078,     1.6943,     0.0053
     1.647,    0.0000,    0.0000,    0.0000,    0.0000,    2.5363,    0.0000,    2.5363,    0.0000,    2.4082,     1.6924,     0.0053
     1.648,    0.0000,    0.0000,    0.0000,    0.0000,    2.5369,    0.0000,    2.5369,    0.0000,    2.4087,     1.6906,     0.0054
     1.649,    0.0000,    0.0000,    0.0000,    0.0000,    2.5373,    0.0000,    2.5373,    0.0000,    2.4092,     1.6888,     0.0055
     1.650,    0.0000,    0.0000,    0.0000,    0.0000,    2.5381,    0.0000,    2.5381,    0.0000,    2.4099,     1.6871,     0.0055
     1.651,    0.0000,    0.0000,    0.0000,    0.0000,    2.5394,    0.0000,    2.5394,    0.0000,    2.4111,     1.6858,     0.0056
     1.652,    0.0000,    0.0000,    0.0000,    0.0000,    2.5403,    0.0000,    2.5403,    0.0000,    2.4120,     1.6843,     0.0057
     1.653,    0.0000,    0.0000,    0.0000,    0.0000,    2.5402,    0.0000,    2.5402,    0.0000,    2.4118,     1.6820,     0.0057
     1.654,    0.0000,    0.0000,    0.0000,    0.0000,    2.5400,    0.0000,    2.5400,    0.0000,    2.4117,     1.6797,     0.0058
     1.655,    0.0000,    0.0000,    0.0000,    0.0000,    2.5409,    0.0000,    2.5409,    0.0000,    2.4126,     1.6782,     0.0058
     1.656,    0.0000,    0.0000,    0.0000,    0.0000,    2.5423,    0.0000,    2.5423,    0.0000,    2.4139,     1.6769,     0.0059
     1.657,    0.0000,    0.0000,    0.0000,    0.0000,    2.5431,    0.0000,    2.5431,    0.0000,    2.4146,     1.6753,     0.0060
     1.658,    0.0000,    0.0000,    0.0000,    0.0000,    2.5435,    0.0000,    2.5435,    0.0000,    2.4150,     1.6734,     0.0061
     1.659,    0.0000,    0.0000,    0.0000,    0.0000,    2.5440,    0.0000,    2.5440,    0.0000,    2.4155,     1.6716,     0.0061
     1.660,    0.0000,    0.0000,    0.0000,    0.0000,    2.5449,    0.0000,    2.5449,    0.0000,    2.4163,     1.6700,     0.0062
     1.661,    0.0000,    0.0000,    0.0000,    0.0000,    2.5462,    0.0000,    2.5462,    0.0000,    2.4176,     1.6686,     0.0063
     1.662,    0.0000,    0.0000,    0.0000,    0.0000,    2.5470,    0.0001,    2.5470,    0.0000,    2.4184,     1.6670,     0.0063
     1.663,    0.0000,    0.0000,    0.0000,    0.0000,    2.5467,    0.0002,    2.5467,    0.0000,    2.4181,     1.6646,     0.0064
     1.664,    0.0000,    0.0000,    0.0000,    0.0000,    2.5464,    0.0005,    2.5464,    0.0000,    2.4178,     1.6623,     0.0065
     1.665,    0.0000,    0.0000,    0.0000,    0.0000,    2.5473,    0.0012,    2.5473,    0.0000,    2.4186,     1.6607,     0.0065
     1.666,    0.0000,    0.0000,    0.0000,    0.0000,    2.5487,    0.0028,    2.5487,    0.0000,    2.4199,     1.6594,     0.0066
     1.667,    0.0000,    0.0000,    0.0000,    0.0000,    2.5497,    0.0063,    2.5497,    0.0000,    2.4208,     1.6578,     0.0067
     1.668,    0.0000,    0.0000,    0.0000,    0.0000,    2.5500,    0.0131,    2.5500,    0.0000,    2.4212,     1.6559,     0.0068
     1.669,    0.0000,    0.0000,    0.0000,    0.0000,    2.5498,    0.0258,    2.5498,    0.0000,    2.4210,     1.6536,     0.0068
     1.670,    0.0000,    0.0000,    0.0000,    0.0000,    2.5498,    0.0482,    2.5498,    0.0000,    2.4210,     1.6514,     0.0069
     1.671,    0.0000,    0.0000,    0.0000,    0.0000,    2.5505,    0.0851,    2.5505,    0.0000,    2.4216,     1.6497,     0.0070
     1.672,    0.0000,    0.0000,    0.0000,    0.0000,    2.5512,    0.1427,    2.5512,    0.0000,    2.4223,     1.6480,     0.0071
     1.673,    0.0000,    0.0000,    0.0000,    0.0000,    2.5514,    0.2269,    2.5514,    0.0000,    2.4225,     1.6459,     0.0071
     1.674,    0.0000,    0.0000,    0.0000,    0.0000,    2.5516,    0.3429,    2.5516,    0.0000,    2.4227,     1.6439,     0.0072
     1.675,    0.0000,    0.0000,    0.0000,    0.0000,    2.5525,    0.4931,    2.5525,    0.0000,    2.4236,     1.6423,     0.0073
     1.676,    0.0000,    0.0000,    0.0000,    0.0000,    2.5535,    0.6763,    2.5535,    0.0000,    2.4245,     1.6407,     0.0074
     1.677,    0.0000,    0.0000,    0.0000,    0.0000,    2.5541,    0.8862,    2.5541,    0.0000,    2.4250,     1.6389,     0.0074
     1.678,    0.0000,    0.0000,    0.0000,    0.0000,    2.5546,    1.1126,    2.5546,    0.0000,    2.4255,     1.6371,     0.0075
     1.679,    0.0000,    0.0000,    0.0000,    0.0000,    2.5555,    1.3424,    2.5555,    0.0000,    2.4264,     1.6355,     0.0076
     1.680,    0.0000,    0.0000,    0.0000,    0.0000,    2.5565,    1.5619,    2.5565,    0.0000,    2.4273,     1.6339,     0.0077
     1.681,    0.0000,    0.0000,    0.0000,    0.0000,    2.5571,    1.7589,    2.5571,    0.0000,    2.4279,     1.6322,     0.0078
     1.682,    0.0000,    0.0000,    0.0000,    0.0000,    2.5577,    1.9253,    2.5577,    0.0000,    2.4285,     1.6304,     0.0078
     1.683,    0.0000,    0.0000,    0.0000,    0.0000,    2.5584,    2.0577,    2.5584,    0.0000,    2.4291,     1.6286,     0.0079
     1.684,    0.0000,    0.0000,    0.0000,    0.0000,    2.5590,    2.1567,    2.5590,    0.0000,    2.4297,     1.6268,     0.0080
     1.685,    0.0000,    0.0000,    0.0000,    0.0000,    2.5593,    2.2263,    2.5593,    0.0000,    2.4300,     1.6249,     0.0081
     1.686,    0.0000,    0.0000,    0.0000,    0.0000,    2.5597,    2.2725,    2.5597,    0.0000,    2.4304,     1.6229,     0.0082
     1.687,    0.0000,    0.0000,    0.0000,    0.0000,    2.5603,    2.3015,    2.5603,    0.0000,    2.4310,     1.6211,     0.0082
     1.688,    0.0000,    0.0000,    0.0000,    0.0000,    2.5610,    2.3189,    2.5610,    0.0000,    2.4316,     1.6194,     0.0083
     1.689,    0.0000,    0.0000,    0.0000,    0.0000,    2.5617,    2.3286,    2.5617,    0.0000,    2.4323,     1.6176,     0.0084
     1.690,    0.0000,    0.0000,    0.0000,    0.0000,    2.5622,    2.3339,    2.5622,    0.0000,    2.4328,     1.6158,     0.0085
     1.691,    0.0000,    0.0000,    0.0000,    0.0000,    2.5627,    2.3367,    2.5627,    0.0000,    2.4333,     1.6139,     0.0086
     1.692,    0.0000,    0.0000,    0.0000,    0.0000,    2.5635,    2.3384,    2.5635,    0.0000,    2.4340,     1.6122,     0.0087
     1.693,    0.0000,    0.0000,    0.0000,    0.0000,    2.5647,    2.3400,    2.5647,    0.0000,    2.4351,     1.6108,     0.0088
     1.694,    0.0000,    0.0000,    0.0000,    0.0000,    2.5657,    2.3410,    2.5657,    0.0000,    2.4360,     1.6092,     0.0089
     1.695,    0.0000,    0.0000,    0.0000,    0.0000,    2.5659,    2.3413,    2.5659,    0.0000,    2.4363,     1.6072,     0.0089
     1.696,    0.0000,    0.0000,    0.0000,    0.0000,    2.5663,    2.3417,    2.5663,    0.0000,    2.4367,     1.6053,     0.0090
     1.697,    0.0000,    0.0000,    0.0000,    0.0000,    2.5677,    2.3430,    2.5677,    0.0000,    2.4380,     1.6040,     0.0091
     1.698,    0.0000,    0.0000,    0.0000,    0.0000,    2.5690,    2.3442,    2.5690,    0.0000,    2.4392,     1.6026,     0.0092
     1.699,    0.0000,    0.0000,    0.0000,    0.0000,    2.5690,    2.3442,    2.5690,    0.0000,    2.4392,     1.6004,     0.0093
     1.700,    0.0000,    0.0000,    0.0000,    0.0000,    2.5690,    2.3442,    2.5690,    0.0000,    2.4392,     1.5982,     0.0094
     1.701,    0.0000,    0.0000,    0.0000,    0.0000,    2.5702,    2.3453,    2.5702,    0.0000,    2.4403,     1.5968,     0.0095
     1.702,    0.0000,    0.0000,    0.0000,    0.0000,    2.5720,    2.3469,    2.5720,    0.0000,    2.4420,     1.5957,     0.0096
     1.703,    0.0000,    0.0000,    0.0000,    0.0000,    2.5732,    2.3481,    2.5732,    0.0000,    2.4432,     1.5943,     0.0097
     1.704,    0.0000,    0.0000,    0.0000,    0.0000,    2.5738,    2.3486,    2.5738,    0.0000,    2.4438,     1.5925,     0.0098
     1.705,    0.0000,    0.0000,    0.0000,    0.0000,    2.5740,    2.3488,    2.5740,    0.0000,    2.4440,     1.5904,     0.0099
     1.706,    0.0000,    0.0000,    0.0000,    0.0000,    2.5743,    2.3491,    2.5743,    0.0000,    2.4443,     1.5885,     0.0100
     1.707,    0.0000,    0.0000,    0.0000,    0.0000,    2.5754,    2.3500,    2.5754,    0.0000,    2.4452,     1.5869,     0.0101
     1.708,    0.0000,    0.0000,    0.0000,    0.0000,    2.5765,    2.3511,    2.5765,    0.0000,    2.4464,     1.5855,     0.0102
     1.709,    0.0000,    0.0000,    0.0000,    0.0000,    2.5773,    2.3518,    2.5773,    0.0000,    2.4471,     1.5837,     0.0103
     1.710,    0.0000,    0.0000,    0.0000,    0.0000,    2.5779,    2.3523,    2.5779,    0.0000,    2.4476,     1.5819,     0.0104
     1.711,    0.0000,    0.0000,    0.0000,    0.0000,    2.5785,    2.3529,    2.5785,    0.0000,    2.4482,     1.5801,     0.0104
     1.712,    0.0000,    0.0000,    0.0000,    0.0000,    2.5793,    2.3536,    2.5793,    0.0000,    2.4490,     1.5784,     0.0105
