romanisim/data/roman-technical-information/data/WideFieldInstrument/Imaging/EffectiveAreas/Roman_effarea_v8_SCA07_20240301.ecsv
# %ECSV 1.0
# ---
# Effective area for Roman (m^2) - parameters as of 2024 03 01
# datatype:
# - {name: Wave, datatype: float32}
# - {name: F062, datatype: float32}
# - {name: F087, datatype: float32}
# - {name: F106, datatype: float32}
# - {name: F129, datatype: float32}
# - {name: F158, datatype: float32}
# - {name: F184, datatype: float32}
# - {name: F146, datatype: float32}
# - {name: F213, datatype: float32}
# - {name: Prism, datatype: float32}
# - {name: Grism_1stOrder, datatype: float32}
# - {name: Grism_0thOrder, datatype: float32}
# schema: astropy-2.0
Wave, F062, F087, F106, F129, F158, F184, F146, F213, Prism, Grism_1stOrder, Grism_0thOrder
[from data line 1075]
     1.475,    0.0000,    0.0000,    0.0000,    0.0000,    2.4887,    0.0000,    2.4887,    0.0000,    2.5121,     1.9540,     0.0003
     1.476,    0.0000,    0.0000,    0.0000,    0.0000,    2.4888,    0.0000,    2.4888,    0.0000,    2.5123,     1.9526,     0.0003
     1.477,    0.0000,    0.0000,    0.0000,    0.0000,    2.4891,    0.0000,    2.4891,    0.0000,    2.5125,     1.9512,     0.0003
     1.478,    0.0000,    0.0000,    0.0000,    0.0000,    2.4894,    0.0000,    2.4894,    0.0000,    2.5128,     1.9499,     0.0003
     1.479,    0.0000,    0.0000,    0.0000,    0.0000,    2.4897,    0.0000,    2.4897,    0.0000,    2.5131,     1.9486,     0.0003
     1.480,    0.0000,    0.0000,    0.0000,    0.0000,    2.4901,    0.0000,    2.4901,    0.0000,    2.5135,     1.9473,     0.0003
     1.481,    0.0000,    0.0000,    0.0000,    0.0000,    2.4906,    0.0000,    2.4906,    0.0000,    2.5141,     1.9461,     0.0003
     1.482,    0.0000,    0.0000,    0.0000,    0.0000,    2.4910,    0.0000,    2.4910,    0.0000,    2.5145,     1.9448,     0.0003
     1.483,    0.0000,    0.0000,    0.0000,    0.0000,    2.4912,    0.0000,    2.4912,    0.0000,    2.5146,     1.9433,     0.0003
     1.484,    0.0000,    0.0000,    0.0000,    0.0000,    2.4912,    0.0000,    2.4912,    0.0000,    2.5147,     1.9418,     0.0003
     1.485,    0.0000,    0.0000,    0.0000,    0.0000,    2.4916,    0.0000,    2.4916,    0.0000,    2.5150,     1.9404,     0.0003
     1.486,    0.0000,    0.0000,    0.0000,    0.0000,    2.4919,    0.0000,    2.4919,    0.0000,    2.5154,     1.9391,     0.0003
     1.487,    0.0000,    0.0000,    0.0000,    0.0000,    2.4922,    0.0000,    2.4922,    0.0000,    2.5156,     1.9377,     0.0004
     1.488,    0.0000,    0.0000,    0.0000,    0.0000,    2.4923,    0.0000,    2.4923,    0.0000,    2.5157,     1.9361,     0.0004
     1.489,    0.0000,    0.0000,    0.0000,    0.0000,    2.4923,    0.0000,    2.4923,    0.0000,    2.5158,     1.9345,     0.0004
     1.490,    0.0000,    0.0000,    0.0000,    0.0000,    2.4925,    0.0000,    2.4925,    0.0000,    2.5160,     1.9330,     0.0004
     1.491,    0.0000,    0.0000,    0.0000,    0.0000,    2.4929,    0.0000,    2.4929,    0.0000,    2.5164,     1.9317,     0.0004
     1.492,    0.0000,    0.0000,    0.0000,    0.0000,    2.4934,    0.0000,    2.4934,    0.0000,    2.5168,     1.9304,     0.0004
     1.493,    0.0000,    0.0000,    0.0000,    0.0000,    2.4935,    0.0000,    2.4935,    0.0000,    2.5170,     1.9288,     0.0004
     1.494,    0.0000,    0.0000,    0.0000,    0.0000,    2.4937,    0.0000,    2.4937,    0.0000,    2.5172,     1.9273,     0.0004
     1.495,    0.0000,    0.0000,    0.0000,    0.0000,    2.4943,    0.0000,    2.4943,    0.0000,    2.5178,     1.9261,     0.0004
     1.496,    0.0000,    0.0000,    0.0000,    0.0000,    2.4950,    0.0000,    2.4950,    0.0000,    2.5185,     1.9250,     0.0004
     1.497,    0.0000,    0.0000,    0.0000,    0.0000,    2.4953,    0.0000,    2.4953,    0.0000,    2.5188,     1.9235,     0.0005
     1.498,    0.0000,    0.0000,    0.0000,    0.0000,    2.4954,    0.0000,    2.4954,    0.0000,    2.5189,     1.9219,     0.0005
     1.499,    0.0000,    0.0000,    0.0000,    0.0000,    2.4953,    0.0000,    2.4953,    0.0000,    2.5188,     1.9201,     0.0005
     1.500,    0.0000,    0.0000,    0.0000,    0.0000,    2.4954,    0.0000,    2.4954,    0.0000,    2.5189,     1.9185,     0.0005
     1.501,    0.0000,    0.0000,    0.0000,    0.0000,    2.4958,    0.0000,    2.4958,    0.0000,    2.5193,     1.9171,     0.0005
     1.502,    0.0000,    0.0000,    0.0000,    0.0000,    2.4964,    0.0000,    2.4964,    0.0000,    2.5199,     1.9159,     0.0005
     1.503,    0.0000,    0.0000,    0.0000,    0.0000,    2.4970,    0.0000,    2.4970,    0.0000,    2.5205,     1.9146,     0.0005
     1.504,    0.0000,    0.0000,    0.0000,    0.0000,    2.4974,    0.0000,    2.4974,    0.0000,    2.5210,     1.9132,     0.0005
     1.505,    0.0000,    0.0000,    0.0000,    0.0000,    2.4979,    0.0000,    2.4979,    0.0000,    2.5214,     1.9119,     0.0005
     1.506,    0.0000,    0.0000,    0.0000,    0.0000,    2.4984,    0.0000,    2.4984,    0.0000,    2.5219,     1.9105,     0.0006
     1.507,    0.0000,    0.0000,    0.0000,    0.0000,    2.4988,    0.0000,    2.4988,    0.0000,    2.5223,     1.9091,     0.0006
     1.508,    0.0000,    0.0000,    0.0000,    0.0000,    2.4990,    0.0000,    2.4990,    0.0000,    2.5226,     1.9075,     0.0006
     1.509,    0.0000,    0.0000,    0.0000,    0.0000,    2.4989,    0.0000,    2.4989,    0.0000,    2.5225,     1.9057,     0.0006
     1.510,    0.0000,    0.0000,    0.0000,    0.0000,    2.4990,    0.0000,    2.4990,    0.0000,    2.5225,     1.9040,     0.0006
     1.511,    0.0000,    0.0000,    0.0000,    0.0000,    2.4995,    0.0000,    2.4995,    0.0000,    2.5231,     1.9026,     0.0006
     1.512,    0.0000,    0.0000,    0.0000,    0.0000,    2.5004,    0.0000,    2.5004,    0.0000,    2.5239,     1.9015,     0.0006
     1.513,    0.0000,    0.0000,    0.0000,    0.0000,    2.5012,    0.0000,    2.5012,    0.0000,    2.5247,     1.9003,     0.0007
     1.514,    0.0000,    0.0000,    0.0000,    0.0000,    2.5016,    0.0000,    2.5016,    0.0000,    2.5252,     1.8989,     0.0007
     1.515,    0.0000,    0.0000,    0.0000,    0.0000,    2.5017,    0.0000,    2.5017,    0.0000,    2.5253,     1.8972,     0.0007
     1.516,    0.0000,    0.0000,    0.0000,    0.0000,    2.5017,    0.0000,    2.5017,    0.0000,    2.5252,     1.8954,     0.0007
     1.517,    0.0000,    0.0000,    0.0000,    0.0000,    2.5017,    0.0000,    2.5017,    0.0000,    2.5253,     1.8936,     0.0007
     1.518,    0.0000,    0.0000,    0.0000,    0.0000,    2.5019,    0.0000,    2.5019,    0.0000,    2.5254,     1.8920,     0.0007
     1.519,    0.0000,    0.0000,    0.0000,    0.0000,    2.5021,    0.0000,    2.5021,    0.0000,    2.5256,     1.8903,     0.0007
     1.520,    0.0000,    0.0000,    0.0000,    0.0000,    2.5024,    0.0000,    2.5024,    0.0000,    2.5260,     1.8888,     0.0008
     1.521,    0.0000,    0.0000,    0.0000,    0.0000,    2.5028,    0.0000,    2.5028,    0.0000,    2.5264,     1.8873,     0.0008
     1.522,    0.0000,    0.0000,    0.0000,    0.0000,    2.5033,    0.0000,    2.5033,    0.0000,    2.5268,     1.8858,     0.0008
     1.523,    0.0000,    0.0000,    0.0000,    0.0000,    2.5036,    0.0000,    2.5036,    0.0000,    2.5272,     1.8842,     0.0008
     1.524,    0.0000,    0.0000,    0.0000,    0.0000,    2.5040,    0.0000,    2.5040,    0.0000,    2.5275,     1.8827,     0.0008
     1.525,    0.0000,    0.0000,    0.0000,    0.0000,    2.5045,    0.0000,    2.5045,    0.0000,    2.5280,     1.8812,     0.0008
     1.526,    0.0000,    0.0000,    0.0000,    0.0000,    2.5050,    0.0000,    2.5050,    0.0000,    2.5286,     1.8798,     0.0009
     1.527,    0.0000,    0.0000,    0.0000,    0.0000,    2.5056,    0.0000,    2.5056,    0.0000,    2.5292,     1.8784,     0.0009
     1.528,    0.0000,    0.0000,    0.0000,    0.0000,    2.5060,    0.0000,    2.5060,    0.0000,    2.5296,     1.8769,     0.0009
     1.529,    0.0000,    0.0000,    0.0000,    0.0000,    2.5061,    0.0000,    2.5061,    0.0000,    2.5297,     1.8752,     0.0009
     1.530,    0.0000,    0.0000,    0.0000,    0.0000,    2.5064,    0.0000,    2.5064,    0.0000,    2.5300,     1.8735,     0.0009
     1.531,    0.0000,    0.0000,    0.0000,    0.0000,    2.5072,    0.0000,    2.5072,    0.0000,    2.5308,     1.8722,     0.0009
     1.532,    0.0000,    0.0000,    0.0000,    0.0000,    2.5079,    0.0000,    2.5079,    0.0000,    2.5315,     1.8709,     0.0010
     1.533,    0.0000,    0.0000,    0.0000,    0.0000,    2.5080,    0.0000,    2.5080,    0.0000,    2.5317,     1.8692,     0.0010
     1.534,    0.0000,    0.0000,    0.0000,    0.0000,    2.5080,    0.0000,    2.5080,    0.0000,    2.5316,     1.8672,     0.0010
     1.535,    0.0000,    0.0000,    0.0000,    0.0000,    2.5081,    0.0000,    2.5081,    0.0000,    2.5317,     1.8655,     0.0010
     1.536,    0.0000,    0.0000,    0.0000,    0.0000,    2.5084,    0.0000,    2.5084,    0.0000,    2.5320,     1.8638,     0.0010
     1.537,    0.0000,    0.0000,    0.0000,    0.0000,    2.5087,    0.0000,    2.5087,    0.0000,    2.5323,     1.8621,     0.0011
     1.538,    0.0000,    0.0000,    0.0000,    0.0000,    2.5091,    0.0000,    2.5091,    0.0000,    2.5327,     1.8606,     0.0011
     1.539,    0.0000,    0.0000,    0.0000,    0.0000,    2.5099,    0.0000,    2.5099,    0.0000,    2.5335,     1.8592,     0.0011
     1.540,    0.0000,    0.0000,    0.0000,    0.0000,    2.5105,    0.0000,    2.5105,    0.0000,    2.5342,     1.8579,     0.0011
     1.541,    0.0000,    0.0000,    0.0000,    0.0000,    2.5107,    0.0000,    2.5107,    0.0000,    2.5343,     1.8561,     0.0011
     1.542,    0.0000,    0.0000,    0.0000,    0.0000,    2.5106,    0.0000,    2.5106,    0.0000,    2.5342,     1.8541,     0.0012
     1.543,    0.0000,    0.0000,    0.0000,    0.0000,    2.5105,    0.0000,    2.5105,    0.0000,    2.5341,     1.8521,     0.0012
     1.544,    0.0000,    0.0000,    0.0000,    0.0000,    2.5107,    0.0000,    2.5107,    0.0000,    2.5344,     1.8504,     0.0012
     1.545,    0.0000,    0.0000,    0.0000,    0.0000,    2.5116,    0.0000,    2.5116,    0.0000,    2.5352,     1.8491,     0.0012
     1.546,    0.0000,    0.0000,    0.0000,    0.0000,    2.5125,    0.0000,    2.5125,    0.0000,    2.5362,     1.8479,     0.0012
     1.547,    0.0000,    0.0000,    0.0000,    0.0000,    2.5130,    0.0000,    2.5130,    0.0000,    2.5367,     1.8463,     0.0013
     1.548,    0.0000,    0.0000,    0.0000,    0.0000,    2.5133,    0.0000,    2.5133,    0.0000,    2.5370,     1.8447,     0.0013
     1.549,    0.0000,    0.0000,    0.0000,    0.0000,    2.5138,    0.0000,    2.5138,    0.0000,    2.5375,     1.8431,     0.0013
     1.550,    0.0000,    0.0000,    0.0000,    0.0000,    2.5142,    0.0000,    2.5142,    0.0000,    2.5379,     1.8415,     0.0013
     1.551,    0.0000,    0.0000,    0.0000,    0.0000,    2.5142,    0.0000,    2.5142,    0.0000,    2.5379,     1.8395,     0.0014
     1.552,    0.0000,    0.0000,    0.0000,    0.0000,    2.5142,    0.0000,    2.5142,    0.0000,    2.5379,     1.8376,     0.0014
     1.553,    0.0000,    0.0000,    0.0000,    0.0000,    2.5146,    0.0000,    2.5146,    0.0000,    2.5383,     1.8360,     0.0014
     1.554,    0.0000,    0.0000,    0.0000,    0.0000,    2.5152,    0.0000,    2.5152,    0.0000,    2.5389,     1.8344,     0.0014
     1.555,    0.0000,    0.0000,    0.0000,    0.0000,    2.5156,    0.0000,    2.5156,    0.0000,    2.5393,     1.8328,     0.0014
     1.556,    0.0000,    0.0000,    0.0000,    0.0000,    2.5157,    0.0000,    2.5157,    0.0000,    2.5394,     1.8309,     0.0015
     1.557,    0.0000,    0.0000,    0.0000,    0.0000,    2.5156,    0.0000,    2.5156,    0.0000,    2.5392,     1.8289,     0.0015
     1.558,    0.0000,    0.0000,    0.0000,    0.0000,    2.5157,    0.0000,    2.5157,    0.0000,    2.5394,     1.8270,     0.0015
     1.559,    0.0000,    0.0000,    0.0000,    0.0000,    2.5164,    0.0000,    2.5164,    0.0000,    2.5401,     1.8255,     0.0015
     1.560,    0.0000,    0.0000,    0.0000,    0.0000,    2.5170,    0.0000,    2.5170,    0.0000,    2.5407,     1.8241,     0.0016
     1.561,    0.0000,    0.0000,    0.0000,    0.0000,    2.5170,    0.0000,    2.5170,    0.0000,    2.5407,     1.8221,     0.0016
     1.562,    0.0000,    0.0000,    0.0000,    0.0000,    2.5171,    0.0000,    2.5171,    0.0000,    2.5408,     1.8202,     0.0016
     1.563,    0.0000,    0.0000,    0.0000,    0.0000,    2.5180,    0.0000,    2.5180,    0.0000,    2.5417,     1.8189,     0.0017
     1.564,    0.0000,    0.0000,    0.0000,    0.0000,    2.5190,    0.0000,    2.5190,    0.0000,    2.5427,     1.8176,     0.0017
     1.565,    0.0000,    0.0000,    0.0000,    0.0000,    2.5193,    0.0000,    2.5193,    0.0000,    2.5430,     1.8158,     0.0017
     1.566,    0.0000,    0.0000,    0.0000,    0.0000,    2.5193,    0.0000,    2.5193,    0.0000,    2.5430,     1.8138,     0.0017
     1.567,    0.0000,    0.0000,    0.0000,    0.0000,    2.5194,    0.0000,    2.5194,    0.0000,    2.5431,     1.8120,     0.0018
     1.568,    0.0000,    0.0000,    0.0000,    0.0000,    2.5200,    0.0000,    2.5200,    0.0000,    2.5437,     1.8104,     0.0018
     1.569,    0.0000,    0.0000,    0.0000,    0.0000,    2.5209,    0.0000,    2.5209,    0.0000,    2.5447,     1.8091,     0.0018
     1.570,    0.0000,    0.0000,    0.0000,    0.0000,    2.5215,    0.0000,    2.5215,    0.0000,    2.5452,     1.8075,     0.0019
     1.571,    0.0000,    0.0000,    0.0000,    0.0000,    2.5212,    0.0000,    2.5212,    0.0000,    2.5450,     1.8053,     0.0019
     1.572,    0.0000,    0.0000,    0.0000,    0.0000,    2.5210,    0.0000,    2.5210,    0.0000,    2.5447,     1.8031,     0.0019
     1.573,    0.0000,    0.0000,    0.0000,    0.0000,    2.5217,    0.0000,    2.5217,    0.0000,    2.5454,     1.8016,     0.0019
     1.574,    0.0000,    0.0000,    0.0000,    0.0000,    2.5228,    0.0000,    2.5228,    0.0000,    2.5465,     1.8004,     0.0020
     1.575,    0.0000,    0.0000,    0.0000,    0.0000,    2.5234,    0.0000,    2.5234,    0.0000,    2.5471,     1.7988,     0.0020
     1.576,    0.0000,    0.0000,    0.0000,    0.0000,    2.5236,    0.0000,    2.5236,    0.0000,    2.5473,     1.7970,     0.0020
     1.577,    0.0000,    0.0000,    0.0000,    0.0000,    2.5235,    0.0000,    2.5235,    0.0000,    2.5472,     1.7949,     0.0021
     1.578,    0.0000,    0.0000,    0.0000,    0.0000,    2.5234,    0.0000,    2.5234,    0.0000,    2.5472,     1.7929,     0.0021
     1.579,    0.0000,    0.0000,    0.0000,    0.0000,    2.5237,    0.0000,    2.5237,    0.0000,    2.5475,     1.7910,     0.0021
     1.580,    0.0000,    0.0000,    0.0000,    0.0000,    2.5241,    0.0000,    2.5241,    0.0000,    2.5479,     1.7893,     0.0022
     1.581,    0.0000,    0.0000,    0.0000,    0.0000,    2.5243,    0.0000,    2.5243,    0.0000,    2.5481,     1.7874,     0.0022
     1.582,    0.0000,    0.0000,    0.0000,    0.0000,    2.5247,    0.0000,    2.5247,    0.0000,    2.5485,     1.7857,     0.0022
     1.583,    0.0000,    0.0000,    0.0000,    0.0000,    2.5254,    0.0000,    2.5254,    0.0000,    2.5491,     1.7841,     0.0023
     1.584,    0.0000,    0.0000,    0.0000,    0.0000,    2.5259,    0.0000,    2.5259,    0.0000,    2.5497,     1.7825,     0.0023
     1.585,    0.0000,    0.0000,    0.0000,    0.0000,    2.5260,    0.0000,    2.5260,    0.0000,    2.5498,     1.7805,     0.0023
     1.586,    0.0000,    0.0000,    0.0000,    0.0000,    2.5261,    0.0000,    2.5261,    0.0000,    2.5499,     1.7786,     0.0024
     1.587,    0.0000,    0.0000,    0.0000,    0.0000,    2.5269,    0.0000,    2.5269,    0.0000,    2.5507,     1.7770,     0.0024
     1.588,    0.0000,    0.0000,    0.0000,    0.0000,    2.5278,    0.0000,    2.5278,    0.0000,    2.5516,     1.7756,     0.0024
     1.589,    0.0000,    0.0000,    0.0000,    0.0000,    2.5283,    0.0000,    2.5283,    0.0000,    2.5521,     1.7740,     0.0025
     1.590,    0.0000,    0.0000,    0.0000,    0.0000,    2.5286,    0.0000,    2.5286,    0.0000,    2.5524,     1.7721,     0.0025
     1.591,    0.0000,    0.0000,    0.0000,    0.0000,    2.5287,    0.0000,    2.5287,    0.0000,    2.5525,     1.7702,     0.0025
     1.592,    0.0000,    0.0000,    0.0000,    0.0000,    2.5291,    0.0000,    2.5291,    0.0000,    2.5529,     1.7684,     0.0026
     1.593,    0.0000,    0.0000,    0.0000,    0.0000,    2.5299,    0.0000,    2.5299,    0.0000,    2.5537,     1.7669,     0.0026
