romanisim/data/roman-technical-information/data/WideFieldInstrument/Imaging/EffectiveAreas/Roman_effarea_v8_SCA11_20240301.ecsv
# %ECSV 1.0
# ---
# Effective area for Roman (m^2) - parameters as of 2024 03 01
# datatype:
# - {name: Wave, datatype: float32}
# - {name: F062, datatype: float32}
# - {name: F087, datatype: float32}
# - {name: F106, datatype: float32}
# - {name: F129, datatype: float32}
# - {name: F158, datatype: float32}
# - {name: F184, datatype: float32}
# - {name: F146, datatype: float32}
# - {name: F213, datatype: float32}
# - {name: Prism, datatype: float32}
# - {name: Grism_1stOrder, datatype: float32}
# - {name: Grism_0thOrder, datatype: float32}
# schema: astropy-2.0
Wave, F062, F087, F106, F129, F158, F184, F146, F213, Prism, Grism_1stOrder, Grism_0thOrder
[from data line 1075]
     1.475,    0.0000,    0.0000,    0.0000,    0.0000,    2.5018,    0.0000,    2.5018,    0.0000,    2.3854,     2.0646,     0.0003
     1.476,    0.0000,    0.0000,    0.0000,    0.0000,    2.5021,    0.0000,    2.5021,    0.0000,    2.3856,     2.0632,     0.0003
     1.477,    0.0000,    0.0000,    0.0000,    0.0000,    2.5025,    0.0000,    2.5025,    0.0000,    2.3860,     2.0618,     0.0003
     1.478,    0.0000,    0.0000,    0.0000,    0.0000,    2.5029,    0.0000,    2.5029,    0.0000,    2.3865,     2.0606,     0.0003
     1.479,    0.0000,    0.0000,    0.0000,    0.0000,    2.5034,    0.0000,    2.5034,    0.0000,    2.3869,     2.0593,     0.0003
     1.480,    0.0000,    0.0000,    0.0000,    0.0000,    2.5039,    0.0000,    2.5039,    0.0000,    2.3874,     2.0580,     0.0003
     1.481,    0.0000,    0.0000,    0.0000,    0.0000,    2.5046,    0.0000,    2.5046,    0.0000,    2.3881,     2.0569,     0.0003
     1.482,    0.0000,    0.0000,    0.0000,    0.0000,    2.5052,    0.0000,    2.5052,    0.0000,    2.3886,     2.0557,     0.0003
     1.483,    0.0000,    0.0000,    0.0000,    0.0000,    2.5055,    0.0000,    2.5055,    0.0000,    2.3889,     2.0543,     0.0003
     1.484,    0.0000,    0.0000,    0.0000,    0.0000,    2.5057,    0.0000,    2.5057,    0.0000,    2.3891,     2.0528,     0.0003
     1.485,    0.0000,    0.0000,    0.0000,    0.0000,    2.5062,    0.0000,    2.5062,    0.0000,    2.3896,     2.0515,     0.0004
     1.486,    0.0000,    0.0000,    0.0000,    0.0000,    2.5068,    0.0000,    2.5068,    0.0000,    2.3901,     2.0502,     0.0004
     1.487,    0.0000,    0.0000,    0.0000,    0.0000,    2.5072,    0.0000,    2.5072,    0.0000,    2.3905,     2.0488,     0.0004
     1.488,    0.0000,    0.0000,    0.0000,    0.0000,    2.5074,    0.0000,    2.5074,    0.0000,    2.3907,     2.0473,     0.0004
     1.489,    0.0000,    0.0000,    0.0000,    0.0000,    2.5077,    0.0000,    2.5077,    0.0000,    2.3909,     2.0458,     0.0004
     1.490,    0.0000,    0.0000,    0.0000,    0.0000,    2.5080,    0.0000,    2.5080,    0.0000,    2.3913,     2.0443,     0.0004
     1.491,    0.0000,    0.0000,    0.0000,    0.0000,    2.5086,    0.0000,    2.5086,    0.0000,    2.3919,     2.0431,     0.0004
     1.492,    0.0000,    0.0000,    0.0000,    0.0000,    2.5092,    0.0000,    2.5092,    0.0000,    2.3924,     2.0418,     0.0004
     1.493,    0.0000,    0.0000,    0.0000,    0.0000,    2.5095,    0.0000,    2.5095,    0.0000,    2.3928,     2.0403,     0.0004
     1.494,    0.0000,    0.0000,    0.0000,    0.0000,    2.5099,    0.0000,    2.5099,    0.0000,    2.3931,     2.0389,     0.0004
     1.495,    0.0000,    0.0000,    0.0000,    0.0000,    2.5107,    0.0000,    2.5107,    0.0000,    2.3939,     2.0378,     0.0005
     1.496,    0.0000,    0.0000,    0.0000,    0.0000,    2.5116,    0.0000,    2.5116,    0.0000,    2.3947,     2.0367,     0.0005
     1.497,    0.0000,    0.0000,    0.0000,    0.0000,    2.5121,    0.0000,    2.5121,    0.0000,    2.3952,     2.0353,     0.0005
     1.498,    0.0000,    0.0000,    0.0000,    0.0000,    2.5123,    0.0000,    2.5123,    0.0000,    2.3954,     2.0337,     0.0005
     1.499,    0.0000,    0.0000,    0.0000,    0.0000,    2.5124,    0.0000,    2.5124,    0.0000,    2.3955,     2.0320,     0.0005
     1.500,    0.0000,    0.0000,    0.0000,    0.0000,    2.5127,    0.0000,    2.5127,    0.0000,    2.3958,     2.0304,     0.0005
     1.501,    0.0000,    0.0000,    0.0000,    0.0000,    2.5133,    0.0000,    2.5133,    0.0000,    2.3964,     2.0291,     0.0005
     1.502,    0.0000,    0.0000,    0.0000,    0.0000,    2.5141,    0.0000,    2.5141,    0.0000,    2.3971,     2.0280,     0.0005
     1.503,    0.0000,    0.0000,    0.0000,    0.0000,    2.5149,    0.0000,    2.5149,    0.0000,    2.3979,     2.0268,     0.0006
     1.504,    0.0000,    0.0000,    0.0000,    0.0000,    2.5156,    0.0000,    2.5156,    0.0000,    2.3985,     2.0255,     0.0006
     1.505,    0.0000,    0.0000,    0.0000,    0.0000,    2.5162,    0.0000,    2.5162,    0.0000,    2.3991,     2.0242,     0.0006
     1.506,    0.0000,    0.0000,    0.0000,    0.0000,    2.5169,    0.0000,    2.5169,    0.0000,    2.3998,     2.0229,     0.0006
     1.507,    0.0000,    0.0000,    0.0000,    0.0000,    2.5176,    0.0000,    2.5176,    0.0000,    2.4004,     2.0216,     0.0006
     1.508,    0.0000,    0.0000,    0.0000,    0.0000,    2.5180,    0.0000,    2.5180,    0.0000,    2.4008,     2.0201,     0.0006
     1.509,    0.0000,    0.0000,    0.0000,    0.0000,    2.5181,    0.0000,    2.5181,    0.0000,    2.4009,     2.0183,     0.0006
     1.510,    0.0000,    0.0000,    0.0000,    0.0000,    2.5183,    0.0000,    2.5183,    0.0000,    2.4011,     2.0166,     0.0006
     1.511,    0.0000,    0.0000,    0.0000,    0.0000,    2.5191,    0.0000,    2.5191,    0.0000,    2.4019,     2.0154,     0.0007
     1.512,    0.0000,    0.0000,    0.0000,    0.0000,    2.5202,    0.0000,    2.5202,    0.0000,    2.4029,     2.0144,     0.0007
     1.513,    0.0000,    0.0000,    0.0000,    0.0000,    2.5211,    0.0000,    2.5211,    0.0000,    2.4038,     2.0133,     0.0007
     1.514,    0.0000,    0.0000,    0.0000,    0.0000,    2.5218,    0.0000,    2.5218,    0.0000,    2.4044,     2.0119,     0.0007
     1.515,    0.0000,    0.0000,    0.0000,    0.0000,    2.5221,    0.0000,    2.5221,    0.0000,    2.4047,     2.0103,     0.0007
     1.516,    0.0000,    0.0000,    0.0000,    0.0000,    2.5222,    0.0000,    2.5222,    0.0000,    2.4048,     2.0085,     0.0007
     1.517,    0.0000,    0.0000,    0.0000,    0.0000,    2.5224,    0.0000,    2.5224,    0.0000,    2.4050,     2.0068,     0.0008
     1.518,    0.0000,    0.0000,    0.0000,    0.0000,    2.5228,    0.0000,    2.5228,    0.0000,    2.4054,     2.0051,     0.0008
     1.519,    0.0000,    0.0000,    0.0000,    0.0000,    2.5232,    0.0000,    2.5232,    0.0000,    2.4058,     2.0036,     0.0008
     1.520,    0.0000,    0.0000,    0.0000,    0.0000,    2.5237,    0.0000,    2.5237,    0.0000,    2.4063,     2.0021,     0.0008
     1.521,    0.0000,    0.0000,    0.0000,    0.0000,    2.5243,    0.0000,    2.5243,    0.0000,    2.4068,     2.0006,     0.0008
     1.522,    0.0000,    0.0000,    0.0000,    0.0000,    2.5249,    0.0000,    2.5249,    0.0000,    2.4074,     1.9992,     0.0008
     1.523,    0.0000,    0.0000,    0.0000,    0.0000,    2.5254,    0.0000,    2.5254,    0.0000,    2.4079,     1.9977,     0.0008
     1.524,    0.0000,    0.0000,    0.0000,    0.0000,    2.5260,    0.0000,    2.5260,    0.0000,    2.4084,     1.9962,     0.0009
     1.525,    0.0000,    0.0000,    0.0000,    0.0000,    2.5266,    0.0000,    2.5266,    0.0000,    2.4090,     1.9948,     0.0009
     1.526,    0.0000,    0.0000,    0.0000,    0.0000,    2.5274,    0.0000,    2.5274,    0.0000,    2.4098,     1.9934,     0.0009
     1.527,    0.0000,    0.0000,    0.0000,    0.0000,    2.5281,    0.0000,    2.5281,    0.0000,    2.4105,     1.9920,     0.0009
     1.528,    0.0000,    0.0000,    0.0000,    0.0000,    2.5287,    0.0000,    2.5287,    0.0000,    2.4110,     1.9905,     0.0009
     1.529,    0.0000,    0.0000,    0.0000,    0.0000,    2.5290,    0.0000,    2.5290,    0.0000,    2.4113,     1.9888,     0.0010
     1.530,    0.0000,    0.0000,    0.0000,    0.0000,    2.5294,    0.0000,    2.5294,    0.0000,    2.4117,     1.9872,     0.0010
     1.531,    0.0000,    0.0000,    0.0000,    0.0000,    2.5303,    0.0000,    2.5303,    0.0000,    2.4126,     1.9859,     0.0010
     1.532,    0.0000,    0.0000,    0.0000,    0.0000,    2.5312,    0.0000,    2.5312,    0.0000,    2.4134,     1.9846,     0.0010
     1.533,    0.0000,    0.0000,    0.0000,    0.0000,    2.5314,    0.0000,    2.5314,    0.0000,    2.4136,     1.9828,     0.0010
     1.534,    0.0000,    0.0000,    0.0000,    0.0000,    2.5315,    0.0000,    2.5315,    0.0000,    2.4136,     1.9809,     0.0011
     1.535,    0.0000,    0.0000,    0.0000,    0.0000,    2.5317,    0.0000,    2.5317,    0.0000,    2.4139,     1.9791,     0.0011
     1.536,    0.0000,    0.0000,    0.0000,    0.0000,    2.5321,    0.0000,    2.5321,    0.0000,    2.4143,     1.9775,     0.0011
     1.537,    0.0000,    0.0000,    0.0000,    0.0000,    2.5325,    0.0000,    2.5325,    0.0000,    2.4146,     1.9757,     0.0011
     1.538,    0.0000,    0.0000,    0.0000,    0.0000,    2.5330,    0.0000,    2.5330,    0.0000,    2.4151,     1.9742,     0.0011
     1.539,    0.0000,    0.0000,    0.0000,    0.0000,    2.5339,    0.0000,    2.5339,    0.0000,    2.4159,     1.9728,     0.0012
     1.540,    0.0000,    0.0000,    0.0000,    0.0000,    2.5346,    0.0000,    2.5346,    0.0000,    2.4167,     1.9714,     0.0012
     1.541,    0.0000,    0.0000,    0.0000,    0.0000,    2.5349,    0.0000,    2.5349,    0.0000,    2.4169,     1.9696,     0.0012
     1.542,    0.0000,    0.0000,    0.0000,    0.0000,    2.5348,    0.0000,    2.5348,    0.0000,    2.4168,     1.9675,     0.0012
     1.543,    0.0000,    0.0000,    0.0000,    0.0000,    2.5348,    0.0000,    2.5348,    0.0000,    2.4168,     1.9655,     0.0012
     1.544,    0.0000,    0.0000,    0.0000,    0.0000,    2.5351,    0.0000,    2.5351,    0.0000,    2.4171,     1.9637,     0.0013
     1.545,    0.0000,    0.0000,    0.0000,    0.0000,    2.5360,    0.0000,    2.5360,    0.0000,    2.4180,     1.9624,     0.0013
     1.546,    0.0000,    0.0000,    0.0000,    0.0000,    2.5370,    0.0000,    2.5370,    0.0000,    2.4189,     1.9611,     0.0013
     1.547,    0.0000,    0.0000,    0.0000,    0.0000,    2.5375,    0.0000,    2.5375,    0.0000,    2.4194,     1.9595,     0.0013
     1.548,    0.0000,    0.0000,    0.0000,    0.0000,    2.5378,    0.0000,    2.5378,    0.0000,    2.4197,     1.9577,     0.0014
     1.549,    0.0000,    0.0000,    0.0000,    0.0000,    2.5383,    0.0000,    2.5383,    0.0000,    2.4202,     1.9560,     0.0014
     1.550,    0.0000,    0.0000,    0.0000,    0.0000,    2.5387,    0.0000,    2.5387,    0.0000,    2.4205,     1.9543,     0.0014
     1.551,    0.0000,    0.0000,    0.0000,    0.0000,    2.5387,    0.0000,    2.5387,    0.0000,    2.4205,     1.9522,     0.0014
     1.552,    0.0000,    0.0000,    0.0000,    0.0000,    2.5386,    0.0000,    2.5386,    0.0000,    2.4205,     1.9501,     0.0015
     1.553,    0.0000,    0.0000,    0.0000,    0.0000,    2.5390,    0.0000,    2.5390,    0.0000,    2.4209,     1.9484,     0.0015
     1.554,    0.0000,    0.0000,    0.0000,    0.0000,    2.5396,    0.0000,    2.5396,    0.0000,    2.4214,     1.9467,     0.0015
     1.555,    0.0000,    0.0000,    0.0000,    0.0000,    2.5399,    0.0000,    2.5399,    0.0000,    2.4217,     1.9449,     0.0015
     1.556,    0.0000,    0.0000,    0.0000,    0.0000,    2.5400,    0.0000,    2.5400,    0.0000,    2.4217,     1.9429,     0.0016
     1.557,    0.0000,    0.0000,    0.0000,    0.0000,    2.5397,    0.0000,    2.5397,    0.0000,    2.4215,     1.9407,     0.0016
     1.558,    0.0000,    0.0000,    0.0000,    0.0000,    2.5398,    0.0000,    2.5398,    0.0000,    2.4216,     1.9386,     0.0016
     1.559,    0.0000,    0.0000,    0.0000,    0.0000,    2.5404,    0.0000,    2.5404,    0.0000,    2.4222,     1.9370,     0.0016
     1.560,    0.0000,    0.0000,    0.0000,    0.0000,    2.5410,    0.0000,    2.5410,    0.0000,    2.4227,     1.9354,     0.0017
     1.561,    0.0000,    0.0000,    0.0000,    0.0000,    2.5409,    0.0000,    2.5409,    0.0000,    2.4227,     1.9333,     0.0017
     1.562,    0.0000,    0.0000,    0.0000,    0.0000,    2.5409,    0.0000,    2.5409,    0.0000,    2.4227,     1.9312,     0.0017
     1.563,    0.0000,    0.0000,    0.0000,    0.0000,    2.5417,    0.0000,    2.5417,    0.0000,    2.4234,     1.9297,     0.0018
     1.564,    0.0000,    0.0000,    0.0000,    0.0000,    2.5426,    0.0000,    2.5426,    0.0000,    2.4243,     1.9283,     0.0018
     1.565,    0.0000,    0.0000,    0.0000,    0.0000,    2.5428,    0.0000,    2.5428,    0.0000,    2.4244,     1.9263,     0.0018
     1.566,    0.0000,    0.0000,    0.0000,    0.0000,    2.5426,    0.0000,    2.5426,    0.0000,    2.4243,     1.9241,     0.0018
     1.567,    0.0000,    0.0000,    0.0000,    0.0000,    2.5427,    0.0000,    2.5427,    0.0000,    2.4243,     1.9220,     0.0019
     1.568,    0.0000,    0.0000,    0.0000,    0.0000,    2.5431,    0.0000,    2.5431,    0.0000,    2.4248,     1.9202,     0.0019
     1.569,    0.0000,    0.0000,    0.0000,    0.0000,    2.5439,    0.0000,    2.5439,    0.0000,    2.4255,     1.9187,     0.0019
     1.570,    0.0000,    0.0000,    0.0000,    0.0000,    2.5444,    0.0000,    2.5444,    0.0000,    2.4260,     1.9170,     0.0020
     1.571,    0.0000,    0.0000,    0.0000,    0.0000,    2.5440,    0.0000,    2.5440,    0.0000,    2.4256,     1.9146,     0.0020
     1.572,    0.0000,    0.0000,    0.0000,    0.0000,    2.5436,    0.0000,    2.5436,    0.0000,    2.4252,     1.9122,     0.0020
     1.573,    0.0000,    0.0000,    0.0000,    0.0000,    2.5442,    0.0000,    2.5442,    0.0000,    2.4258,     1.9105,     0.0021
     1.574,    0.0000,    0.0000,    0.0000,    0.0000,    2.5452,    0.0000,    2.5452,    0.0000,    2.4267,     1.9091,     0.0021
     1.575,    0.0000,    0.0000,    0.0000,    0.0000,    2.5457,    0.0000,    2.5457,    0.0000,    2.4272,     1.9073,     0.0021
     1.576,    0.0000,    0.0000,    0.0000,    0.0000,    2.5457,    0.0000,    2.5457,    0.0000,    2.4272,     1.9052,     0.0022
     1.577,    0.0000,    0.0000,    0.0000,    0.0000,    2.5455,    0.0000,    2.5455,    0.0000,    2.4270,     1.9029,     0.0022
     1.578,    0.0000,    0.0000,    0.0000,    0.0000,    2.5453,    0.0000,    2.5453,    0.0000,    2.4269,     1.9007,     0.0022
     1.579,    0.0000,    0.0000,    0.0000,    0.0000,    2.5455,    0.0000,    2.5455,    0.0000,    2.4270,     1.8987,     0.0023
     1.580,    0.0000,    0.0000,    0.0000,    0.0000,    2.5458,    0.0000,    2.5458,    0.0000,    2.4273,     1.8967,     0.0023
     1.581,    0.0000,    0.0000,    0.0000,    0.0000,    2.5459,    0.0000,    2.5459,    0.0000,    2.4274,     1.8947,     0.0023
     1.582,    0.0000,    0.0000,    0.0000,    0.0000,    2.5461,    0.0000,    2.5461,    0.0000,    2.4276,     1.8927,     0.0024
     1.583,    0.0000,    0.0000,    0.0000,    0.0000,    2.5466,    0.0000,    2.5466,    0.0000,    2.4281,     1.8910,     0.0024
     1.584,    0.0000,    0.0000,    0.0000,    0.0000,    2.5471,    0.0000,    2.5471,    0.0000,    2.4286,     1.8891,     0.0024
     1.585,    0.0000,    0.0000,    0.0000,    0.0000,    2.5471,    0.0000,    2.5471,    0.0000,    2.4285,     1.8870,     0.0025
     1.586,    0.0000,    0.0000,    0.0000,    0.0000,    2.5471,    0.0000,    2.5471,    0.0000,    2.4286,     1.8849,     0.0025
     1.587,    0.0000,    0.0000,    0.0000,    0.0000,    2.5478,    0.0000,    2.5478,    0.0000,    2.4292,     1.8832,     0.0025
     1.588,    0.0000,    0.0000,    0.0000,    0.0000,    2.5486,    0.0000,    2.5486,    0.0000,    2.4300,     1.8816,     0.0026
     1.589,    0.0000,    0.0000,    0.0000,    0.0000,    2.5491,    0.0000,    2.5491,    0.0000,    2.4304,     1.8798,     0.0026
     1.590,    0.0000,    0.0000,    0.0000,    0.0000,    2.5492,    0.0000,    2.5492,    0.0000,    2.4306,     1.8778,     0.0027
     1.591,    0.0000,    0.0000,    0.0000,    0.0000,    2.5493,    0.0000,    2.5493,    0.0000,    2.4307,     1.8757,     0.0027
     1.592,    0.0000,    0.0000,    0.0000,    0.0000,    2.5497,    0.0000,    2.5497,    0.0000,    2.4310,     1.8737,     0.0027
     1.593,    0.0000,    0.0000,    0.0000,    0.0000,    2.5504,    0.0000,    2.5504,    0.0000,    2.4317,     1.8721,     0.0028
