romanisim/data/roman-technical-information/data/WideFieldInstrument/Imaging/EffectiveAreas/Roman_effarea_v8_SCA14_20240301.ecsv
# %ECSV 1.0
# ---
# Effective area for Roman (m^2) - parameters as of 2024 03 01
# datatype:
# - {name: Wave, datatype: float32}
# - {name: F062, datatype: float32}
# - {name: F087, datatype: float32}
# - {name: F106, datatype: float32}
# - {name: F129, datatype: float32}
# - {name: F158, datatype: float32}
# - {name: F184, datatype: float32}
# - {name: F146, datatype: float32}
# - {name: F213, datatype: float32}
# - {name: Prism, datatype: float32}
# - {name: Grism_1stOrder, datatype: float32}
# - {name: Grism_0thOrder, datatype: float32}
# schema: astropy-2.0
Wave, F062, F087, F106, F129, F158, F184, F146, F213, Prism, Grism_1stOrder, Grism_0thOrder
[from data line 1075]
     1.475,    0.0000,    0.0000,    0.0000,    0.0000,    2.5237,    0.0000,    2.5237,    0.0000,    2.4130,     2.0344,     0.0003
     1.476,    0.0000,    0.0000,    0.0000,    0.0000,    2.5242,    0.0000,    2.5242,    0.0000,    2.4136,     2.0333,     0.0003
     1.477,    0.0000,    0.0000,    0.0000,    0.0000,    2.5249,    0.0000,    2.5249,    0.0000,    2.4142,     2.0322,     0.0003
     1.478,    0.0000,    0.0000,    0.0000,    0.0000,    2.5257,    0.0000,    2.5257,    0.0000,    2.4150,     2.0312,     0.0003
     1.479,    0.0000,    0.0000,    0.0000,    0.0000,    2.5265,    0.0000,    2.5265,    0.0000,    2.4157,     2.0302,     0.0003
     1.480,    0.0000,    0.0000,    0.0000,    0.0000,    2.5273,    0.0000,    2.5273,    0.0000,    2.4165,     2.0292,     0.0003
     1.481,    0.0000,    0.0000,    0.0000,    0.0000,    2.5283,    0.0000,    2.5283,    0.0000,    2.4175,     2.0283,     0.0003
     1.482,    0.0000,    0.0000,    0.0000,    0.0000,    2.5292,    0.0000,    2.5292,    0.0000,    2.4183,     2.0274,     0.0003
     1.483,    0.0000,    0.0000,    0.0000,    0.0000,    2.5298,    0.0000,    2.5298,    0.0000,    2.4189,     2.0262,     0.0003
     1.484,    0.0000,    0.0000,    0.0000,    0.0000,    2.5303,    0.0000,    2.5303,    0.0000,    2.4194,     2.0249,     0.0003
     1.485,    0.0000,    0.0000,    0.0000,    0.0000,    2.5311,    0.0000,    2.5311,    0.0000,    2.4201,     2.0239,     0.0004
     1.486,    0.0000,    0.0000,    0.0000,    0.0000,    2.5319,    0.0000,    2.5319,    0.0000,    2.4209,     2.0229,     0.0004
     1.487,    0.0000,    0.0000,    0.0000,    0.0000,    2.5326,    0.0000,    2.5326,    0.0000,    2.4216,     2.0217,     0.0004
     1.488,    0.0000,    0.0000,    0.0000,    0.0000,    2.5332,    0.0000,    2.5332,    0.0000,    2.4221,     2.0205,     0.0004
     1.489,    0.0000,    0.0000,    0.0000,    0.0000,    2.5337,    0.0000,    2.5337,    0.0000,    2.4226,     2.0192,     0.0004
     1.490,    0.0000,    0.0000,    0.0000,    0.0000,    2.5343,    0.0000,    2.5343,    0.0000,    2.4232,     2.0179,     0.0004
     1.491,    0.0000,    0.0000,    0.0000,    0.0000,    2.5352,    0.0000,    2.5352,    0.0000,    2.4240,     2.0169,     0.0004
     1.492,    0.0000,    0.0000,    0.0000,    0.0000,    2.5360,    0.0000,    2.5360,    0.0000,    2.4248,     2.0159,     0.0004
     1.493,    0.0000,    0.0000,    0.0000,    0.0000,    2.5366,    0.0000,    2.5366,    0.0000,    2.4254,     2.0146,     0.0004
     1.494,    0.0000,    0.0000,    0.0000,    0.0000,    2.5373,    0.0000,    2.5373,    0.0000,    2.4260,     2.0134,     0.0004
     1.495,    0.0000,    0.0000,    0.0000,    0.0000,    2.5383,    0.0000,    2.5383,    0.0000,    2.4270,     2.0124,     0.0005
     1.496,    0.0000,    0.0000,    0.0000,    0.0000,    2.5394,    0.0000,    2.5394,    0.0000,    2.4280,     2.0115,     0.0005
     1.497,    0.0000,    0.0000,    0.0000,    0.0000,    2.5401,    0.0000,    2.5401,    0.0000,    2.4287,     2.0104,     0.0005
     1.498,    0.0000,    0.0000,    0.0000,    0.0000,    2.5405,    0.0000,    2.5405,    0.0000,    2.4292,     2.0090,     0.0005
     1.499,    0.0000,    0.0000,    0.0000,    0.0000,    2.5409,    0.0000,    2.5409,    0.0000,    2.4295,     2.0074,     0.0005
     1.500,    0.0000,    0.0000,    0.0000,    0.0000,    2.5413,    0.0000,    2.5413,    0.0000,    2.4299,     2.0060,     0.0005
     1.501,    0.0000,    0.0000,    0.0000,    0.0000,    2.5421,    0.0000,    2.5421,    0.0000,    2.4307,     2.0049,     0.0005
     1.502,    0.0000,    0.0000,    0.0000,    0.0000,    2.5431,    0.0000,    2.5431,    0.0000,    2.4316,     2.0039,     0.0005
     1.503,    0.0000,    0.0000,    0.0000,    0.0000,    2.5440,    0.0000,    2.5440,    0.0000,    2.4325,     2.0028,     0.0005
     1.504,    0.0000,    0.0000,    0.0000,    0.0000,    2.5448,    0.0000,    2.5448,    0.0000,    2.4333,     2.0016,     0.0006
     1.505,    0.0000,    0.0000,    0.0000,    0.0000,    2.5456,    0.0000,    2.5456,    0.0000,    2.4340,     2.0005,     0.0006
     1.506,    0.0000,    0.0000,    0.0000,    0.0000,    2.5464,    0.0000,    2.5464,    0.0000,    2.4348,     1.9993,     0.0006
     1.507,    0.0000,    0.0000,    0.0000,    0.0000,    2.5472,    0.0000,    2.5472,    0.0000,    2.4355,     1.9981,     0.0006
     1.508,    0.0000,    0.0000,    0.0000,    0.0000,    2.5477,    0.0000,    2.5477,    0.0000,    2.4360,     1.9967,     0.0006
     1.509,    0.0000,    0.0000,    0.0000,    0.0000,    2.5479,    0.0000,    2.5479,    0.0000,    2.4362,     1.9950,     0.0006
     1.510,    0.0000,    0.0000,    0.0000,    0.0000,    2.5482,    0.0000,    2.5482,    0.0000,    2.4365,     1.9934,     0.0006
     1.511,    0.0000,    0.0000,    0.0000,    0.0000,    2.5491,    0.0000,    2.5491,    0.0000,    2.4374,     1.9922,     0.0007
     1.512,    0.0000,    0.0000,    0.0000,    0.0000,    2.5503,    0.0000,    2.5503,    0.0000,    2.4385,     1.9913,     0.0007
     1.513,    0.0000,    0.0000,    0.0000,    0.0000,    2.5513,    0.0000,    2.5513,    0.0000,    2.4394,     1.9902,     0.0007
     1.514,    0.0000,    0.0000,    0.0000,    0.0000,    2.5520,    0.0000,    2.5520,    0.0000,    2.4401,     1.9889,     0.0007
     1.515,    0.0000,    0.0000,    0.0000,    0.0000,    2.5524,    0.0000,    2.5524,    0.0000,    2.4405,     1.9873,     0.0007
     1.516,    0.0000,    0.0000,    0.0000,    0.0000,    2.5526,    0.0000,    2.5526,    0.0000,    2.4407,     1.9856,     0.0007
     1.517,    0.0000,    0.0000,    0.0000,    0.0000,    2.5528,    0.0000,    2.5528,    0.0000,    2.4409,     1.9840,     0.0007
     1.518,    0.0000,    0.0000,    0.0000,    0.0000,    2.5532,    0.0000,    2.5532,    0.0000,    2.4413,     1.9824,     0.0008
     1.519,    0.0000,    0.0000,    0.0000,    0.0000,    2.5537,    0.0000,    2.5537,    0.0000,    2.4417,     1.9809,     0.0008
     1.520,    0.0000,    0.0000,    0.0000,    0.0000,    2.5542,    0.0000,    2.5542,    0.0000,    2.4423,     1.9794,     0.0008
     1.521,    0.0000,    0.0000,    0.0000,    0.0000,    2.5549,    0.0000,    2.5549,    0.0000,    2.4429,     1.9780,     0.0008
     1.522,    0.0000,    0.0000,    0.0000,    0.0000,    2.5555,    0.0000,    2.5555,    0.0000,    2.4434,     1.9766,     0.0008
     1.523,    0.0000,    0.0000,    0.0000,    0.0000,    2.5560,    0.0000,    2.5560,    0.0000,    2.4439,     1.9751,     0.0008
     1.524,    0.0000,    0.0000,    0.0000,    0.0000,    2.5566,    0.0000,    2.5566,    0.0000,    2.4445,     1.9736,     0.0009
     1.525,    0.0000,    0.0000,    0.0000,    0.0000,    2.5572,    0.0000,    2.5572,    0.0000,    2.4451,     1.9722,     0.0009
     1.526,    0.0000,    0.0000,    0.0000,    0.0000,    2.5580,    0.0000,    2.5580,    0.0000,    2.4459,     1.9709,     0.0009
     1.527,    0.0000,    0.0000,    0.0000,    0.0000,    2.5588,    0.0000,    2.5588,    0.0000,    2.4466,     1.9695,     0.0009
     1.528,    0.0000,    0.0000,    0.0000,    0.0000,    2.5593,    0.0000,    2.5593,    0.0000,    2.4471,     1.9680,     0.0009
     1.529,    0.0000,    0.0000,    0.0000,    0.0000,    2.5596,    0.0000,    2.5596,    0.0000,    2.4474,     1.9663,     0.0009
     1.530,    0.0000,    0.0000,    0.0000,    0.0000,    2.5600,    0.0000,    2.5600,    0.0000,    2.4478,     1.9647,     0.0010
     1.531,    0.0000,    0.0000,    0.0000,    0.0000,    2.5610,    0.0000,    2.5610,    0.0000,    2.4487,     1.9635,     0.0010
     1.532,    0.0000,    0.0000,    0.0000,    0.0000,    2.5618,    0.0000,    2.5618,    0.0000,    2.4495,     1.9622,     0.0010
     1.533,    0.0000,    0.0000,    0.0000,    0.0000,    2.5620,    0.0000,    2.5620,    0.0000,    2.4497,     1.9604,     0.0010
     1.534,    0.0000,    0.0000,    0.0000,    0.0000,    2.5621,    0.0000,    2.5621,    0.0000,    2.4498,     1.9585,     0.0010
     1.535,    0.0000,    0.0000,    0.0000,    0.0000,    2.5624,    0.0000,    2.5624,    0.0000,    2.4500,     1.9567,     0.0011
     1.536,    0.0000,    0.0000,    0.0000,    0.0000,    2.5627,    0.0000,    2.5627,    0.0000,    2.4504,     1.9551,     0.0011
     1.537,    0.0000,    0.0000,    0.0000,    0.0000,    2.5631,    0.0000,    2.5631,    0.0000,    2.4507,     1.9534,     0.0011
     1.538,    0.0000,    0.0000,    0.0000,    0.0000,    2.5636,    0.0000,    2.5636,    0.0000,    2.4512,     1.9518,     0.0011
     1.539,    0.0000,    0.0000,    0.0000,    0.0000,    2.5645,    0.0000,    2.5645,    0.0000,    2.4521,     1.9505,     0.0011
     1.540,    0.0000,    0.0000,    0.0000,    0.0000,    2.5653,    0.0000,    2.5653,    0.0000,    2.4528,     1.9491,     0.0012
     1.541,    0.0000,    0.0000,    0.0000,    0.0000,    2.5655,    0.0000,    2.5655,    0.0000,    2.4530,     1.9473,     0.0012
     1.542,    0.0000,    0.0000,    0.0000,    0.0000,    2.5654,    0.0000,    2.5654,    0.0000,    2.4530,     1.9452,     0.0012
     1.543,    0.0000,    0.0000,    0.0000,    0.0000,    2.5654,    0.0000,    2.5654,    0.0000,    2.4529,     1.9432,     0.0012
     1.544,    0.0000,    0.0000,    0.0000,    0.0000,    2.5657,    0.0000,    2.5657,    0.0000,    2.4532,     1.9415,     0.0013
     1.545,    0.0000,    0.0000,    0.0000,    0.0000,    2.5667,    0.0000,    2.5667,    0.0000,    2.4541,     1.9402,     0.0013
     1.546,    0.0000,    0.0000,    0.0000,    0.0000,    2.5677,    0.0000,    2.5677,    0.0000,    2.4551,     1.9389,     0.0013
     1.547,    0.0000,    0.0000,    0.0000,    0.0000,    2.5682,    0.0000,    2.5682,    0.0000,    2.4556,     1.9373,     0.0013
     1.548,    0.0000,    0.0000,    0.0000,    0.0000,    2.5685,    0.0000,    2.5685,    0.0000,    2.4559,     1.9355,     0.0013
     1.549,    0.0000,    0.0000,    0.0000,    0.0000,    2.5691,    0.0000,    2.5691,    0.0000,    2.4564,     1.9339,     0.0014
     1.550,    0.0000,    0.0000,    0.0000,    0.0000,    2.5695,    0.0000,    2.5695,    0.0000,    2.4569,     1.9322,     0.0014
     1.551,    0.0000,    0.0000,    0.0000,    0.0000,    2.5695,    0.0000,    2.5695,    0.0000,    2.4569,     1.9302,     0.0014
     1.552,    0.0000,    0.0000,    0.0000,    0.0000,    2.5695,    0.0000,    2.5695,    0.0000,    2.4569,     1.9282,     0.0014
     1.553,    0.0000,    0.0000,    0.0000,    0.0000,    2.5700,    0.0000,    2.5700,    0.0000,    2.4573,     1.9265,     0.0015
     1.554,    0.0000,    0.0000,    0.0000,    0.0000,    2.5706,    0.0000,    2.5706,    0.0000,    2.4579,     1.9249,     0.0015
     1.555,    0.0000,    0.0000,    0.0000,    0.0000,    2.5710,    0.0000,    2.5710,    0.0000,    2.4583,     1.9232,     0.0015
     1.556,    0.0000,    0.0000,    0.0000,    0.0000,    2.5711,    0.0000,    2.5711,    0.0000,    2.4584,     1.9212,     0.0015
     1.557,    0.0000,    0.0000,    0.0000,    0.0000,    2.5709,    0.0000,    2.5709,    0.0000,    2.4582,     1.9191,     0.0016
     1.558,    0.0000,    0.0000,    0.0000,    0.0000,    2.5711,    0.0000,    2.5711,    0.0000,    2.4583,     1.9171,     0.0016
     1.559,    0.0000,    0.0000,    0.0000,    0.0000,    2.5718,    0.0000,    2.5718,    0.0000,    2.4590,     1.9156,     0.0016
     1.560,    0.0000,    0.0000,    0.0000,    0.0000,    2.5724,    0.0000,    2.5724,    0.0000,    2.4597,     1.9140,     0.0017
     1.561,    0.0000,    0.0000,    0.0000,    0.0000,    2.5724,    0.0000,    2.5724,    0.0000,    2.4597,     1.9119,     0.0017
     1.562,    0.0000,    0.0000,    0.0000,    0.0000,    2.5725,    0.0000,    2.5725,    0.0000,    2.4597,     1.9099,     0.0017
     1.563,    0.0000,    0.0000,    0.0000,    0.0000,    2.5734,    0.0000,    2.5734,    0.0000,    2.4606,     1.9085,     0.0017
     1.564,    0.0000,    0.0000,    0.0000,    0.0000,    2.5744,    0.0000,    2.5744,    0.0000,    2.4615,     1.9072,     0.0018
     1.565,    0.0000,    0.0000,    0.0000,    0.0000,    2.5747,    0.0000,    2.5747,    0.0000,    2.4618,     1.9053,     0.0018
     1.566,    0.0000,    0.0000,    0.0000,    0.0000,    2.5746,    0.0000,    2.5746,    0.0000,    2.4617,     1.9032,     0.0018
     1.567,    0.0000,    0.0000,    0.0000,    0.0000,    2.5748,    0.0000,    2.5748,    0.0000,    2.4619,     1.9012,     0.0019
     1.568,    0.0000,    0.0000,    0.0000,    0.0000,    2.5753,    0.0000,    2.5753,    0.0000,    2.4624,     1.8996,     0.0019
     1.569,    0.0000,    0.0000,    0.0000,    0.0000,    2.5763,    0.0000,    2.5763,    0.0000,    2.4633,     1.8982,     0.0019
     1.570,    0.0000,    0.0000,    0.0000,    0.0000,    2.5768,    0.0000,    2.5768,    0.0000,    2.4639,     1.8965,     0.0019
     1.571,    0.0000,    0.0000,    0.0000,    0.0000,    2.5765,    0.0000,    2.5765,    0.0000,    2.4635,     1.8942,     0.0020
     1.572,    0.0000,    0.0000,    0.0000,    0.0000,    2.5762,    0.0000,    2.5762,    0.0000,    2.4633,     1.8919,     0.0020
     1.573,    0.0000,    0.0000,    0.0000,    0.0000,    2.5770,    0.0000,    2.5770,    0.0000,    2.4640,     1.8903,     0.0020
     1.574,    0.0000,    0.0000,    0.0000,    0.0000,    2.5780,    0.0000,    2.5780,    0.0000,    2.4650,     1.8890,     0.0021
     1.575,    0.0000,    0.0000,    0.0000,    0.0000,    2.5787,    0.0000,    2.5787,    0.0000,    2.4656,     1.8873,     0.0021
     1.576,    0.0000,    0.0000,    0.0000,    0.0000,    2.5788,    0.0000,    2.5788,    0.0000,    2.4657,     1.8853,     0.0021
     1.577,    0.0000,    0.0000,    0.0000,    0.0000,    2.5787,    0.0000,    2.5787,    0.0000,    2.4656,     1.8832,     0.0022
     1.578,    0.0000,    0.0000,    0.0000,    0.0000,    2.5787,    0.0000,    2.5787,    0.0000,    2.4656,     1.8810,     0.0022
     1.579,    0.0000,    0.0000,    0.0000,    0.0000,    2.5789,    0.0000,    2.5789,    0.0000,    2.4659,     1.8791,     0.0022
     1.580,    0.0000,    0.0000,    0.0000,    0.0000,    2.5793,    0.0000,    2.5793,    0.0000,    2.4662,     1.8773,     0.0023
     1.581,    0.0000,    0.0000,    0.0000,    0.0000,    2.5796,    0.0000,    2.5796,    0.0000,    2.4665,     1.8753,     0.0023
     1.582,    0.0000,    0.0000,    0.0000,    0.0000,    2.5799,    0.0000,    2.5799,    0.0000,    2.4668,     1.8734,     0.0023
     1.583,    0.0000,    0.0000,    0.0000,    0.0000,    2.5806,    0.0000,    2.5806,    0.0000,    2.4674,     1.8718,     0.0024
     1.584,    0.0000,    0.0000,    0.0000,    0.0000,    2.5811,    0.0000,    2.5811,    0.0000,    2.4680,     1.8701,     0.0024
     1.585,    0.0000,    0.0000,    0.0000,    0.0000,    2.5812,    0.0000,    2.5812,    0.0000,    2.4681,     1.8680,     0.0024
     1.586,    0.0000,    0.0000,    0.0000,    0.0000,    2.5814,    0.0000,    2.5814,    0.0000,    2.4682,     1.8660,     0.0025
     1.587,    0.0000,    0.0000,    0.0000,    0.0000,    2.5822,    0.0000,    2.5822,    0.0000,    2.4689,     1.8644,     0.0025
     1.588,    0.0000,    0.0000,    0.0000,    0.0000,    2.5831,    0.0000,    2.5831,    0.0000,    2.4699,     1.8630,     0.0026
     1.589,    0.0000,    0.0000,    0.0000,    0.0000,    2.5837,    0.0000,    2.5837,    0.0000,    2.4704,     1.8613,     0.0026
     1.590,    0.0000,    0.0000,    0.0000,    0.0000,    2.5840,    0.0000,    2.5840,    0.0000,    2.4707,     1.8593,     0.0026
     1.591,    0.0000,    0.0000,    0.0000,    0.0000,    2.5841,    0.0000,    2.5841,    0.0000,    2.4708,     1.8573,     0.0027
     1.592,    0.0000,    0.0000,    0.0000,    0.0000,    2.5846,    0.0000,    2.5846,    0.0000,    2.4713,     1.8555,     0.0027
     1.593,    0.0000,    0.0000,    0.0000,    0.0000,    2.5855,    0.0000,    2.5855,    0.0000,    2.4721,     1.8539,     0.0028
