romanisim/data/roman-technical-information/data/WideFieldInstrument/Imaging/EffectiveAreas/Roman_effarea_v8_SCA08_20240301.ecsv
# %ECSV 1.0
# ---
# Effective area for Roman (m^2) - parameters as of 2024 03 01
# datatype:
# - {name: Wave, datatype: float32}
# - {name: F062, datatype: float32}
# - {name: F087, datatype: float32}
# - {name: F106, datatype: float32}
# - {name: F129, datatype: float32}
# - {name: F158, datatype: float32}
# - {name: F184, datatype: float32}
# - {name: F146, datatype: float32}
# - {name: F213, datatype: float32}
# - {name: Prism, datatype: float32}
# - {name: Grism_1stOrder, datatype: float32}
# - {name: Grism_0thOrder, datatype: float32}
# schema: astropy-2.0
Wave, F062, F087, F106, F129, F158, F184, F146, F213, Prism, Grism_1stOrder, Grism_0thOrder
[from data line 1195]
     1.595,    0.0000,    0.0000,    0.0000,    0.0000,    2.5285,    0.0000,    2.5285,    0.0000,    2.4192,     1.7489,     0.0027
     1.596,    0.0000,    0.0000,    0.0000,    0.0000,    2.5285,    0.0000,    2.5285,    0.0000,    2.4192,     1.7469,     0.0027
     1.597,    0.0000,    0.0000,    0.0000,    0.0000,    2.5286,    0.0000,    2.5286,    0.0000,    2.4194,     1.7449,     0.0028
     1.598,    0.0000,    0.0000,    0.0000,    0.0000,    2.5290,    0.0000,    2.5290,    0.0000,    2.4198,     1.7432,     0.0028
     1.599,    0.0000,    0.0000,    0.0000,    0.0000,    2.5299,    0.0000,    2.5299,    0.0000,    2.4207,     1.7417,     0.0028
     1.600,    0.0000,    0.0000,    0.0000,    0.0000,    2.5308,    0.0000,    2.5308,    0.0000,    2.4215,     1.7403,     0.0029
     1.601,    0.0000,    0.0000,    0.0000,    0.0000,    2.5312,    0.0000,    2.5312,    0.0000,    2.4218,     1.7385,     0.0029
     1.602,    0.0000,    0.0000,    0.0000,    0.0000,    2.5313,    0.0000,    2.5313,    0.0000,    2.4220,     1.7365,     0.0030
     1.603,    0.0000,    0.0000,    0.0000,    0.0000,    2.5316,    0.0000,    2.5316,    0.0000,    2.4223,     1.7347,     0.0030
     1.604,    0.0000,    0.0000,    0.0000,    0.0000,    2.5321,    0.0000,    2.5321,    0.0000,    2.4228,     1.7330,     0.0030
     1.605,    0.0000,    0.0000,    0.0000,    0.0000,    2.5327,    0.0000,    2.5327,    0.0000,    2.4233,     1.7313,     0.0031
     1.606,    0.0000,    0.0000,    0.0000,    0.0000,    2.5334,    0.0000,    2.5334,    0.0000,    2.4239,     1.7297,     0.0031
     1.607,    0.0000,    0.0000,    0.0000,    0.0000,    2.5341,    0.0000,    2.5341,    0.0000,    2.4247,     1.7282,     0.0032
     1.608,    0.0000,    0.0000,    0.0000,    0.0000,    2.5348,    0.0000,    2.5348,    0.0000,    2.4253,     1.7266,     0.0032
     1.609,    0.0000,    0.0000,    0.0000,    0.0000,    2.5351,    0.0000,    2.5351,    0.0000,    2.4256,     1.7247,     0.0032
     1.610,    0.0000,    0.0000,    0.0000,    0.0000,    2.5356,    0.0000,    2.5356,    0.0000,    2.4260,     1.7230,     0.0033
     1.611,    0.0000,    0.0000,    0.0000,    0.0000,    2.5364,    0.0000,    2.5364,    0.0000,    2.4268,     1.7215,     0.0033
     1.612,    0.0000,    0.0000,    0.0000,    0.0000,    2.5372,    0.0000,    2.5372,    0.0000,    2.4276,     1.7199,     0.0034
     1.613,    0.0000,    0.0000,    0.0000,    0.0000,    2.5374,    0.0000,    2.5374,    0.0000,    2.4278,     1.7180,     0.0034
     1.614,    0.0000,    0.0000,    0.0000,    0.0000,    2.5376,    0.0000,    2.5376,    0.0000,    2.4280,     1.7161,     0.0035
     1.615,    0.0000,    0.0000,    0.0000,    0.0000,    2.5384,    0.0000,    2.5384,    0.0000,    2.4287,     1.7145,     0.0035
     1.616,    0.0000,    0.0000,    0.0000,    0.0000,    2.5394,    0.0000,    2.5394,    0.0000,    2.4297,     1.7131,     0.0036
     1.617,    0.0000,    0.0000,    0.0000,    0.0000,    2.5404,    0.0000,    2.5404,    0.0000,    2.4307,     1.7117,     0.0036
     1.618,    0.0000,    0.0000,    0.0000,    0.0000,    2.5412,    0.0000,    2.5412,    0.0000,    2.4315,     1.7102,     0.0037
     1.619,    0.0000,    0.0000,    0.0000,    0.0000,    2.5418,    0.0000,    2.5418,    0.0000,    2.4320,     1.7085,     0.0037
     1.620,    0.0000,    0.0000,    0.0000,    0.0000,    2.5423,    0.0000,    2.5423,    0.0000,    2.4325,     1.7068,     0.0038
     1.621,    0.0000,    0.0000,    0.0000,    0.0000,    2.5428,    0.0000,    2.5428,    0.0000,    2.4330,     1.7050,     0.0038
     1.622,    0.0000,    0.0000,    0.0000,    0.0000,    2.5434,    0.0000,    2.5434,    0.0000,    2.4335,     1.7033,     0.0039
     1.623,    0.0000,    0.0000,    0.0000,    0.0000,    2.5441,    0.0000,    2.5441,    0.0000,    2.4342,     1.7017,     0.0039
     1.624,    0.0000,    0.0000,    0.0000,    0.0000,    2.5448,    0.0000,    2.5448,    0.0000,    2.4348,     1.7001,     0.0040
     1.625,    0.0000,    0.0000,    0.0000,    0.0000,    2.5451,    0.0000,    2.5451,    0.0000,    2.4352,     1.6982,     0.0040
     1.626,    0.0000,    0.0000,    0.0000,    0.0000,    2.5457,    0.0000,    2.5457,    0.0000,    2.4357,     1.6965,     0.0041
     1.627,    0.0000,    0.0000,    0.0000,    0.0000,    2.5467,    0.0000,    2.5467,    0.0000,    2.4367,     1.6950,     0.0041
     1.628,    0.0000,    0.0000,    0.0000,    0.0000,    2.5476,    0.0000,    2.5476,    0.0000,    2.4375,     1.6936,     0.0042
     1.629,    0.0000,    0.0000,    0.0000,    0.0000,    2.5479,    0.0000,    2.5479,    0.0000,    2.4378,     1.6917,     0.0042
     1.630,    0.0000,    0.0000,    0.0000,    0.0000,    2.5481,    0.0000,    2.5481,    0.0000,    2.4380,     1.6897,     0.0043
     1.631,    0.0000,    0.0000,    0.0000,    0.0000,    2.5489,    0.0000,    2.5489,    0.0000,    2.4388,     1.6881,     0.0043
     1.632,    0.0000,    0.0000,    0.0000,    0.0000,    2.5500,    0.0000,    2.5500,    0.0000,    2.4398,     1.6867,     0.0044
     1.633,    0.0000,    0.0000,    0.0000,    0.0000,    2.5510,    0.0000,    2.5510,    0.0000,    2.4408,     1.6853,     0.0044
     1.634,    0.0000,    0.0000,    0.0000,    0.0000,    2.5518,    0.0000,    2.5518,    0.0000,    2.4416,     1.6837,     0.0045
     1.635,    0.0000,    0.0000,    0.0000,    0.0000,    2.5525,    0.0000,    2.5525,    0.0000,    2.4422,     1.6821,     0.0045
     1.636,    0.0000,    0.0000,    0.0000,    0.0000,    2.5532,    0.0000,    2.5532,    0.0000,    2.4429,     1.6804,     0.0046
     1.637,    0.0000,    0.0000,    0.0000,    0.0000,    2.5540,    0.0000,    2.5540,    0.0000,    2.4437,     1.6789,     0.0046
     1.638,    0.0000,    0.0000,    0.0000,    0.0000,    2.5549,    0.0000,    2.5549,    0.0000,    2.4445,     1.6774,     0.0047
     1.639,    0.0000,    0.0000,    0.0000,    0.0000,    2.5558,    0.0000,    2.5558,    0.0000,    2.4454,     1.6758,     0.0048
     1.640,    0.0000,    0.0000,    0.0000,    0.0000,    2.5564,    0.0000,    2.5564,    0.0000,    2.4460,     1.6741,     0.0048
     1.641,    0.0000,    0.0000,    0.0000,    0.0000,    2.5568,    0.0000,    2.5568,    0.0000,    2.4464,     1.6723,     0.0049
     1.642,    0.0000,    0.0000,    0.0000,    0.0000,    2.5574,    0.0000,    2.5574,    0.0000,    2.4469,     1.6705,     0.0049
     1.643,    0.0000,    0.0000,    0.0000,    0.0000,    2.5586,    0.0000,    2.5586,    0.0000,    2.4481,     1.6692,     0.0050
     1.644,    0.0000,    0.0000,    0.0000,    0.0000,    2.5597,    0.0000,    2.5597,    0.0000,    2.4491,     1.6678,     0.0051
     1.645,    0.0000,    0.0000,    0.0000,    0.0000,    2.5602,    0.0000,    2.5602,    0.0000,    2.4496,     1.6660,     0.0051
     1.646,    0.0000,    0.0000,    0.0000,    0.0000,    2.5604,    0.0000,    2.5604,    0.0000,    2.4498,     1.6641,     0.0052
     1.647,    0.0000,    0.0000,    0.0000,    0.0000,    2.5610,    0.0000,    2.5610,    0.0000,    2.4503,     1.6623,     0.0052
     1.648,    0.0000,    0.0000,    0.0000,    0.0000,    2.5616,    0.0000,    2.5616,    0.0000,    2.4509,     1.6605,     0.0053
     1.649,    0.0000,    0.0000,    0.0000,    0.0000,    2.5621,    0.0000,    2.5621,    0.0000,    2.4514,     1.6588,     0.0054
     1.650,    0.0000,    0.0000,    0.0000,    0.0000,    2.5630,    0.0000,    2.5630,    0.0000,    2.4523,     1.6572,     0.0054
     1.651,    0.0000,    0.0000,    0.0000,    0.0000,    2.5644,    0.0000,    2.5644,    0.0000,    2.4536,     1.6560,     0.0055
     1.652,    0.0000,    0.0000,    0.0000,    0.0000,    2.5654,    0.0000,    2.5654,    0.0000,    2.4546,     1.6545,     0.0056
     1.653,    0.0000,    0.0000,    0.0000,    0.0000,    2.5653,    0.0000,    2.5653,    0.0000,    2.4545,     1.6524,     0.0056
     1.654,    0.0000,    0.0000,    0.0000,    0.0000,    2.5653,    0.0000,    2.5653,    0.0000,    2.4544,     1.6502,     0.0057
     1.655,    0.0000,    0.0000,    0.0000,    0.0000,    2.5663,    0.0000,    2.5663,    0.0000,    2.4555,     1.6488,     0.0057
     1.656,    0.0000,    0.0000,    0.0000,    0.0000,    2.5678,    0.0000,    2.5678,    0.0000,    2.4569,     1.6476,     0.0058
     1.657,    0.0000,    0.0000,    0.0000,    0.0000,    2.5688,    0.0000,    2.5688,    0.0000,    2.4578,     1.6461,     0.0059
     1.658,    0.0000,    0.0000,    0.0000,    0.0000,    2.5694,    0.0000,    2.5694,    0.0000,    2.4584,     1.6443,     0.0059
     1.659,    0.0000,    0.0000,    0.0000,    0.0000,    2.5700,    0.0000,    2.5700,    0.0000,    2.4590,     1.6426,     0.0060
     1.660,    0.0000,    0.0000,    0.0000,    0.0000,    2.5710,    0.0001,    2.5710,    0.0000,    2.4600,     1.6411,     0.0061
     1.661,    0.0000,    0.0000,    0.0000,    0.0000,    2.5725,    0.0002,    2.5725,    0.0000,    2.4614,     1.6399,     0.0062
     1.662,    0.0000,    0.0000,    0.0000,    0.0000,    2.5735,    0.0005,    2.5735,    0.0000,    2.4623,     1.6384,     0.0062
     1.663,    0.0000,    0.0000,    0.0000,    0.0000,    2.5733,    0.0012,    2.5733,    0.0000,    2.4622,     1.6362,     0.0063
     1.664,    0.0000,    0.0000,    0.0000,    0.0000,    2.5732,    0.0028,    2.5732,    0.0000,    2.4620,     1.6339,     0.0064
     1.665,    0.0000,    0.0000,    0.0000,    0.0000,    2.5742,    0.0061,    2.5742,    0.0000,    2.4630,     1.6325,     0.0064
     1.666,    0.0000,    0.0000,    0.0000,    0.0000,    2.5758,    0.0127,    2.5758,    0.0000,    2.4645,     1.6313,     0.0065
     1.667,    0.0000,    0.0000,    0.0000,    0.0000,    2.5769,    0.0252,    2.5769,    0.0000,    2.4656,     1.6299,     0.0066
     1.668,    0.0000,    0.0000,    0.0000,    0.0000,    2.5774,    0.0470,    2.5774,    0.0000,    2.4661,     1.6281,     0.0066
     1.669,    0.0000,    0.0000,    0.0000,    0.0000,    2.5774,    0.0830,    2.5774,    0.0000,    2.4661,     1.6259,     0.0067
     1.670,    0.0000,    0.0000,    0.0000,    0.0000,    2.5776,    0.1391,    2.5776,    0.0000,    2.4662,     1.6239,     0.0068
     1.671,    0.0000,    0.0000,    0.0000,    0.0000,    2.5784,    0.2213,    2.5784,    0.0000,    2.4670,     1.6223,     0.0069
     1.672,    0.0000,    0.0000,    0.0000,    0.0000,    2.5794,    0.3344,    2.5794,    0.0000,    2.4679,     1.6207,     0.0069
     1.673,    0.0000,    0.0000,    0.0000,    0.0000,    2.5797,    0.4809,    2.5797,    0.0000,    2.4683,     1.6188,     0.0070
     1.674,    0.0000,    0.0000,    0.0000,    0.0000,    2.5801,    0.6594,    2.5801,    0.0000,    2.4687,     1.6169,     0.0071
     1.675,    0.0000,    0.0000,    0.0000,    0.0000,    2.5812,    0.8642,    2.5812,    0.0000,    2.4697,     1.6155,     0.0072
     1.676,    0.0000,    0.0000,    0.0000,    0.0000,    2.5823,    1.0852,    2.5823,    0.0000,    2.4708,     1.6140,     0.0072
     1.677,    0.0000,    0.0000,    0.0000,    0.0000,    2.5831,    1.3093,    2.5831,    0.0000,    2.4715,     1.6124,     0.0073
     1.678,    0.0000,    0.0000,    0.0000,    0.0000,    2.5837,    1.5232,    2.5837,    0.0000,    2.4721,     1.6106,     0.0074
     1.679,    0.0000,    0.0000,    0.0000,    0.0000,    2.5848,    1.7155,    2.5848,    0.0000,    2.4732,     1.6092,     0.0075
     1.680,    0.0000,    0.0000,    0.0000,    0.0000,    2.5860,    1.8783,    2.5860,    0.0000,    2.4743,     1.6077,     0.0076
     1.681,    0.0000,    0.0000,    0.0000,    0.0000,    2.5868,    2.0075,    2.5868,    0.0000,    2.4751,     1.6061,     0.0076
     1.682,    0.0000,    0.0000,    0.0000,    0.0000,    2.5875,    2.1043,    2.5875,    0.0000,    2.4757,     1.6044,     0.0077
     1.683,    0.0000,    0.0000,    0.0000,    0.0000,    2.5883,    2.1725,    2.5883,    0.0000,    2.4765,     1.6028,     0.0078
     1.684,    0.0000,    0.0000,    0.0000,    0.0000,    2.5891,    2.2179,    2.5891,    0.0000,    2.4772,     1.6011,     0.0079
     1.685,    0.0000,    0.0000,    0.0000,    0.0000,    2.5896,    2.2461,    2.5896,    0.0000,    2.4777,     1.5993,     0.0080
     1.686,    0.0000,    0.0000,    0.0000,    0.0000,    2.5901,    2.2629,    2.5901,    0.0000,    2.4782,     1.5974,     0.0080
     1.687,    0.0000,    0.0000,    0.0000,    0.0000,    2.5908,    2.2725,    2.5908,    0.0000,    2.4789,     1.5957,     0.0081
     1.688,    0.0000,    0.0000,    0.0000,    0.0000,    2.5917,    2.2778,    2.5917,    0.0000,    2.4797,     1.5941,     0.0082
     1.689,    0.0000,    0.0000,    0.0000,    0.0000,    2.5925,    2.2808,    2.5925,    0.0000,    2.4805,     1.5924,     0.0083
     1.690,    0.0000,    0.0000,    0.0000,    0.0000,    2.5931,    2.2824,    2.5931,    0.0000,    2.4811,     1.5907,     0.0084
     1.691,    0.0000,    0.0000,    0.0000,    0.0000,    2.5937,    2.2834,    2.5937,    0.0000,    2.4817,     1.5889,     0.0085
     1.692,    0.0000,    0.0000,    0.0000,    0.0000,    2.5946,    2.2843,    2.5946,    0.0000,    2.4825,     1.5873,     0.0085
     1.693,    0.0000,    0.0000,    0.0000,    0.0000,    2.5959,    2.2855,    2.5959,    0.0000,    2.4837,     1.5859,     0.0086
     1.694,    0.0000,    0.0000,    0.0000,    0.0000,    2.5969,    2.2865,    2.5969,    0.0000,    2.4847,     1.5844,     0.0087
     1.695,    0.0000,    0.0000,    0.0000,    0.0000,    2.5972,    2.2868,    2.5972,    0.0000,    2.4850,     1.5825,     0.0088
     1.696,    0.0000,    0.0000,    0.0000,    0.0000,    2.5977,    2.2872,    2.5977,    0.0000,    2.4855,     1.5806,     0.0089
     1.697,    0.0000,    0.0000,    0.0000,    0.0000,    2.5992,    2.2885,    2.5992,    0.0000,    2.4869,     1.5794,     0.0090
     1.698,    0.0000,    0.0000,    0.0000,    0.0000,    2.6005,    2.2896,    2.6005,    0.0000,    2.4882,     1.5780,     0.0091
     1.699,    0.0000,    0.0000,    0.0000,    0.0000,    2.6005,    2.2897,    2.6005,    0.0000,    2.4882,     1.5759,     0.0092
     1.700,    0.0000,    0.0000,    0.0000,    0.0000,    2.6005,    2.2896,    2.6005,    0.0000,    2.4882,     1.5737,     0.0092
     1.701,    0.0000,    0.0000,    0.0000,    0.0000,    2.6018,    2.2908,    2.6018,    0.0000,    2.4894,     1.5723,     0.0093
     1.702,    0.0000,    0.0000,    0.0000,    0.0000,    2.6035,    2.2923,    2.6035,    0.0000,    2.4911,     1.5713,     0.0094
     1.703,    0.0000,    0.0000,    0.0000,    0.0000,    2.6048,    2.2934,    2.6048,    0.0000,    2.4923,     1.5699,     0.0095
     1.704,    0.0000,    0.0000,    0.0000,    0.0000,    2.6054,    2.2940,    2.6054,    0.0000,    2.4928,     1.5681,     0.0096
     1.705,    0.0000,    0.0000,    0.0000,    0.0000,    2.6055,    2.2941,    2.6055,    0.0000,    2.4930,     1.5660,     0.0097
     1.706,    0.0000,    0.0000,    0.0000,    0.0000,    2.6058,    2.2943,    2.6058,    0.0000,    2.4932,     1.5640,     0.0098
     1.707,    0.0000,    0.0000,    0.0000,    0.0000,    2.6068,    2.2952,    2.6068,    0.0000,    2.4942,     1.5625,     0.0099
     1.708,    0.0000,    0.0000,    0.0000,    0.0000,    2.6079,    2.2962,    2.6079,    0.0000,    2.4953,     1.5610,     0.0100
     1.709,    0.0000,    0.0000,    0.0000,    0.0000,    2.6086,    2.2968,    2.6086,    0.0000,    2.4959,     1.5593,     0.0101
     1.710,    0.0000,    0.0000,    0.0000,    0.0000,    2.6091,    2.2972,    2.6091,    0.0000,    2.4964,     1.5574,     0.0102
     1.711,    0.0000,    0.0000,    0.0000,    0.0000,    2.6097,    2.2977,    2.6097,    0.0000,    2.4969,     1.5556,     0.0103
     1.712,    0.0000,    0.0000,    0.0000,    0.0000,    2.6104,    2.2984,    2.6104,    0.0000,    2.4976,     1.5539,     0.0104
