romanisim/data/roman-technical-information/data/WideFieldInstrument/Imaging/EffectiveAreas/Roman_effarea_v8_SCA02_20240301.ecsv
# %ECSV 1.0
# ---
# Effective area for Roman (m^2) - parameters as of 2024 03 01
# datatype:
# - {name: Wave, datatype: float32}
# - {name: F062, datatype: float32}
# - {name: F087, datatype: float32}
# - {name: F106, datatype: float32}
# - {name: F129, datatype: float32}
# - {name: F158, datatype: float32}
# - {name: F184, datatype: float32}
# - {name: F146, datatype: float32}
# - {name: F213, datatype: float32}
# - {name: Prism, datatype: float32}
# - {name: Grism_1stOrder, datatype: float32}
# - {name: Grism_0thOrder, datatype: float32}
# schema: astropy-2.0
Wave, F062, F087, F106, F129, F158, F184, F146, F213, Prism, Grism_1stOrder, Grism_0thOrder
[from data line 717]
     1.117,    0.0000,    0.0000,    2.5007,    0.0000,    0.0000,    0.0000,    2.5007,    0.0000,    2.3840,     1.7178,     0.0012
     1.118,    0.0000,    0.0000,    2.4996,    0.0000,    0.0000,    0.0000,    2.4996,    0.0000,    2.3829,     1.7217,     0.0011
     1.119,    0.0000,    0.0000,    2.4994,    0.0000,    0.0000,    0.0000,    2.4994,    0.0000,    2.3828,     1.7264,     0.0011
     1.120,    0.0000,    0.0000,    2.4994,    0.0001,    0.0000,    0.0000,    2.4994,    0.0000,    2.3828,     1.7311,     0.0011
     1.121,    0.0000,    0.0000,    2.4988,    0.0009,    0.0000,    0.0000,    2.4988,    0.0000,    2.3822,     1.7353,     0.0011
     1.122,    0.0000,    0.0000,    2.4981,    0.0046,    0.0000,    0.0000,    2.4981,    0.0000,    2.3815,     1.7395,     0.0011
     1.123,    0.0000,    0.0000,    2.4979,    0.0195,    0.0000,    0.0000,    2.4979,    0.0000,    2.3813,     1.7440,     0.0011
     1.124,    0.0000,    0.0000,    2.4975,    0.0665,    0.0000,    0.0000,    2.4975,    0.0000,    2.3810,     1.7484,     0.0010
     1.125,    0.0000,    0.0000,    2.4963,    0.1841,    0.0000,    0.0000,    2.4963,    0.0000,    2.3799,     1.7521,     0.0010
     1.126,    0.0000,    0.0000,    2.4950,    0.4180,    0.0000,    0.0000,    2.4950,    0.0000,    2.3786,     1.7557,     0.0010
     1.127,    0.0000,    0.0000,    2.4943,    0.7876,    0.0000,    0.0000,    2.4943,    0.0000,    2.3779,     1.7598,     0.0010
     1.128,    0.0000,    0.0000,    2.4939,    1.2518,    0.0000,    0.0000,    2.4939,    0.0000,    2.3775,     1.7640,     0.0010
     1.129,    0.0000,    0.0000,    2.4935,    1.7147,    0.0000,    0.0000,    2.4935,    0.0000,    2.3772,     1.7682,     0.0010
     1.130,    0.0000,    0.0000,    2.4932,    2.0816,    0.0000,    0.0000,    2.4932,    0.0000,    2.3769,     1.7725,     0.0009
     1.131,    0.0000,    0.0000,    2.4931,    2.3125,    0.0000,    0.0000,    2.4931,    0.0000,    2.3767,     1.7768,     0.0009
     1.132,    0.0000,    0.0000,    2.4928,    2.4279,    0.0000,    0.0000,    2.4928,    0.0000,    2.3765,     1.7811,     0.0009
     1.133,    0.0000,    0.0000,    2.4923,    2.4733,    0.0000,    0.0000,    2.4923,    0.0000,    2.3760,     1.7851,     0.0009
     1.134,    0.0000,    0.0000,    2.4917,    2.4872,    0.0000,    0.0000,    2.4917,    0.0000,    2.3755,     1.7890,     0.0009
     1.135,    0.0000,    0.0000,    2.4913,    2.4904,    0.0000,    0.0000,    2.4913,    0.0000,    2.3750,     1.7930,     0.0009
     1.136,    0.0000,    0.0000,    2.4908,    2.4907,    0.0000,    0.0000,    2.4908,    0.0000,    2.3746,     1.7970,     0.0008
     1.137,    0.0000,    0.0000,    2.4902,    2.4902,    0.0000,    0.0000,    2.4902,    0.0000,    2.3740,     1.8008,     0.0008
     1.138,    0.0000,    0.0000,    2.4897,    2.4897,    0.0000,    0.0000,    2.4897,    0.0000,    2.3735,     1.8047,     0.0008
     1.139,    0.0000,    0.0000,    2.4896,    2.4896,    0.0000,    0.0000,    2.4896,    0.0000,    2.3734,     1.8089,     0.0008
     1.140,    0.0000,    0.0000,    2.4897,    2.4897,    0.0000,    0.0000,    2.4897,    0.0000,    2.3735,     1.8132,     0.0008
     1.141,    0.0000,    0.0000,    2.4898,    2.4898,    0.0000,    0.0000,    2.4898,    0.0000,    2.3736,     1.8175,     0.0008
     1.142,    0.0000,    0.0000,    2.4896,    2.4896,    0.0000,    0.0000,    2.4896,    0.0000,    2.3734,     1.8215,     0.0008
     1.143,    0.0000,    0.0000,    2.4889,    2.4889,    0.0000,    0.0000,    2.4889,    0.0000,    2.3728,     1.8252,     0.0007
     1.144,    0.0000,    0.0000,    2.4883,    2.4883,    0.0000,    0.0000,    2.4883,    0.0000,    2.3722,     1.8288,     0.0007
     1.145,    0.0000,    0.0000,    2.4882,    2.4882,    0.0000,    0.0000,    2.4882,    0.0000,    2.3721,     1.8328,     0.0007
     1.146,    0.0000,    0.0000,    2.4883,    2.4883,    0.0000,    0.0000,    2.4883,    0.0000,    2.3722,     1.8370,     0.0007
     1.147,    0.0000,    0.0000,    2.4881,    2.4881,    0.0000,    0.0000,    2.4881,    0.0000,    2.3720,     1.8409,     0.0007
     1.148,    0.0000,    0.0000,    2.4878,    2.4878,    0.0000,    0.0000,    2.4878,    0.0000,    2.3717,     1.8446,     0.0007
     1.149,    0.0000,    0.0000,    2.4874,    2.4874,    0.0000,    0.0000,    2.4874,    0.0000,    2.3713,     1.8483,     0.0007
     1.150,    0.0000,    0.0000,    2.4871,    2.4871,    0.0000,    0.0000,    2.4871,    0.0000,    2.3710,     1.8521,     0.0006
     1.151,    0.0000,    0.0000,    2.4869,    2.4869,    0.0000,    0.0000,    2.4869,    0.0000,    2.3709,     1.8559,     0.0006
     1.152,    0.0000,    0.0000,    2.4867,    2.4867,    0.0000,    0.0000,    2.4867,    0.0000,    2.3706,     1.8596,     0.0006
     1.153,    0.0000,    0.0000,    2.4862,    2.4862,    0.0000,    0.0000,    2.4862,    0.0000,    2.3702,     1.8632,     0.0006
     1.154,    0.0000,    0.0000,    2.4859,    2.4859,    0.0000,    0.0000,    2.4859,    0.0000,    2.3699,     1.8668,     0.0006
     1.155,    0.0000,    0.0000,    2.4862,    2.4862,    0.0000,    0.0000,    2.4862,    0.0000,    2.3702,     1.8709,     0.0006
     1.156,    0.0000,    0.0000,    2.4864,    2.4864,    0.0000,    0.0000,    2.4864,    0.0000,    2.3704,     1.8748,     0.0006
     1.157,    0.0000,    0.0000,    2.4858,    2.4858,    0.0000,    0.0000,    2.4858,    0.0000,    2.3698,     1.8782,     0.0006
     1.158,    0.0000,    0.0000,    2.4852,    2.4852,    0.0000,    0.0000,    2.4852,    0.0000,    2.3693,     1.8815,     0.0005
     1.159,    0.0000,    0.0000,    2.4852,    2.4852,    0.0000,    0.0000,    2.4852,    0.0000,    2.3692,     1.8853,     0.0005
     1.160,    0.0000,    0.0000,    2.4855,    2.4855,    0.0000,    0.0000,    2.4855,    0.0000,    2.3695,     1.8892,     0.0005
     1.161,    0.0000,    0.0000,    2.4856,    2.4856,    0.0000,    0.0000,    2.4856,    0.0000,    2.3696,     1.8930,     0.0005
     1.162,    0.0000,    0.0000,    2.4855,    2.4855,    0.0000,    0.0000,    2.4855,    0.0000,    2.3695,     1.8965,     0.0005
     1.163,    0.0000,    0.0000,    2.4850,    2.4850,    0.0000,    0.0000,    2.4850,    0.0000,    2.3690,     1.8998,     0.0005
     1.164,    0.0000,    0.0000,    2.4845,    2.4845,    0.0000,    0.0000,    2.4845,    0.0000,    2.3686,     1.9031,     0.0005
     1.165,    0.0000,    0.0000,    2.4845,    2.4845,    0.0000,    0.0000,    2.4845,    0.0000,    2.3685,     1.9066,     0.0005
     1.166,    0.0000,    0.0000,    2.4845,    2.4845,    0.0000,    0.0000,    2.4845,    0.0000,    2.3686,     1.9103,     0.0005
     1.167,    0.0000,    0.0000,    2.4845,    2.4845,    0.0000,    0.0000,    2.4845,    0.0000,    2.3685,     1.9138,     0.0005
     1.168,    0.0000,    0.0000,    2.4846,    2.4846,    0.0000,    0.0000,    2.4846,    0.0000,    2.3686,     1.9173,     0.0004
     1.169,    0.0000,    0.0000,    2.4850,    2.4850,    0.0000,    0.0000,    2.4850,    0.0000,    2.3691,     1.9212,     0.0004
     1.170,    0.0000,    0.0000,    2.4853,    2.4853,    0.0000,    0.0000,    2.4853,    0.0000,    2.3693,     1.9248,     0.0004
     1.171,    0.0000,    0.0000,    2.4847,    2.4847,    0.0000,    0.0000,    2.4847,    0.0000,    2.3687,     1.9279,     0.0004
     1.172,    0.0000,    0.0000,    2.4839,    2.4839,    0.0000,    0.0000,    2.4839,    0.0000,    2.3680,     1.9307,     0.0004
     1.173,    0.0000,    0.0000,    2.4836,    2.4836,    0.0000,    0.0000,    2.4836,    0.0000,    2.3677,     1.9338,     0.0004
     1.174,    0.0000,    0.0000,    2.4836,    2.4836,    0.0000,    0.0000,    2.4836,    0.0000,    2.3677,     1.9372,     0.0004
     1.175,    0.0000,    0.0000,    2.4837,    2.4837,    0.0000,    0.0000,    2.4837,    0.0000,    2.3678,     1.9406,     0.0004
     1.176,    0.0000,    0.0000,    2.4836,    2.4836,    0.0000,    0.0000,    2.4836,    0.0000,    2.3677,     1.9439,     0.0004
     1.177,    0.0000,    0.0000,    2.4835,    2.4835,    0.0000,    0.0000,    2.4835,    0.0000,    2.3676,     1.9471,     0.0004
     1.178,    0.0000,    0.0000,    2.4837,    2.4837,    0.0000,    0.0000,    2.4837,    0.0000,    2.3678,     1.9505,     0.0003
     1.179,    0.0000,    0.0000,    2.4843,    2.4843,    0.0000,    0.0000,    2.4843,    0.0000,    2.3684,     1.9543,     0.0003
     1.180,    0.0000,    0.0000,    2.4849,    2.4849,    0.0000,    0.0000,    2.4849,    0.0000,    2.3689,     1.9579,     0.0003
     1.181,    0.0000,    0.0000,    2.4848,    2.4848,    0.0000,    0.0000,    2.4848,    0.0000,    2.3688,     1.9610,     0.0003
     1.182,    0.0000,    0.0000,    2.4846,    2.4846,    0.0000,    0.0000,    2.4846,    0.0000,    2.3687,     1.9641,     0.0003
     1.183,    0.0000,    0.0000,    2.4847,    2.4847,    0.0000,    0.0000,    2.4847,    0.0000,    2.3688,     1.9673,     0.0003
     1.184,    0.0000,    0.0000,    2.4848,    2.4848,    0.0000,    0.0000,    2.4848,    0.0000,    2.3689,     1.9705,     0.0003
     1.185,    0.0000,    0.0000,    2.4846,    2.4846,    0.0000,    0.0000,    2.4846,    0.0000,    2.3687,     1.9735,     0.0003
     1.186,    0.0000,    0.0000,    2.4842,    2.4842,    0.0000,    0.0000,    2.4842,    0.0000,    2.3683,     1.9762,     0.0003
     1.187,    0.0000,    0.0000,    2.4838,    2.4838,    0.0000,    0.0000,    2.4838,    0.0000,    2.3679,     1.9789,     0.0003
     1.188,    0.0000,    0.0000,    2.4837,    2.4837,    0.0000,    0.0000,    2.4837,    0.0000,    2.3678,     1.9819,     0.0003
     1.189,    0.0000,    0.0000,    2.4839,    2.4840,    0.0000,    0.0000,    2.4840,    0.0000,    2.3681,     1.9851,     0.0003
     1.190,    0.0000,    0.0000,    2.4837,    2.4842,    0.0000,    0.0000,    2.4842,    0.0000,    2.3682,     1.9882,     0.0003
     1.191,    0.0000,    0.0000,    2.4820,    2.4837,    0.0000,    0.0000,    2.4837,    0.0000,    2.3678,     1.9908,     0.0003
     1.192,    0.0000,    0.0000,    2.4775,    2.4832,    0.0000,    0.0000,    2.4832,    0.0000,    2.3674,     1.9934,     0.0002
     1.193,    0.0000,    0.0000,    2.4667,    2.4834,    0.0000,    0.0000,    2.4834,    0.0000,    2.3675,     1.9964,     0.0002
     1.194,    0.0000,    0.0000,    2.4402,    2.4836,    0.0000,    0.0000,    2.4836,    0.0000,    2.3677,     1.9994,     0.0002
     1.195,    0.0000,    0.0000,    2.3830,    2.4831,    0.0000,    0.0000,    2.4831,    0.0000,    2.3672,     2.0019,     0.0002
     1.196,    0.0000,    0.0000,    2.2763,    2.4826,    0.0000,    0.0000,    2.4826,    0.0000,    2.3668,     2.0043,     0.0002
     1.197,    0.0000,    0.0000,    2.1020,    2.4828,    0.0000,    0.0000,    2.4828,    0.0000,    2.3669,     2.0073,     0.0002
     1.198,    0.0000,    0.0000,    1.8505,    2.4830,    0.0000,    0.0000,    2.4830,    0.0000,    2.3671,     2.0102,     0.0002
     1.199,    0.0000,    0.0000,    1.5314,    2.4827,    0.0000,    0.0000,    2.4827,    0.0000,    2.3668,     2.0127,     0.0002
     1.200,    0.0000,    0.0000,    1.1765,    2.4822,    0.0000,    0.0000,    2.4822,    0.0000,    2.3664,     2.0151,     0.0002
     1.201,    0.0000,    0.0000,    0.8301,    2.4822,    0.0000,    0.0000,    2.4822,    0.0000,    2.3663,     2.0177,     0.0002
     1.202,    0.0000,    0.0000,    0.5330,    2.4822,    0.0000,    0.0000,    2.4822,    0.0000,    2.3664,     2.0205,     0.0002
     1.203,    0.0000,    0.0000,    0.3091,    2.4822,    0.0000,    0.0000,    2.4822,    0.0000,    2.3663,     2.0231,     0.0002
     1.204,    0.0000,    0.0000,    0.1610,    2.4822,    0.0000,    0.0000,    2.4822,    0.0000,    2.3663,     2.0257,     0.0002
     1.205,    0.0000,    0.0000,    0.0750,    2.4824,    0.0000,    0.0000,    2.4824,    0.0000,    2.3666,     2.0285,     0.0002
     1.206,    0.0000,    0.0000,    0.0311,    2.4825,    0.0000,    0.0000,    2.4825,    0.0000,    2.3666,     2.0312,     0.0002
     1.207,    0.0000,    0.0000,    0.0115,    2.4820,    0.0000,    0.0000,    2.4820,    0.0000,    2.3662,     2.0333,     0.0002
     1.208,    0.0000,    0.0000,    0.0038,    2.4812,    0.0000,    0.0000,    2.4812,    0.0000,    2.3654,     2.0352,     0.0002
     1.209,    0.0000,    0.0000,    0.0011,    2.4805,    0.0000,    0.0000,    2.4805,    0.0000,    2.3648,     2.0372,     0.0001
     1.210,    0.0000,    0.0000,    0.0003,    2.4802,    0.0000,    0.0000,    2.4802,    0.0000,    2.3644,     2.0394,     0.0001
     1.211,    0.0000,    0.0000,    0.0001,    2.4803,    0.0000,    0.0000,    2.4803,    0.0000,    2.3646,     2.0420,     0.0001
     1.212,    0.0000,    0.0000,    0.0000,    2.4803,    0.0000,    0.0000,    2.4803,    0.0000,    2.3645,     2.0444,     0.0001
     1.213,    0.0000,    0.0000,    0.0000,    2.4796,    0.0000,    0.0000,    2.4796,    0.0000,    2.3639,     2.0462,     0.0001
     1.214,    0.0000,    0.0000,    0.0000,    2.4788,    0.0000,    0.0000,    2.4788,    0.0000,    2.3631,     2.0480,     0.0001
     1.215,    0.0000,    0.0000,    0.0000,    2.4786,    0.0000,    0.0000,    2.4786,    0.0000,    2.3629,     2.0502,     0.0001
     1.216,    0.0000,    0.0000,    0.0000,    2.4788,    0.0000,    0.0000,    2.4788,    0.0000,    2.3632,     2.0527,     0.0001
     1.217,    0.0000,    0.0000,    0.0000,    2.4791,    0.0000,    0.0000,    2.4791,    0.0000,    2.3634,     2.0553,     0.0001
     1.218,    0.0000,    0.0000,    0.0000,    2.4790,    0.0000,    0.0000,    2.4790,    0.0000,    2.3633,     2.0574,     0.0001
     1.219,    0.0000,    0.0000,    0.0000,    2.4782,    0.0000,    0.0000,    2.4782,    0.0000,    2.3626,     2.0591,     0.0001
     1.220,    0.0000,    0.0000,    0.0000,    2.4776,    0.0000,    0.0000,    2.4776,    0.0000,    2.3619,     2.0608,     0.0001
     1.221,    0.0000,    0.0000,    0.0000,    2.4776,    0.0000,    0.0000,    2.4776,    0.0000,    2.3620,     2.0631,     0.0001
     1.222,    0.0000,    0.0000,    0.0000,    2.4778,    0.0000,    0.0000,    2.4778,    0.0000,    2.3621,     2.0654,     0.0001
     1.223,    0.0000,    0.0000,    0.0000,    2.4774,    0.0000,    0.0000,    2.4774,    0.0000,    2.3618,     2.0673,     0.0001
     1.224,    0.0000,    0.0000,    0.0000,    2.4769,    0.0000,    0.0000,    2.4769,    0.0000,    2.3614,     2.0691,     0.0001
     1.225,    0.0000,    0.0000,    0.0000,    2.4769,    0.0000,    0.0000,    2.4769,    0.0000,    2.3613,     2.0712,     0.0001
     1.226,    0.0000,    0.0000,    0.0000,    2.4769,    0.0000,    0.0000,    2.4769,    0.0000,    2.3613,     2.0732,     0.0001
     1.227,    0.0000,    0.0000,    0.0000,    2.4764,    0.0000,    0.0000,    2.4764,    0.0000,    2.3608,     2.0749,     0.0001
     1.228,    0.0000,    0.0000,    0.0000,    2.4759,    0.0000,    0.0000,    2.4759,    0.0000,    2.3603,     2.0766,     0.0001
     1.229,    0.0000,    0.0000,    0.0000,    2.4757,    0.0000,    0.0000,    2.4757,    0.0000,    2.3602,     2.0785,     0.0001
     1.230,    0.0000,    0.0000,    0.0000,    2.4755,    0.0000,    0.0000,    2.4755,    0.0000,    2.3600,     2.0803,     0.0001
     1.231,    0.0000,    0.0000,    0.0000,    2.4749,    0.0000,    0.0000,    2.4749,    0.0000,    2.3594,     2.0818,     0.0001
     1.232,    0.0000,    0.0000,    0.0000,    2.4741,    0.0000,    0.0000,    2.4741,    0.0000,    2.3586,     2.0831,     0.0001
     1.233,    0.0000,    0.0000,    0.0000,    2.4735,    0.0000,    0.0000,    2.4735,    0.0000,    2.3581,     2.0845,     0.0001
     1.234,    0.0000,    0.0000,    0.0000,    2.4730,    0.0000,    0.0000,    2.4730,    0.0000,    2.3576,     2.0861,     0.0001
