romanisim/data/roman-technical-information/data/WideFieldInstrument/Imaging/EffectiveAreas/Roman_effarea_v8_SCA11_20240301.ecsv
# %ECSV 1.0
# ---
# Effective area for Roman (m^2) - parameters as of 2024 03 01
# datatype:
# - {name: Wave, datatype: float32}
# - {name: F062, datatype: float32}
# - {name: F087, datatype: float32}
# - {name: F106, datatype: float32}
# - {name: F129, datatype: float32}
# - {name: F158, datatype: float32}
# - {name: F184, datatype: float32}
# - {name: F146, datatype: float32}
# - {name: F213, datatype: float32}
# - {name: Prism, datatype: float32}
# - {name: Grism_1stOrder, datatype: float32}
# - {name: Grism_0thOrder, datatype: float32}
# schema: astropy-2.0
Wave, F062, F087, F106, F129, F158, F184, F146, F213, Prism, Grism_1stOrder, Grism_0thOrder
[from data line 1195]
     1.595,    0.0000,    0.0000,    0.0000,    0.0000,    2.5514,    0.0000,    2.5514,    0.0000,    2.4327,     1.8685,     0.0029
     1.596,    0.0000,    0.0000,    0.0000,    0.0000,    2.5515,    0.0000,    2.5515,    0.0000,    2.4327,     1.8664,     0.0029
     1.597,    0.0000,    0.0000,    0.0000,    0.0000,    2.5516,    0.0000,    2.5516,    0.0000,    2.4328,     1.8643,     0.0029
     1.598,    0.0000,    0.0000,    0.0000,    0.0000,    2.5521,    0.0000,    2.5521,    0.0000,    2.4333,     1.8625,     0.0030
     1.599,    0.0000,    0.0000,    0.0000,    0.0000,    2.5530,    0.0000,    2.5530,    0.0000,    2.4342,     1.8610,     0.0030
     1.600,    0.0000,    0.0000,    0.0000,    0.0000,    2.5539,    0.0000,    2.5539,    0.0000,    2.4351,     1.8594,     0.0031
     1.601,    0.0000,    0.0000,    0.0000,    0.0000,    2.5543,    0.0000,    2.5543,    0.0000,    2.4355,     1.8576,     0.0031
     1.602,    0.0000,    0.0000,    0.0000,    0.0000,    2.5546,    0.0000,    2.5546,    0.0000,    2.4357,     1.8555,     0.0032
     1.603,    0.0000,    0.0000,    0.0000,    0.0000,    2.5550,    0.0000,    2.5550,    0.0000,    2.4361,     1.8536,     0.0032
     1.604,    0.0000,    0.0000,    0.0000,    0.0000,    2.5555,    0.0000,    2.5555,    0.0000,    2.4366,     1.8518,     0.0032
     1.605,    0.0000,    0.0000,    0.0000,    0.0000,    2.5562,    0.0000,    2.5562,    0.0000,    2.4372,     1.8501,     0.0033
     1.606,    0.0000,    0.0000,    0.0000,    0.0000,    2.5570,    0.0000,    2.5570,    0.0000,    2.4380,     1.8485,     0.0033
     1.607,    0.0000,    0.0000,    0.0000,    0.0000,    2.5578,    0.0000,    2.5578,    0.0000,    2.4388,     1.8469,     0.0034
     1.608,    0.0000,    0.0000,    0.0000,    0.0000,    2.5586,    0.0000,    2.5586,    0.0000,    2.4395,     1.8452,     0.0034
     1.609,    0.0000,    0.0000,    0.0000,    0.0000,    2.5591,    0.0000,    2.5591,    0.0000,    2.4400,     1.8434,     0.0035
     1.610,    0.0000,    0.0000,    0.0000,    0.0000,    2.5596,    0.0000,    2.5596,    0.0000,    2.4405,     1.8416,     0.0035
     1.611,    0.0000,    0.0000,    0.0000,    0.0000,    2.5606,    0.0000,    2.5606,    0.0000,    2.4414,     1.8401,     0.0036
     1.612,    0.0000,    0.0000,    0.0000,    0.0000,    2.5615,    0.0000,    2.5615,    0.0000,    2.4423,     1.8385,     0.0036
     1.613,    0.0000,    0.0000,    0.0000,    0.0000,    2.5619,    0.0000,    2.5619,    0.0000,    2.4426,     1.8365,     0.0037
     1.614,    0.0000,    0.0000,    0.0000,    0.0000,    2.5622,    0.0000,    2.5622,    0.0000,    2.4430,     1.8346,     0.0037
     1.615,    0.0000,    0.0000,    0.0000,    0.0000,    2.5631,    0.0000,    2.5631,    0.0000,    2.4438,     1.8330,     0.0038
     1.616,    0.0000,    0.0000,    0.0000,    0.0000,    2.5643,    0.0000,    2.5643,    0.0000,    2.4450,     1.8316,     0.0038
     1.617,    0.0000,    0.0000,    0.0000,    0.0000,    2.5655,    0.0000,    2.5655,    0.0000,    2.4461,     1.8302,     0.0039
     1.618,    0.0000,    0.0000,    0.0000,    0.0000,    2.5665,    0.0000,    2.5665,    0.0000,    2.4470,     1.8287,     0.0039
     1.619,    0.0000,    0.0000,    0.0000,    0.0000,    2.5672,    0.0000,    2.5672,    0.0000,    2.4477,     1.8270,     0.0040
     1.620,    0.0000,    0.0000,    0.0000,    0.0000,    2.5678,    0.0000,    2.5678,    0.0000,    2.4483,     1.8252,     0.0040
     1.621,    0.0000,    0.0000,    0.0000,    0.0000,    2.5685,    0.0000,    2.5685,    0.0000,    2.4489,     1.8235,     0.0041
     1.622,    0.0000,    0.0000,    0.0000,    0.0000,    2.5692,    0.0000,    2.5692,    0.0000,    2.4497,     1.8218,     0.0041
     1.623,    0.0000,    0.0000,    0.0000,    0.0000,    2.5701,    0.0000,    2.5701,    0.0000,    2.4505,     1.8202,     0.0042
     1.624,    0.0000,    0.0000,    0.0000,    0.0000,    2.5709,    0.0000,    2.5709,    0.0000,    2.4513,     1.8185,     0.0042
     1.625,    0.0000,    0.0000,    0.0000,    0.0000,    2.5714,    0.0000,    2.5714,    0.0000,    2.4518,     1.8166,     0.0043
     1.626,    0.0000,    0.0000,    0.0000,    0.0000,    2.5721,    0.0000,    2.5721,    0.0000,    2.4524,     1.8149,     0.0043
     1.627,    0.0000,    0.0000,    0.0000,    0.0000,    2.5733,    0.0000,    2.5733,    0.0000,    2.4535,     1.8134,     0.0044
     1.628,    0.0000,    0.0000,    0.0000,    0.0000,    2.5744,    0.0000,    2.5744,    0.0000,    2.4545,     1.8120,     0.0045
     1.629,    0.0000,    0.0000,    0.0000,    0.0000,    2.5748,    0.0000,    2.5748,    0.0000,    2.4550,     1.8100,     0.0045
     1.630,    0.0000,    0.0000,    0.0000,    0.0000,    2.5752,    0.0000,    2.5752,    0.0000,    2.4553,     1.8080,     0.0046
     1.631,    0.0000,    0.0000,    0.0000,    0.0000,    2.5761,    0.0000,    2.5761,    0.0000,    2.4562,     1.8064,     0.0046
     1.632,    0.0000,    0.0000,    0.0000,    0.0000,    2.5773,    0.0000,    2.5773,    0.0000,    2.4573,     1.8050,     0.0047
     1.633,    0.0000,    0.0000,    0.0000,    0.0000,    2.5784,    0.0000,    2.5784,    0.0000,    2.4584,     1.8036,     0.0047
     1.634,    0.0000,    0.0000,    0.0000,    0.0000,    2.5794,    0.0000,    2.5794,    0.0000,    2.4593,     1.8020,     0.0048
     1.635,    0.0000,    0.0000,    0.0000,    0.0000,    2.5802,    0.0000,    2.5802,    0.0000,    2.4601,     1.8003,     0.0049
     1.636,    0.0000,    0.0000,    0.0000,    0.0000,    2.5810,    0.0000,    2.5810,    0.0000,    2.4608,     1.7986,     0.0049
     1.637,    0.0000,    0.0000,    0.0000,    0.0000,    2.5819,    0.0000,    2.5819,    0.0000,    2.4617,     1.7970,     0.0050
     1.638,    0.0000,    0.0000,    0.0000,    0.0000,    2.5829,    0.0000,    2.5829,    0.0000,    2.4627,     1.7954,     0.0050
     1.639,    0.0000,    0.0000,    0.0000,    0.0000,    2.5839,    0.0000,    2.5839,    0.0000,    2.4636,     1.7938,     0.0051
     1.640,    0.0000,    0.0000,    0.0000,    0.0000,    2.5846,    0.0000,    2.5846,    0.0000,    2.4643,     1.7921,     0.0052
     1.641,    0.0000,    0.0000,    0.0000,    0.0000,    2.5850,    0.0000,    2.5850,    0.0000,    2.4647,     1.7901,     0.0052
     1.642,    0.0000,    0.0000,    0.0000,    0.0000,    2.5857,    0.0000,    2.5857,    0.0000,    2.4654,     1.7883,     0.0053
     1.643,    0.0000,    0.0000,    0.0000,    0.0000,    2.5869,    0.0000,    2.5869,    0.0000,    2.4665,     1.7869,     0.0054
     1.644,    0.0000,    0.0000,    0.0000,    0.0000,    2.5881,    0.0000,    2.5881,    0.0000,    2.4676,     1.7854,     0.0054
     1.645,    0.0000,    0.0000,    0.0000,    0.0000,    2.5886,    0.0000,    2.5886,    0.0000,    2.4681,     1.7835,     0.0055
     1.646,    0.0000,    0.0000,    0.0000,    0.0000,    2.5889,    0.0000,    2.5889,    0.0000,    2.4684,     1.7815,     0.0055
     1.647,    0.0000,    0.0000,    0.0000,    0.0000,    2.5894,    0.0000,    2.5894,    0.0000,    2.4689,     1.7795,     0.0056
     1.648,    0.0000,    0.0000,    0.0000,    0.0000,    2.5900,    0.0000,    2.5900,    0.0000,    2.4695,     1.7777,     0.0057
     1.649,    0.0000,    0.0000,    0.0000,    0.0000,    2.5906,    0.0000,    2.5906,    0.0000,    2.4700,     1.7758,     0.0057
     1.650,    0.0000,    0.0000,    0.0000,    0.0000,    2.5914,    0.0000,    2.5914,    0.0000,    2.4708,     1.7741,     0.0058
     1.651,    0.0000,    0.0000,    0.0000,    0.0000,    2.5928,    0.0000,    2.5928,    0.0000,    2.4721,     1.7727,     0.0059
     1.652,    0.0000,    0.0000,    0.0000,    0.0000,    2.5937,    0.0000,    2.5937,    0.0000,    2.4730,     1.7711,     0.0059
     1.653,    0.0000,    0.0000,    0.0000,    0.0000,    2.5936,    0.0000,    2.5936,    0.0000,    2.4729,     1.7688,     0.0060
     1.654,    0.0000,    0.0000,    0.0000,    0.0000,    2.5934,    0.0000,    2.5934,    0.0000,    2.4727,     1.7664,     0.0061
     1.655,    0.0000,    0.0000,    0.0000,    0.0000,    2.5944,    0.0000,    2.5944,    0.0000,    2.4737,     1.7648,     0.0062
     1.656,    0.0000,    0.0000,    0.0000,    0.0000,    2.5958,    0.0000,    2.5958,    0.0000,    2.4750,     1.7634,     0.0062
     1.657,    0.0000,    0.0000,    0.0000,    0.0000,    2.5966,    0.0000,    2.5966,    0.0000,    2.4758,     1.7617,     0.0063
     1.658,    0.0000,    0.0000,    0.0000,    0.0000,    2.5971,    0.0000,    2.5971,    0.0000,    2.4762,     1.7598,     0.0064
     1.659,    0.0000,    0.0000,    0.0000,    0.0000,    2.5976,    0.0000,    2.5976,    0.0000,    2.4767,     1.7578,     0.0064
     1.660,    0.0000,    0.0000,    0.0000,    0.0000,    2.5985,    0.0000,    2.5985,    0.0000,    2.4776,     1.7561,     0.0065
     1.661,    0.0000,    0.0000,    0.0000,    0.0000,    2.5998,    0.0000,    2.5998,    0.0000,    2.4788,     1.7547,     0.0066
     1.662,    0.0000,    0.0000,    0.0000,    0.0000,    2.6006,    0.0000,    2.6006,    0.0000,    2.4796,     1.7530,     0.0067
     1.663,    0.0000,    0.0000,    0.0000,    0.0000,    2.6003,    0.0000,    2.6003,    0.0000,    2.4793,     1.7505,     0.0067
     1.664,    0.0000,    0.0000,    0.0000,    0.0000,    2.6000,    0.0000,    2.6000,    0.0000,    2.4790,     1.7480,     0.0068
     1.665,    0.0000,    0.0000,    0.0000,    0.0000,    2.6008,    0.0000,    2.6008,    0.0000,    2.4798,     1.7463,     0.0069
     1.666,    0.0000,    0.0000,    0.0000,    0.0000,    2.6022,    0.0000,    2.6022,    0.0000,    2.4811,     1.7449,     0.0070
     1.667,    0.0000,    0.0000,    0.0000,    0.0000,    2.6032,    0.0000,    2.6032,    0.0000,    2.4820,     1.7433,     0.0070
     1.668,    0.0000,    0.0000,    0.0000,    0.0000,    2.6035,    0.0001,    2.6035,    0.0000,    2.4823,     1.7412,     0.0071
     1.669,    0.0000,    0.0000,    0.0000,    0.0000,    2.6033,    0.0004,    2.6033,    0.0000,    2.4821,     1.7388,     0.0072
     1.670,    0.0000,    0.0000,    0.0000,    0.0000,    2.6032,    0.0010,    2.6032,    0.0000,    2.4820,     1.7364,     0.0073
     1.671,    0.0000,    0.0000,    0.0000,    0.0000,    2.6038,    0.0024,    2.6038,    0.0000,    2.4826,     1.7346,     0.0073
     1.672,    0.0000,    0.0000,    0.0000,    0.0000,    2.6045,    0.0056,    2.6045,    0.0000,    2.4833,     1.7328,     0.0074
     1.673,    0.0000,    0.0000,    0.0000,    0.0000,    2.6047,    0.0121,    2.6047,    0.0000,    2.4835,     1.7306,     0.0075
     1.674,    0.0000,    0.0000,    0.0000,    0.0000,    2.6049,    0.0249,    2.6049,    0.0000,    2.4836,     1.7284,     0.0076
     1.675,    0.0000,    0.0000,    0.0000,    0.0000,    2.6057,    0.0480,    2.6057,    0.0000,    2.4844,     1.7267,     0.0077
     1.676,    0.0000,    0.0000,    0.0000,    0.0000,    2.6066,    0.0872,    2.6066,    0.0000,    2.4853,     1.7250,     0.0077
     1.677,    0.0000,    0.0000,    0.0000,    0.0000,    2.6071,    0.1496,    2.6071,    0.0000,    2.4858,     1.7230,     0.0078
     1.678,    0.0000,    0.0000,    0.0000,    0.0000,    2.6076,    0.2421,    2.6076,    0.0000,    2.4862,     1.7211,     0.0079
     1.679,    0.0000,    0.0000,    0.0000,    0.0000,    2.6084,    0.3705,    2.6084,    0.0000,    2.4870,     1.7193,     0.0080
     1.680,    0.0000,    0.0000,    0.0000,    0.0000,    2.6093,    0.5373,    2.6093,    0.0000,    2.4879,     1.7176,     0.0081
     1.681,    0.0000,    0.0000,    0.0000,    0.0000,    2.6099,    0.7398,    2.6099,    0.0000,    2.4885,     1.7157,     0.0082
     1.682,    0.0000,    0.0000,    0.0000,    0.0000,    2.6104,    0.9697,    2.6104,    0.0000,    2.4889,     1.7138,     0.0082
     1.683,    0.0000,    0.0000,    0.0000,    0.0000,    2.6110,    1.2139,    2.6110,    0.0000,    2.4895,     1.7119,     0.0083
     1.684,    0.0000,    0.0000,    0.0000,    0.0000,    2.6115,    1.4563,    2.6115,    0.0000,    2.4900,     1.7099,     0.0084
     1.685,    0.0000,    0.0000,    0.0000,    0.0000,    2.6118,    1.6813,    2.6118,    0.0000,    2.4902,     1.7078,     0.0085
     1.686,    0.0000,    0.0000,    0.0000,    0.0000,    2.6121,    1.8766,    2.6121,    0.0000,    2.4905,     1.7057,     0.0086
     1.687,    0.0000,    0.0000,    0.0000,    0.0000,    2.6126,    2.0355,    2.6126,    0.0000,    2.4910,     1.7037,     0.0087
     1.688,    0.0000,    0.0000,    0.0000,    0.0000,    2.6132,    2.1564,    2.6132,    0.0000,    2.4916,     1.7019,     0.0088
     1.689,    0.0000,    0.0000,    0.0000,    0.0000,    2.6138,    2.2423,    2.6138,    0.0000,    2.4921,     1.6999,     0.0088
     1.690,    0.0000,    0.0000,    0.0000,    0.0000,    2.6142,    2.2995,    2.6142,    0.0000,    2.4926,     1.6979,     0.0089
     1.691,    0.0000,    0.0000,    0.0000,    0.0000,    2.6146,    2.3350,    2.6146,    0.0000,    2.4929,     1.6959,     0.0090
     1.692,    0.0000,    0.0000,    0.0000,    0.0000,    2.6153,    2.3561,    2.6153,    0.0000,    2.4936,     1.6940,     0.0091
     1.693,    0.0000,    0.0000,    0.0000,    0.0000,    2.6164,    2.3682,    2.6164,    0.0000,    2.4946,     1.6925,     0.0092
     1.694,    0.0000,    0.0000,    0.0000,    0.0000,    2.6173,    2.3747,    2.6173,    0.0000,    2.4954,     1.6907,     0.0093
     1.695,    0.0000,    0.0000,    0.0000,    0.0000,    2.6174,    2.3775,    2.6174,    0.0000,    2.4956,     1.6885,     0.0094
     1.696,    0.0000,    0.0000,    0.0000,    0.0000,    2.6177,    2.3789,    2.6177,    0.0000,    2.4959,     1.6864,     0.0095
     1.697,    0.0000,    0.0000,    0.0000,    0.0000,    2.6190,    2.3806,    2.6190,    0.0000,    2.4971,     1.6850,     0.0096
     1.698,    0.0000,    0.0000,    0.0000,    0.0000,    2.6201,    2.3818,    2.6201,    0.0000,    2.4982,     1.6834,     0.0097
     1.699,    0.0000,    0.0000,    0.0000,    0.0000,    2.6200,    2.3818,    2.6200,    0.0000,    2.4981,     1.6810,     0.0098
     1.700,    0.0000,    0.0000,    0.0000,    0.0000,    2.6198,    2.3817,    2.6198,    0.0000,    2.4979,     1.6786,     0.0099
     1.701,    0.0000,    0.0000,    0.0000,    0.0000,    2.6210,    2.3827,    2.6210,    0.0000,    2.4990,     1.6771,     0.0100
     1.702,    0.0000,    0.0000,    0.0000,    0.0000,    2.6226,    2.3842,    2.6226,    0.0000,    2.5006,     1.6759,     0.0101
     1.703,    0.0000,    0.0000,    0.0000,    0.0000,    2.6238,    2.3853,    2.6238,    0.0000,    2.5017,     1.6743,     0.0102
     1.704,    0.0000,    0.0000,    0.0000,    0.0000,    2.6243,    2.3857,    2.6243,    0.0000,    2.5022,     1.6723,     0.0103
     1.705,    0.0000,    0.0000,    0.0000,    0.0000,    2.6243,    2.3857,    2.6243,    0.0000,    2.5022,     1.6700,     0.0104
     1.706,    0.0000,    0.0000,    0.0000,    0.0000,    2.6245,    2.3859,    2.6245,    0.0000,    2.5024,     1.6679,     0.0105
     1.707,    0.0000,    0.0000,    0.0000,    0.0000,    2.6254,    2.3867,    2.6254,    0.0000,    2.5032,     1.6662,     0.0106
     1.708,    0.0000,    0.0000,    0.0000,    0.0000,    2.6265,    2.3877,    2.6265,    0.0000,    2.5042,     1.6645,     0.0107
     1.709,    0.0000,    0.0000,    0.0000,    0.0000,    2.6271,    2.3883,    2.6271,    0.0000,    2.5048,     1.6627,     0.0108
     1.710,    0.0000,    0.0000,    0.0000,    0.0000,    2.6275,    2.3887,    2.6275,    0.0000,    2.5052,     1.6606,     0.0109
     1.711,    0.0000,    0.0000,    0.0000,    0.0000,    2.6280,    2.3891,    2.6280,    0.0000,    2.5057,     1.6587,     0.0110
     1.712,    0.0000,    0.0000,    0.0000,    0.0000,    2.6287,    2.3897,    2.6287,    0.0000,    2.5064,     1.6568,     0.0111
