romanisim/data/roman-technical-information/data/WideFieldInstrument/Imaging/EffectiveAreas/Roman_effarea_v8_SCA06_20240301.ecsv
# %ECSV 1.0
# ---
# Effective area for Roman (m^2) - parameters as of 2024 03 01
# datatype:
# - {name: Wave, datatype: float32}
# - {name: F062, datatype: float32}
# - {name: F087, datatype: float32}
# - {name: F106, datatype: float32}
# - {name: F129, datatype: float32}
# - {name: F158, datatype: float32}
# - {name: F184, datatype: float32}
# - {name: F146, datatype: float32}
# - {name: F213, datatype: float32}
# - {name: Prism, datatype: float32}
# - {name: Grism_1stOrder, datatype: float32}
# - {name: Grism_0thOrder, datatype: float32}
# schema: astropy-2.0
Wave, F062, F087, F106, F129, F158, F184, F146, F213, Prism, Grism_1stOrder, Grism_0thOrder
[from data line 1314]
     1.714,    0.0000,    0.0000,    0.0000,    0.0000,    2.7276,    2.4764,    2.7276,    0.0000,    2.5825,     1.6600,     0.0113
     1.715,    0.0000,    0.0000,    0.0000,    0.0000,    2.7277,    2.4765,    2.7277,    0.0000,    2.5826,     1.6577,     0.0114
     1.716,    0.0000,    0.0000,    0.0000,    0.0000,    2.7283,    2.4770,    2.7283,    0.0000,    2.5831,     1.6558,     0.0115
     1.717,    0.0000,    0.0000,    0.0000,    0.0000,    2.7299,    2.4785,    2.7299,    0.0000,    2.5846,     1.6545,     0.0117
     1.718,    0.0000,    0.0000,    0.0000,    0.0000,    2.7314,    2.4799,    2.7314,    0.0000,    2.5861,     1.6531,     0.0118
     1.719,    0.0000,    0.0000,    0.0000,    0.0000,    2.7318,    2.4802,    2.7318,    0.0000,    2.5864,     1.6510,     0.0119
     1.720,    0.0000,    0.0000,    0.0000,    0.0000,    2.7318,    2.4802,    2.7318,    0.0000,    2.5864,     1.6487,     0.0120
     1.721,    0.0000,    0.0000,    0.0000,    0.0000,    2.7324,    2.4807,    2.7324,    0.0000,    2.5870,     1.6468,     0.0121
     1.722,    0.0000,    0.0000,    0.0000,    0.0000,    2.7332,    2.4814,    2.7332,    0.0000,    2.5877,     1.6449,     0.0122
     1.723,    0.0000,    0.0000,    0.0000,    0.0000,    2.7337,    2.4819,    2.7337,    0.0000,    2.5882,     1.6430,     0.0123
     1.724,    0.0000,    0.0000,    0.0000,    0.0000,    2.7342,    2.4824,    2.7342,    0.0000,    2.5887,     1.6410,     0.0124
     1.725,    0.0000,    0.0000,    0.0000,    0.0000,    2.7351,    2.4832,    2.7351,    0.0000,    2.5896,     1.6392,     0.0125
     1.726,    0.0000,    0.0000,    0.0000,    0.0000,    2.7360,    2.4840,    2.7360,    0.0000,    2.5904,     1.6374,     0.0127
     1.727,    0.0000,    0.0000,    0.0000,    0.0000,    2.7363,    2.4843,    2.7363,    0.0000,    2.5907,     1.6353,     0.0128
     1.728,    0.0000,    0.0000,    0.0000,    0.0000,    2.7364,    2.4844,    2.7364,    0.0000,    2.5908,     1.6331,     0.0129
     1.729,    0.0000,    0.0000,    0.0000,    0.0000,    2.7369,    2.4848,    2.7369,    0.0000,    2.5912,     1.6311,     0.0130
     1.730,    0.0000,    0.0000,    0.0000,    0.0000,    2.7376,    2.4855,    2.7376,    0.0000,    2.5919,     1.6292,     0.0131
     1.731,    0.0000,    0.0000,    0.0000,    0.0000,    2.7385,    2.4862,    2.7385,    0.0000,    2.5927,     1.6275,     0.0132
     1.732,    0.0000,    0.0000,    0.0000,    0.0000,    2.7393,    2.4870,    2.7393,    0.0000,    2.5935,     1.6257,     0.0133
     1.733,    0.0000,    0.0000,    0.0000,    0.0000,    2.7400,    2.4876,    2.7400,    0.0000,    2.5942,     1.6238,     0.0135
     1.734,    0.0000,    0.0000,    0.0000,    0.0000,    2.7407,    2.4882,    2.7407,    0.0000,    2.5948,     1.6219,     0.0136
     1.735,    0.0000,    0.0000,    0.0000,    0.0000,    2.7415,    2.4890,    2.7415,    0.0000,    2.5956,     1.6201,     0.0137
     1.736,    0.0000,    0.0000,    0.0000,    0.0000,    2.7422,    2.4896,    2.7422,    0.0000,    2.5962,     1.6182,     0.0138
     1.737,    0.0000,    0.0000,    0.0000,    0.0000,    2.7425,    2.4899,    2.7425,    0.0000,    2.5966,     1.6161,     0.0139
     1.738,    0.0000,    0.0000,    0.0000,    0.0000,    2.7425,    2.4899,    2.7425,    0.0000,    2.5966,     1.6138,     0.0141
     1.739,    0.0000,    0.0000,    0.0000,    0.0000,    2.7422,    2.4897,    2.7422,    0.0000,    2.5963,     1.6114,     0.0142
     1.740,    0.0000,    0.0000,    0.0000,    0.0000,    2.7424,    2.4898,    2.7424,    0.0000,    2.5965,     1.6092,     0.0143
     1.741,    0.0000,    0.0000,    0.0000,    0.0000,    2.7436,    2.4909,    2.7436,    0.0000,    2.5976,     1.6076,     0.0144
     1.742,    0.0000,    0.0000,    0.0000,    0.0000,    2.7449,    2.4921,    2.7449,    0.0000,    2.5988,     1.6061,     0.0146
     1.743,    0.0000,    0.0000,    0.0000,    0.0000,    2.7456,    2.4927,    2.7456,    0.0000,    2.5994,     1.6042,     0.0147
     1.744,    0.0000,    0.0000,    0.0000,    0.0000,    2.7460,    2.4931,    2.7460,    0.0000,    2.5998,     1.6022,     0.0148
     1.745,    0.0000,    0.0000,    0.0000,    0.0000,    2.7467,    2.4937,    2.7467,    0.0000,    2.6005,     1.6003,     0.0149
     1.746,    0.0000,    0.0000,    0.0000,    0.0000,    2.7473,    2.4943,    2.7473,    0.0000,    2.6011,     1.5984,     0.0151
     1.747,    0.0000,    0.0000,    0.0000,    0.0000,    2.7474,    2.4943,    2.7474,    0.0000,    2.6012,     1.5962,     0.0152
     1.748,    0.0000,    0.0000,    0.0000,    0.0000,    2.7473,    2.4943,    2.7473,    0.0000,    2.6011,     1.5938,     0.0153
     1.749,    0.0000,    0.0000,    0.0000,    0.0000,    2.7475,    2.4945,    2.7475,    0.0000,    2.6013,     1.5917,     0.0154
     1.750,    0.0000,    0.0000,    0.0000,    0.0000,    2.7478,    2.4947,    2.7478,    0.0000,    2.6016,     1.5896,     0.0156
     1.751,    0.0000,    0.0000,    0.0000,    0.0000,    2.7480,    2.4949,    2.7480,    0.0000,    2.6018,     1.5874,     0.0157
     1.752,    0.0000,    0.0000,    0.0000,    0.0000,    2.7486,    2.4954,    2.7486,    0.0000,    2.6023,     1.5855,     0.0158
     1.753,    0.0000,    0.0000,    0.0000,    0.0000,    2.7498,    2.4965,    2.7498,    0.0000,    2.6034,     1.5839,     0.0160
     1.754,    0.0000,    0.0000,    0.0000,    0.0000,    2.7509,    2.4976,    2.7509,    0.0000,    2.6045,     1.5823,     0.0161
     1.755,    0.0000,    0.0000,    0.0000,    0.0000,    2.7513,    2.4979,    2.7513,    0.0000,    2.6049,     1.5802,     0.0162
     1.756,    0.0000,    0.0000,    0.0000,    0.0000,    2.7513,    2.4979,    2.7513,    0.0000,    2.6049,     1.5780,     0.0164
     1.757,    0.0000,    0.0000,    0.0000,    0.0000,    2.7514,    2.4980,    2.7514,    0.0000,    2.6050,     1.5757,     0.0165
     1.758,    0.0000,    0.0000,    0.0000,    0.0000,    2.7517,    2.4982,    2.7517,    0.0000,    2.6052,     1.5736,     0.0166
     1.759,    0.0000,    0.0000,    0.0000,    0.0000,    2.7521,    2.4986,    2.7521,    0.0000,    2.6056,     1.5716,     0.0168
     1.760,    0.0000,    0.0000,    0.0000,    0.0000,    2.7527,    2.4991,    2.7527,    0.0000,    2.6062,     1.5697,     0.0169
     1.761,    0.0000,    0.0000,    0.0000,    0.0000,    2.7534,    2.4998,    2.7534,    0.0000,    2.6069,     1.5678,     0.0170
     1.762,    0.0000,    0.0000,    0.0000,    0.0000,    2.7539,    2.5003,    2.7539,    0.0000,    2.6074,     1.5659,     0.0172
     1.763,    0.0000,    0.0000,    0.0000,    0.0000,    2.7538,    2.5002,    2.7539,    0.0000,    2.6073,     1.5636,     0.0173
     1.764,    0.0000,    0.0000,    0.0000,    0.0000,    2.7536,    2.5002,    2.7539,    0.0000,    2.6073,     1.5613,     0.0174
     1.765,    0.0000,    0.0000,    0.0000,    0.0000,    2.7538,    2.5008,    2.7545,    0.0000,    2.6079,     1.5594,     0.0176
     1.766,    0.0000,    0.0000,    0.0000,    0.0000,    2.7537,    2.5015,    2.7552,    0.0000,    2.6086,     1.5576,     0.0177
     1.767,    0.0000,    0.0000,    0.0000,    0.0000,    2.7522,    2.5018,    2.7556,    0.0000,    2.6090,     1.5555,     0.0179
     1.768,    0.0000,    0.0000,    0.0000,    0.0000,    2.7483,    2.5019,    2.7557,    0.0000,    2.6091,     1.5533,     0.0180
     1.769,    0.0000,    0.0000,    0.0000,    0.0000,    2.7405,    2.5018,    2.7557,    0.0000,    2.6090,     1.5510,     0.0181
     1.770,    0.0000,    0.0000,    0.0000,    0.0000,    2.7263,    2.5018,    2.7556,    0.0000,    2.6090,     1.5488,     0.0183
     1.771,    0.0000,    0.0000,    0.0000,    0.0000,    2.7019,    2.5019,    2.7558,    0.0000,    2.6091,     1.5466,     0.0184
     1.772,    0.0000,    0.0000,    0.0000,    0.0000,    2.6619,    2.5021,    2.7559,    0.0000,    2.6093,     1.5444,     0.0186
     1.773,    0.0000,    0.0000,    0.0000,    0.0000,    2.6000,    2.5023,    2.7561,    0.0000,    2.6095,     1.5423,     0.0187
     1.774,    0.0000,    0.0000,    0.0000,    0.0000,    2.5098,    2.5027,    2.7565,    0.0000,    2.6098,     1.5403,     0.0189
     1.775,    0.0000,    0.0000,    0.0000,    0.0000,    2.3854,    2.5033,    2.7573,    0.0000,    2.6105,     1.5385,     0.0190
     1.776,    0.0000,    0.0000,    0.0000,    0.0000,    2.2233,    2.5040,    2.7580,    0.0000,    2.6112,     1.5366,     0.0192
     1.777,    0.0000,    0.0000,    0.0000,    0.0000,    2.0236,    2.5042,    2.7583,    0.0000,    2.6115,     1.5345,     0.0193
     1.778,    0.0000,    0.0000,    0.0000,    0.0000,    1.7916,    2.5045,    2.7586,    0.0000,    2.6118,     1.5325,     0.0195
     1.779,    0.0000,    0.0000,    0.0000,    0.0000,    1.5375,    2.5051,    2.7592,    0.0000,    2.6124,     1.5306,     0.0196
     1.780,    0.0000,    0.0000,    0.0000,    0.0000,    1.2744,    2.5057,    2.7599,    0.0000,    2.6130,     1.5287,     0.0198
     1.781,    0.0000,    0.0000,    0.0000,    0.0000,    1.0170,    2.5059,    2.7601,    0.0000,    2.6132,     1.5266,     0.0199
     1.782,    0.0000,    0.0000,    0.0000,    0.0000,    0.7793,    2.5057,    2.7599,    0.0000,    2.6131,     1.5243,     0.0201
     1.783,    0.0000,    0.0000,    0.0000,    0.0000,    0.5721,    2.5053,    2.7595,    0.0000,    2.6126,     1.5218,     0.0202
     1.784,    0.0000,    0.0000,    0.0000,    0.0000,    0.4016,    2.5050,    2.7592,    0.0000,    2.6123,     1.5194,     0.0204
     1.785,    0.0000,    0.0000,    0.0000,    0.0000,    0.2692,    2.5052,    2.7594,    0.0000,    2.6125,     1.5172,     0.0205
     1.786,    0.0000,    0.0000,    0.0000,    0.0000,    0.1720,    2.5058,    2.7600,    0.0000,    2.6131,     1.5154,     0.0207
     1.787,    0.0000,    0.0000,    0.0000,    0.0000,    0.1046,    2.5066,    2.7608,    0.0000,    2.6139,     1.5136,     0.0208
     1.788,    0.0000,    0.0000,    0.0000,    0.0000,    0.0606,    2.5074,    2.7618,    0.0000,    2.6147,     1.5119,     0.0210
     1.789,    0.0000,    0.0000,    0.0000,    0.0000,    0.0333,    2.5082,    2.7626,    0.0000,    2.6155,     1.5101,     0.0211
     1.790,    0.0000,    0.0000,    0.0000,    0.0000,    0.0174,    2.5087,    2.7632,    0.0000,    2.6159,     1.5082,     0.0213
     1.791,    0.0000,    0.0000,    0.0000,    0.0000,    0.0086,    2.5089,    2.7634,    0.0000,    2.6160,     1.5061,     0.0215
     1.792,    0.0000,    0.0000,    0.0000,    0.0000,    0.0040,    2.5088,    2.7634,    0.0000,    2.6157,     1.5039,     0.0216
     1.793,    0.0000,    0.0000,    0.0000,    0.0000,    0.0018,    2.5087,    2.7632,    0.0000,    2.6151,     1.5016,     0.0218
     1.794,    0.0000,    0.0000,    0.0000,    0.0000,    0.0008,    2.5089,    2.7634,    0.0000,    2.6145,     1.4995,     0.0219
     1.795,    0.0000,    0.0000,    0.0000,    0.0000,    0.0003,    2.5098,    2.7644,    0.0000,    2.6141,     1.4978,     0.0221
     1.796,    0.0000,    0.0000,    0.0000,    0.0000,    0.0001,    2.5105,    2.7652,    0.0000,    2.6127,     1.4960,     0.0223
     1.797,    0.0000,    0.0000,    0.0000,    0.0000,    0.0000,    2.5105,    2.7652,    0.0000,    2.6093,     1.4938,     0.0224
     1.798,    0.0000,    0.0000,    0.0000,    0.0000,    0.0000,    2.5102,    2.7648,    0.0000,    2.6039,     1.4914,     0.0226
     1.799,    0.0000,    0.0000,    0.0000,    0.0000,    0.0000,    2.5105,    2.7651,    0.0000,    2.5966,     1.4893,     0.0227
     1.800,    0.0000,    0.0000,    0.0000,    0.0000,    0.0000,    2.5113,    2.7660,    0.0000,    2.5863,     1.4876,     0.0229
     1.801,    0.0000,    0.0000,    0.0000,    0.0000,    0.0000,    2.5124,    2.7672,    0.0000,    2.5717,     1.4860,     0.0231
     1.802,    0.0000,    0.0000,    0.0000,    0.0000,    0.0000,    2.5132,    2.7681,    0.0000,    2.5506,     1.4843,     0.0233
     1.803,    0.0000,    0.0000,    0.0000,    0.0000,    0.0000,    2.5133,    2.7683,    0.0000,    2.5211,     1.4822,     0.0234
     1.804,    0.0000,    0.0000,    0.0000,    0.0000,    0.0000,    2.5132,    2.7682,    0.0000,    2.4819,     1.4799,     0.0236
     1.805,    0.0000,    0.0000,    0.0000,    0.0000,    0.0000,    2.5133,    2.7683,    0.0000,    2.4317,     1.4778,     0.0237
     1.806,    0.0000,    0.0000,    0.0000,    0.0000,    0.0000,    2.5138,    2.7688,    0.0000,    2.3688,     1.4759,     0.0239
     1.807,    0.0000,    0.0000,    0.0000,    0.0000,    0.0000,    2.5145,    2.7696,    0.0000,    2.2918,     1.4741,     0.0241
     1.808,    0.0000,    0.0000,    0.0000,    0.0000,    0.0000,    2.5153,    2.7705,    0.0000,    2.1996,     1.4724,     0.0243
     1.809,    0.0000,    0.0000,    0.0000,    0.0000,    0.0000,    2.5161,    2.7713,    0.0000,    2.0918,     1.4706,     0.0244
     1.810,    0.0000,    0.0000,    0.0000,    0.0000,    0.0000,    2.5166,    2.7719,    0.0000,    1.9685,     1.4687,     0.0246
     1.811,    0.0000,    0.0000,    0.0000,    0.0000,    0.0000,    2.5167,    2.7720,    0.0000,    1.8312,     1.4666,     0.0248
     1.812,    0.0000,    0.0000,    0.0000,    0.0000,    0.0000,    2.5170,    2.7723,    0.0000,    1.6823,     1.4646,     0.0250
     1.813,    0.0000,    0.0000,    0.0000,    0.0000,    0.0000,    2.5178,    2.7733,    0.0000,    1.5250,     1.4629,     0.0251
     1.814,    0.0000,    0.0000,    0.0000,    0.0000,    0.0000,    2.5188,    2.7744,    0.0000,    1.3627,     1.4613,     0.0253
     1.815,    0.0000,    0.0000,    0.0000,    0.0000,    0.0000,    2.5195,    2.7751,    0.0000,    1.1988,     1.4595,     0.0255
     1.816,    0.0000,    0.0000,    0.0000,    0.0000,    0.0000,    2.5201,    2.7757,    0.0000,    1.0376,     1.4576,     0.0257
     1.817,    0.0000,    0.0000,    0.0000,    0.0000,    0.0000,    2.5205,    2.7762,    0.0000,    0.8828,     1.4557,     0.0259
     1.818,    0.0000,    0.0000,    0.0000,    0.0000,    0.0000,    2.5204,    2.7761,    0.0000,    0.7378,     1.4535,     0.0260
     1.819,    0.0000,    0.0000,    0.0000,    0.0000,    0.0000,    2.5195,    2.7751,    0.0000,    0.6053,     1.4508,     0.0262
     1.820,    0.0000,    0.0000,    0.0000,    0.0000,    0.0000,    2.5188,    2.7744,    0.0000,    0.4873,     1.4482,     0.0264
     1.821,    0.0000,    0.0000,    0.0000,    0.0000,    0.0000,    2.5193,    2.7749,    0.0000,    0.3849,     1.4463,     0.0266
     1.822,    0.0000,    0.0000,    0.0000,    0.0000,    0.0000,    2.5205,    2.7762,    0.0000,    0.2982,     1.4448,     0.0267
     1.823,    0.0000,    0.0000,    0.0000,    0.0000,    0.0000,    2.5217,    2.7775,    0.0000,    0.2263,     1.4433,     0.0269
     1.824,    0.0000,    0.0000,    0.0000,    0.0000,    0.0000,    2.5230,    2.7789,    0.0000,    0.1683,     1.4419,     0.0271
     1.825,    0.0000,    0.0000,    0.0000,    0.0000,    0.0000,    2.5245,    2.7806,    0.0000,    0.1226,     1.4406,     0.0273
     1.826,    0.0000,    0.0000,    0.0000,    0.0000,    0.0000,    2.5259,    2.7821,    0.0000,    0.0874,     1.4392,     0.0275
     1.827,    0.0000,    0.0000,    0.0000,    0.0000,    0.0000,    2.5269,    2.7833,    0.0000,    0.0609,     1.4377,     0.0277
     1.828,    0.0000,    0.0000,    0.0000,    0.0000,    0.0000,    2.5274,    2.7838,    0.0000,    0.0416,     1.4357,     0.0279
     1.829,    0.0000,    0.0000,    0.0000,    0.0000,    0.0000,    2.5272,    2.7836,    0.0000,    0.0277,     1.4335,     0.0281
     1.830,    0.0000,    0.0000,    0.0000,    0.0000,    0.0000,    2.5271,    2.7834,    0.0000,    0.0181,     1.4312,     0.0283
     1.831,    0.0000,    0.0000,    0.0000,    0.0000,    0.0000,    2.5277,    2.7842,    0.0000,    0.0116,     1.4295,     0.0285
