romanisim/data/roman-technical-information/data/WideFieldInstrument/Imaging/EffectiveAreas/Roman_effarea_v8_SCA15_20240301.ecsv
# %ECSV 1.0
# ---
# Effective area for Roman (m^2) - parameters as of 2024 03 01
# datatype:
# - {name: Wave, datatype: float32}
# - {name: F062, datatype: float32}
# - {name: F087, datatype: float32}
# - {name: F106, datatype: float32}
# - {name: F129, datatype: float32}
# - {name: F158, datatype: float32}
# - {name: F184, datatype: float32}
# - {name: F146, datatype: float32}
# - {name: F213, datatype: float32}
# - {name: Prism, datatype: float32}
# - {name: Grism_1stOrder, datatype: float32}
# - {name: Grism_0thOrder, datatype: float32}
# schema: astropy-2.0
Wave, F062, F087, F106, F129, F158, F184, F146, F213, Prism, Grism_1stOrder, Grism_0thOrder
[from data line 1314]
     1.714,    0.0000,    0.0000,    0.0000,    0.0000,    2.5810,    2.3551,    2.5810,    0.0000,    2.4506,     1.5751,     0.0108
     1.715,    0.0000,    0.0000,    0.0000,    0.0000,    2.5813,    2.3554,    2.5813,    0.0000,    2.4509,     1.5731,     0.0108
     1.716,    0.0000,    0.0000,    0.0000,    0.0000,    2.5821,    2.3561,    2.5821,    0.0000,    2.4516,     1.5714,     0.0110
     1.717,    0.0000,    0.0000,    0.0000,    0.0000,    2.5838,    2.3577,    2.5838,    0.0000,    2.4533,     1.5703,     0.0111
     1.718,    0.0000,    0.0000,    0.0000,    0.0000,    2.5855,    2.3593,    2.5855,    0.0000,    2.4549,     1.5691,     0.0112
     1.719,    0.0000,    0.0000,    0.0000,    0.0000,    2.5861,    2.3598,    2.5861,    0.0000,    2.4555,     1.5673,     0.0113
     1.720,    0.0000,    0.0000,    0.0000,    0.0000,    2.5864,    2.3600,    2.5864,    0.0000,    2.4557,     1.5653,     0.0114
     1.721,    0.0000,    0.0000,    0.0000,    0.0000,    2.5871,    2.3608,    2.5871,    0.0000,    2.4564,     1.5636,     0.0115
     1.722,    0.0000,    0.0000,    0.0000,    0.0000,    2.5881,    2.3616,    2.5881,    0.0000,    2.4574,     1.5620,     0.0116
     1.723,    0.0000,    0.0000,    0.0000,    0.0000,    2.5888,    2.3623,    2.5888,    0.0000,    2.4581,     1.5602,     0.0117
     1.724,    0.0000,    0.0000,    0.0000,    0.0000,    2.5896,    2.3630,    2.5896,    0.0000,    2.4588,     1.5585,     0.0118
     1.725,    0.0000,    0.0000,    0.0000,    0.0000,    2.5907,    2.3640,    2.5907,    0.0000,    2.4598,     1.5570,     0.0119
     1.726,    0.0000,    0.0000,    0.0000,    0.0000,    2.5917,    2.3649,    2.5917,    0.0000,    2.4608,     1.5554,     0.0120
     1.727,    0.0000,    0.0000,    0.0000,    0.0000,    2.5922,    2.3654,    2.5922,    0.0000,    2.4613,     1.5536,     0.0121
     1.728,    0.0000,    0.0000,    0.0000,    0.0000,    2.5926,    2.3658,    2.5926,    0.0000,    2.4616,     1.5516,     0.0122
     1.729,    0.0000,    0.0000,    0.0000,    0.0000,    2.5933,    2.3663,    2.5933,    0.0000,    2.4623,     1.5498,     0.0123
     1.730,    0.0000,    0.0000,    0.0000,    0.0000,    2.5942,    2.3672,    2.5942,    0.0000,    2.4631,     1.5482,     0.0125
     1.731,    0.0000,    0.0000,    0.0000,    0.0000,    2.5952,    2.3681,    2.5952,    0.0000,    2.4641,     1.5466,     0.0126
     1.732,    0.0000,    0.0000,    0.0000,    0.0000,    2.5962,    2.3690,    2.5962,    0.0000,    2.4650,     1.5450,     0.0127
     1.733,    0.0000,    0.0000,    0.0000,    0.0000,    2.5970,    2.3698,    2.5970,    0.0000,    2.4658,     1.5434,     0.0128
     1.734,    0.0000,    0.0000,    0.0000,    0.0000,    2.5979,    2.3706,    2.5979,    0.0000,    2.4667,     1.5417,     0.0129
     1.735,    0.0000,    0.0000,    0.0000,    0.0000,    2.5989,    2.3714,    2.5989,    0.0000,    2.4676,     1.5401,     0.0130
     1.736,    0.0000,    0.0000,    0.0000,    0.0000,    2.5997,    2.3722,    2.5997,    0.0000,    2.4684,     1.5384,     0.0131
     1.737,    0.0000,    0.0000,    0.0000,    0.0000,    2.6002,    2.3727,    2.6002,    0.0000,    2.4689,     1.5365,     0.0133
     1.738,    0.0000,    0.0000,    0.0000,    0.0000,    2.6004,    2.3729,    2.6004,    0.0000,    2.4690,     1.5345,     0.0134
     1.739,    0.0000,    0.0000,    0.0000,    0.0000,    2.6003,    2.3728,    2.6003,    0.0000,    2.4689,     1.5322,     0.0135
     1.740,    0.0000,    0.0000,    0.0000,    0.0000,    2.6007,    2.3731,    2.6007,    0.0000,    2.4693,     1.5303,     0.0136
     1.741,    0.0000,    0.0000,    0.0000,    0.0000,    2.6019,    2.3742,    2.6019,    0.0000,    2.4705,     1.5288,     0.0137
     1.742,    0.0000,    0.0000,    0.0000,    0.0000,    2.6033,    2.3755,    2.6033,    0.0000,    2.4718,     1.5275,     0.0138
     1.743,    0.0000,    0.0000,    0.0000,    0.0000,    2.6041,    2.3762,    2.6041,    0.0000,    2.4725,     1.5258,     0.0140
     1.744,    0.0000,    0.0000,    0.0000,    0.0000,    2.6046,    2.3767,    2.6046,    0.0000,    2.4731,     1.5239,     0.0141
     1.745,    0.0000,    0.0000,    0.0000,    0.0000,    2.6054,    2.3774,    2.6054,    0.0000,    2.4738,     1.5222,     0.0142
     1.746,    0.0000,    0.0000,    0.0000,    0.0000,    2.6061,    2.3781,    2.6061,    0.0000,    2.4745,     1.5205,     0.0143
     1.747,    0.0000,    0.0000,    0.0000,    0.0000,    2.6063,    2.3782,    2.6063,    0.0000,    2.4746,     1.5184,     0.0144
     1.748,    0.0000,    0.0000,    0.0000,    0.0000,    2.6063,    2.3783,    2.6063,    0.0000,    2.4747,     1.5163,     0.0146
     1.749,    0.0000,    0.0000,    0.0000,    0.0000,    2.6066,    2.3785,    2.6066,    0.0000,    2.4749,     1.5143,     0.0147
     1.750,    0.0000,    0.0000,    0.0000,    0.0000,    2.6070,    2.3789,    2.6070,    0.0000,    2.4753,     1.5123,     0.0148
     1.751,    0.0000,    0.0000,    0.0000,    0.0000,    2.6073,    2.3791,    2.6073,    0.0000,    2.4755,     1.5103,     0.0149
     1.752,    0.0000,    0.0000,    0.0000,    0.0000,    2.6078,    2.3796,    2.6078,    0.0000,    2.4761,     1.5085,     0.0151
     1.753,    0.0000,    0.0000,    0.0000,    0.0000,    2.6090,    2.3807,    2.6090,    0.0000,    2.4772,     1.5070,     0.0152
     1.754,    0.0000,    0.0000,    0.0000,    0.0000,    2.6102,    2.3818,    2.6102,    0.0000,    2.4783,     1.5055,     0.0153
     1.755,    0.0000,    0.0000,    0.0000,    0.0000,    2.6106,    2.3821,    2.6106,    0.0000,    2.4787,     1.5036,     0.0154
     1.756,    0.0000,    0.0000,    0.0000,    0.0000,    2.6106,    2.3821,    2.6106,    0.0000,    2.4787,     1.5014,     0.0156
     1.757,    0.0000,    0.0000,    0.0000,    0.0000,    2.6107,    2.3822,    2.6107,    0.0000,    2.4788,     1.4993,     0.0157
     1.758,    0.0000,    0.0000,    0.0000,    0.0000,    2.6109,    2.3824,    2.6109,    0.0000,    2.4790,     1.4973,     0.0158
     1.759,    0.0000,    0.0000,    0.0000,    0.0000,    2.6113,    2.3828,    2.6113,    0.0000,    2.4794,     1.4953,     0.0159
     1.760,    0.0000,    0.0000,    0.0000,    0.0000,    2.6118,    2.3833,    2.6118,    0.0000,    2.4799,     1.4935,     0.0161
     1.761,    0.0000,    0.0000,    0.0000,    0.0000,    2.6125,    2.3839,    2.6125,    0.0000,    2.4805,     1.4917,     0.0162
     1.762,    0.0000,    0.0000,    0.0000,    0.0000,    2.6129,    2.3843,    2.6130,    0.0000,    2.4810,     1.4898,     0.0163
     1.763,    0.0000,    0.0000,    0.0000,    0.0000,    2.6128,    2.3843,    2.6129,    0.0000,    2.4809,     1.4876,     0.0165
     1.764,    0.0000,    0.0000,    0.0000,    0.0000,    2.6126,    2.3842,    2.6129,    0.0000,    2.4809,     1.4855,     0.0166
     1.765,    0.0000,    0.0000,    0.0000,    0.0000,    2.6128,    2.3847,    2.6134,    0.0000,    2.4813,     1.4836,     0.0167
     1.766,    0.0000,    0.0000,    0.0000,    0.0000,    2.6126,    2.3853,    2.6140,    0.0000,    2.4820,     1.4818,     0.0169
     1.767,    0.0000,    0.0000,    0.0000,    0.0000,    2.6111,    2.3856,    2.6144,    0.0000,    2.4823,     1.4799,     0.0170
     1.768,    0.0000,    0.0000,    0.0000,    0.0000,    2.6073,    2.3856,    2.6144,    0.0000,    2.4823,     1.4777,     0.0171
     1.769,    0.0000,    0.0000,    0.0000,    0.0000,    2.5999,    2.3855,    2.6142,    0.0000,    2.4822,     1.4755,     0.0173
     1.770,    0.0000,    0.0000,    0.0000,    0.0000,    2.5864,    2.3854,    2.6141,    0.0000,    2.4821,     1.4733,     0.0174
     1.771,    0.0000,    0.0000,    0.0000,    0.0000,    2.5631,    2.3854,    2.6142,    0.0000,    2.4821,     1.4712,     0.0175
     1.772,    0.0000,    0.0000,    0.0000,    0.0000,    2.5251,    2.3855,    2.6143,    0.0000,    2.4822,     1.4691,     0.0177
     1.773,    0.0000,    0.0000,    0.0000,    0.0000,    2.4663,    2.3856,    2.6144,    0.0000,    2.4823,     1.4670,     0.0178
     1.774,    0.0000,    0.0000,    0.0000,    0.0000,    2.3806,    2.3859,    2.6147,    0.0000,    2.4826,     1.4651,     0.0179
     1.775,    0.0000,    0.0000,    0.0000,    0.0000,    2.2626,    2.3864,    2.6153,    0.0000,    2.4831,     1.4633,     0.0181
     1.776,    0.0000,    0.0000,    0.0000,    0.0000,    2.1087,    2.3869,    2.6158,    0.0000,    2.4837,     1.4614,     0.0182
     1.777,    0.0000,    0.0000,    0.0000,    0.0000,    1.9192,    2.3871,    2.6160,    0.0000,    2.4838,     1.4594,     0.0184
     1.778,    0.0000,    0.0000,    0.0000,    0.0000,    1.6992,    2.3872,    2.6162,    0.0000,    2.4840,     1.4574,     0.0185
     1.779,    0.0000,    0.0000,    0.0000,    0.0000,    1.4581,    2.3877,    2.6167,    0.0000,    2.4845,     1.4555,     0.0186
     1.780,    0.0000,    0.0000,    0.0000,    0.0000,    1.2085,    2.3882,    2.6172,    0.0000,    2.4850,     1.4537,     0.0188
     1.781,    0.0000,    0.0000,    0.0000,    0.0000,    0.9644,    2.3883,    2.6173,    0.0000,    2.4851,     1.4516,     0.0189
     1.782,    0.0000,    0.0000,    0.0000,    0.0000,    0.7389,    2.3880,    2.6170,    0.0000,    2.4848,     1.4493,     0.0191
     1.783,    0.0000,    0.0000,    0.0000,    0.0000,    0.5424,    2.3875,    2.6165,    0.0000,    2.4843,     1.4469,     0.0192
     1.784,    0.0000,    0.0000,    0.0000,    0.0000,    0.3808,    2.3872,    2.6161,    0.0000,    2.4839,     1.4446,     0.0194
     1.785,    0.0000,    0.0000,    0.0000,    0.0000,    0.2552,    2.3872,    2.6162,    0.0000,    2.4840,     1.4425,     0.0195
     1.786,    0.0000,    0.0000,    0.0000,    0.0000,    0.1631,    2.3876,    2.6166,    0.0000,    2.4844,     1.4406,     0.0196
     1.787,    0.0000,    0.0000,    0.0000,    0.0000,    0.0992,    2.3883,    2.6173,    0.0000,    2.4851,     1.4389,     0.0198
     1.788,    0.0000,    0.0000,    0.0000,    0.0000,    0.0574,    2.3890,    2.6181,    0.0000,    2.4858,     1.4372,     0.0199
     1.789,    0.0000,    0.0000,    0.0000,    0.0000,    0.0316,    2.3896,    2.6188,    0.0000,    2.4864,     1.4355,     0.0201
     1.790,    0.0000,    0.0000,    0.0000,    0.0000,    0.0165,    2.3900,    2.6192,    0.0000,    2.4867,     1.4336,     0.0202
     1.791,    0.0000,    0.0000,    0.0000,    0.0000,    0.0082,    2.3901,    2.6193,    0.0000,    2.4867,     1.4315,     0.0204
     1.792,    0.0000,    0.0000,    0.0000,    0.0000,    0.0038,    2.3900,    2.6192,    0.0000,    2.4864,     1.4293,     0.0205
     1.793,    0.0000,    0.0000,    0.0000,    0.0000,    0.0017,    2.3897,    2.6189,    0.0000,    2.4857,     1.4271,     0.0207
     1.794,    0.0000,    0.0000,    0.0000,    0.0000,    0.0007,    2.3899,    2.6190,    0.0000,    2.4852,     1.4251,     0.0208
     1.795,    0.0000,    0.0000,    0.0000,    0.0000,    0.0003,    2.3906,    2.6199,    0.0000,    2.4849,     1.4234,     0.0210
     1.796,    0.0000,    0.0000,    0.0000,    0.0000,    0.0001,    2.3912,    2.6206,    0.0000,    2.4838,     1.4217,     0.0212
     1.797,    0.0000,    0.0000,    0.0000,    0.0000,    0.0000,    2.3911,    2.6204,    0.0000,    2.4808,     1.4195,     0.0213
     1.798,    0.0000,    0.0000,    0.0000,    0.0000,    0.0000,    2.3907,    2.6200,    0.0000,    2.4762,     1.4172,     0.0215
     1.799,    0.0000,    0.0000,    0.0000,    0.0000,    0.0000,    2.3909,    2.6202,    0.0000,    2.4699,     1.4152,     0.0216
     1.800,    0.0000,    0.0000,    0.0000,    0.0000,    0.0000,    2.3916,    2.6210,    0.0000,    2.4612,     1.4135,     0.0218
     1.801,    0.0000,    0.0000,    0.0000,    0.0000,    0.0000,    2.3926,    2.6220,    0.0000,    2.4487,     1.4120,     0.0219
     1.802,    0.0000,    0.0000,    0.0000,    0.0000,    0.0000,    2.3933,    2.6228,    0.0000,    2.4305,     1.4103,     0.0221
     1.803,    0.0000,    0.0000,    0.0000,    0.0000,    0.0000,    2.3934,    2.6229,    0.0000,    2.4048,     1.4082,     0.0222
     1.804,    0.0000,    0.0000,    0.0000,    0.0000,    0.0000,    2.3932,    2.6227,    0.0000,    2.3704,     1.4061,     0.0224
     1.805,    0.0000,    0.0000,    0.0000,    0.0000,    0.0000,    2.3933,    2.6228,    0.0000,    2.3260,     1.4040,     0.0226
     1.806,    0.0000,    0.0000,    0.0000,    0.0000,    0.0000,    2.3937,    2.6232,    0.0000,    2.2700,     1.4021,     0.0227
     1.807,    0.0000,    0.0000,    0.0000,    0.0000,    0.0000,    2.3943,    2.6239,    0.0000,    2.2010,     1.4004,     0.0229
     1.808,    0.0000,    0.0000,    0.0000,    0.0000,    0.0000,    2.3950,    2.6247,    0.0000,    2.1178,     1.3988,     0.0231
     1.809,    0.0000,    0.0000,    0.0000,    0.0000,    0.0000,    2.3957,    2.6255,    0.0000,    2.0197,     1.3971,     0.0232
     1.810,    0.0000,    0.0000,    0.0000,    0.0000,    0.0000,    2.3962,    2.6259,    0.0000,    1.9068,     1.3953,     0.0234
     1.811,    0.0000,    0.0000,    0.0000,    0.0000,    0.0000,    2.3963,    2.6261,    0.0000,    1.7801,     1.3932,     0.0235
     1.812,    0.0000,    0.0000,    0.0000,    0.0000,    0.0000,    2.3965,    2.6263,    0.0000,    1.6417,     1.3913,     0.0237
     1.813,    0.0000,    0.0000,    0.0000,    0.0000,    0.0000,    2.3973,    2.6272,    0.0000,    1.4944,     1.3897,     0.0239
     1.814,    0.0000,    0.0000,    0.0000,    0.0000,    0.0000,    2.3982,    2.6282,    0.0000,    1.3413,     1.3881,     0.0241
     1.815,    0.0000,    0.0000,    0.0000,    0.0000,    0.0000,    2.3989,    2.6289,    0.0000,    1.1856,     1.3864,     0.0242
     1.816,    0.0000,    0.0000,    0.0000,    0.0000,    0.0000,    2.3993,    2.6294,    0.0000,    1.0312,     1.3846,     0.0244
     1.817,    0.0000,    0.0000,    0.0000,    0.0000,    0.0000,    2.3997,    2.6299,    0.0000,    0.8820,     1.3828,     0.0246
     1.818,    0.0000,    0.0000,    0.0000,    0.0000,    0.0000,    2.3996,    2.6297,    0.0000,    0.7412,     1.3807,     0.0247
     1.819,    0.0000,    0.0000,    0.0000,    0.0000,    0.0000,    2.3988,    2.6288,    0.0000,    0.6114,     1.3781,     0.0249
     1.820,    0.0000,    0.0000,    0.0000,    0.0000,    0.0000,    2.3981,    2.6281,    0.0000,    0.4951,     1.3757,     0.0251
     1.821,    0.0000,    0.0000,    0.0000,    0.0000,    0.0000,    2.3985,    2.6286,    0.0000,    0.3934,     1.3738,     0.0252
     1.822,    0.0000,    0.0000,    0.0000,    0.0000,    0.0000,    2.3997,    2.6298,    0.0000,    0.3066,     1.3724,     0.0254
     1.823,    0.0000,    0.0000,    0.0000,    0.0000,    0.0000,    2.4008,    2.6310,    0.0000,    0.2342,     1.3710,     0.0256
     1.824,    0.0000,    0.0000,    0.0000,    0.0000,    0.0000,    2.4020,    2.6324,    0.0000,    0.1752,     1.3697,     0.0258
     1.825,    0.0000,    0.0000,    0.0000,    0.0000,    0.0000,    2.4035,    2.6339,    0.0000,    0.1284,     1.3684,     0.0260
     1.826,    0.0000,    0.0000,    0.0000,    0.0000,    0.0000,    2.4048,    2.6354,    0.0000,    0.0921,     1.3671,     0.0261
     1.827,    0.0000,    0.0000,    0.0000,    0.0000,    0.0000,    2.4058,    2.6365,    0.0000,    0.0647,     1.3656,     0.0263
     1.828,    0.0000,    0.0000,    0.0000,    0.0000,    0.0000,    2.4062,    2.6370,    0.0000,    0.0444,     1.3638,     0.0265
     1.829,    0.0000,    0.0000,    0.0000,    0.0000,    0.0000,    2.4060,    2.6367,    0.0000,    0.0299,     1.3616,     0.0267
     1.830,    0.0000,    0.0000,    0.0000,    0.0000,    0.0000,    2.4059,    2.6366,    0.0000,    0.0196,     1.3595,     0.0269
     1.831,    0.0000,    0.0000,    0.0000,    0.0000,    0.0000,    2.4065,    2.6373,    0.0000,    0.0126,     1.3578,     0.0270
