romanisim/data/roman-technical-information/data/WideFieldInstrument/Imaging/EffectiveAreas/Roman_effarea_v8_SCA17_20240301.ecsv
# %ECSV 1.0
# ---
# Effective area for Roman (m^2) - parameters as of 2024 03 01
# datatype:
# - {name: Wave, datatype: float32}
# - {name: F062, datatype: float32}
# - {name: F087, datatype: float32}
# - {name: F106, datatype: float32}
# - {name: F129, datatype: float32}
# - {name: F158, datatype: float32}
# - {name: F184, datatype: float32}
# - {name: F146, datatype: float32}
# - {name: F213, datatype: float32}
# - {name: Prism, datatype: float32}
# - {name: Grism_1stOrder, datatype: float32}
# - {name: Grism_0thOrder, datatype: float32}
# schema: astropy-2.0
Wave, F062, F087, F106, F129, F158, F184, F146, F213, Prism, Grism_1stOrder, Grism_0thOrder
[from data line 1314]
     1.714,    0.0000,    0.0000,    0.0000,    0.0000,    2.7320,    2.4182,    2.7320,    0.0000,    2.6163,     1.6179,     0.0110
     1.715,    0.0000,    0.0000,    0.0000,    0.0000,    2.7324,    2.4185,    2.7324,    0.0000,    2.6166,     1.6158,     0.0111
     1.716,    0.0000,    0.0000,    0.0000,    0.0000,    2.7332,    2.4192,    2.7332,    0.0000,    2.6174,     1.6141,     0.0112
     1.717,    0.0000,    0.0000,    0.0000,    0.0000,    2.7351,    2.4209,    2.7351,    0.0000,    2.6192,     1.6129,     0.0114
     1.718,    0.0000,    0.0000,    0.0000,    0.0000,    2.7369,    2.4225,    2.7369,    0.0000,    2.6209,     1.6118,     0.0115
     1.719,    0.0000,    0.0000,    0.0000,    0.0000,    2.7375,    2.4231,    2.7375,    0.0000,    2.6216,     1.6099,     0.0116
     1.720,    0.0000,    0.0000,    0.0000,    0.0000,    2.7378,    2.4233,    2.7378,    0.0000,    2.6218,     1.6078,     0.0117
     1.721,    0.0000,    0.0000,    0.0000,    0.0000,    2.7387,    2.4241,    2.7387,    0.0000,    2.6226,     1.6061,     0.0118
     1.722,    0.0000,    0.0000,    0.0000,    0.0000,    2.7397,    2.4250,    2.7397,    0.0000,    2.6237,     1.6045,     0.0119
     1.723,    0.0000,    0.0000,    0.0000,    0.0000,    2.7405,    2.4257,    2.7405,    0.0000,    2.6244,     1.6027,     0.0120
     1.724,    0.0000,    0.0000,    0.0000,    0.0000,    2.7413,    2.4264,    2.7413,    0.0000,    2.6252,     1.6010,     0.0121
     1.725,    0.0000,    0.0000,    0.0000,    0.0000,    2.7425,    2.4275,    2.7425,    0.0000,    2.6264,     1.5994,     0.0122
     1.726,    0.0000,    0.0000,    0.0000,    0.0000,    2.7437,    2.4285,    2.7437,    0.0000,    2.6274,     1.5978,     0.0123
     1.727,    0.0000,    0.0000,    0.0000,    0.0000,    2.7443,    2.4290,    2.7443,    0.0000,    2.6280,     1.5959,     0.0125
     1.728,    0.0000,    0.0000,    0.0000,    0.0000,    2.7447,    2.4294,    2.7447,    0.0000,    2.6284,     1.5940,     0.0126
     1.729,    0.0000,    0.0000,    0.0000,    0.0000,    2.7454,    2.4301,    2.7454,    0.0000,    2.6291,     1.5921,     0.0127
     1.730,    0.0000,    0.0000,    0.0000,    0.0000,    2.7464,    2.4309,    2.7464,    0.0000,    2.6301,     1.5905,     0.0128
     1.731,    0.0000,    0.0000,    0.0000,    0.0000,    2.7476,    2.4319,    2.7476,    0.0000,    2.6312,     1.5889,     0.0129
     1.732,    0.0000,    0.0000,    0.0000,    0.0000,    2.7487,    2.4329,    2.7487,    0.0000,    2.6322,     1.5873,     0.0130
     1.733,    0.0000,    0.0000,    0.0000,    0.0000,    2.7496,    2.4338,    2.7496,    0.0000,    2.6332,     1.5856,     0.0131
     1.734,    0.0000,    0.0000,    0.0000,    0.0000,    2.7506,    2.4346,    2.7506,    0.0000,    2.6341,     1.5839,     0.0133
     1.735,    0.0000,    0.0000,    0.0000,    0.0000,    2.7517,    2.4356,    2.7517,    0.0000,    2.6351,     1.5823,     0.0134
     1.736,    0.0000,    0.0000,    0.0000,    0.0000,    2.7526,    2.4364,    2.7526,    0.0000,    2.6360,     1.5806,     0.0135
     1.737,    0.0000,    0.0000,    0.0000,    0.0000,    2.7532,    2.4370,    2.7532,    0.0000,    2.6366,     1.5788,     0.0136
     1.738,    0.0000,    0.0000,    0.0000,    0.0000,    2.7535,    2.4372,    2.7535,    0.0000,    2.6368,     1.5767,     0.0137
     1.739,    0.0000,    0.0000,    0.0000,    0.0000,    2.7534,    2.4371,    2.7534,    0.0000,    2.6368,     1.5744,     0.0139
     1.740,    0.0000,    0.0000,    0.0000,    0.0000,    2.7538,    2.4375,    2.7538,    0.0000,    2.6372,     1.5724,     0.0140
     1.741,    0.0000,    0.0000,    0.0000,    0.0000,    2.7552,    2.4387,    2.7552,    0.0000,    2.6385,     1.5710,     0.0141
     1.742,    0.0000,    0.0000,    0.0000,    0.0000,    2.7568,    2.4401,    2.7568,    0.0000,    2.6400,     1.5696,     0.0142
     1.743,    0.0000,    0.0000,    0.0000,    0.0000,    2.7577,    2.4409,    2.7577,    0.0000,    2.6408,     1.5679,     0.0143
     1.744,    0.0000,    0.0000,    0.0000,    0.0000,    2.7583,    2.4414,    2.7583,    0.0000,    2.6414,     1.5660,     0.0145
     1.745,    0.0000,    0.0000,    0.0000,    0.0000,    2.7592,    2.4422,    2.7592,    0.0000,    2.6423,     1.5643,     0.0146
     1.746,    0.0000,    0.0000,    0.0000,    0.0000,    2.7599,    2.4429,    2.7599,    0.0000,    2.6430,     1.5625,     0.0147
     1.747,    0.0000,    0.0000,    0.0000,    0.0000,    2.7602,    2.4431,    2.7602,    0.0000,    2.6433,     1.5604,     0.0148
     1.748,    0.0000,    0.0000,    0.0000,    0.0000,    2.7603,    2.4432,    2.7603,    0.0000,    2.6433,     1.5582,     0.0150
     1.749,    0.0000,    0.0000,    0.0000,    0.0000,    2.7606,    2.4435,    2.7606,    0.0000,    2.6437,     1.5562,     0.0151
     1.750,    0.0000,    0.0000,    0.0000,    0.0000,    2.7610,    2.4439,    2.7610,    0.0000,    2.6441,     1.5542,     0.0152
     1.751,    0.0000,    0.0000,    0.0000,    0.0000,    2.7614,    2.4441,    2.7614,    0.0000,    2.6444,     1.5522,     0.0153
     1.752,    0.0000,    0.0000,    0.0000,    0.0000,    2.7620,    2.4447,    2.7620,    0.0000,    2.6450,     1.5503,     0.0155
     1.753,    0.0000,    0.0000,    0.0000,    0.0000,    2.7633,    2.4459,    2.7633,    0.0000,    2.6462,     1.5488,     0.0156
     1.754,    0.0000,    0.0000,    0.0000,    0.0000,    2.7645,    2.4470,    2.7645,    0.0000,    2.6474,     1.5473,     0.0157
     1.755,    0.0000,    0.0000,    0.0000,    0.0000,    2.7650,    2.4474,    2.7650,    0.0000,    2.6479,     1.5453,     0.0159
     1.756,    0.0000,    0.0000,    0.0000,    0.0000,    2.7650,    2.4474,    2.7650,    0.0000,    2.6479,     1.5431,     0.0160
     1.757,    0.0000,    0.0000,    0.0000,    0.0000,    2.7651,    2.4475,    2.7651,    0.0000,    2.6480,     1.5410,     0.0161
     1.758,    0.0000,    0.0000,    0.0000,    0.0000,    2.7654,    2.4477,    2.7654,    0.0000,    2.6483,     1.5389,     0.0163
     1.759,    0.0000,    0.0000,    0.0000,    0.0000,    2.7658,    2.4481,    2.7658,    0.0000,    2.6487,     1.5369,     0.0164
     1.760,    0.0000,    0.0000,    0.0000,    0.0000,    2.7664,    2.4486,    2.7664,    0.0000,    2.6493,     1.5350,     0.0165
     1.761,    0.0000,    0.0000,    0.0000,    0.0000,    2.7670,    2.4493,    2.7672,    0.0000,    2.6500,     1.5332,     0.0167
     1.762,    0.0000,    0.0000,    0.0000,    0.0000,    2.7672,    2.4497,    2.7677,    0.0000,    2.6505,     1.5313,     0.0168
     1.763,    0.0000,    0.0000,    0.0000,    0.0000,    2.7666,    2.4497,    2.7676,    0.0000,    2.6504,     1.5291,     0.0169
     1.764,    0.0000,    0.0000,    0.0000,    0.0000,    2.7653,    2.4497,    2.7676,    0.0000,    2.6504,     1.5268,     0.0171
     1.765,    0.0000,    0.0000,    0.0000,    0.0000,    2.7632,    2.4502,    2.7682,    0.0000,    2.6509,     1.5249,     0.0172
     1.766,    0.0000,    0.0000,    0.0000,    0.0000,    2.7588,    2.4508,    2.7689,    0.0000,    2.6516,     1.5231,     0.0173
     1.767,    0.0000,    0.0000,    0.0000,    0.0000,    2.7497,    2.4511,    2.7692,    0.0000,    2.6519,     1.5211,     0.0175
     1.768,    0.0000,    0.0000,    0.0000,    0.0000,    2.7332,    2.4512,    2.7693,    0.0000,    2.6520,     1.5189,     0.0176
     1.769,    0.0000,    0.0000,    0.0000,    0.0000,    2.7056,    2.4510,    2.7692,    0.0000,    2.6519,     1.5167,     0.0177
     1.770,    0.0000,    0.0000,    0.0000,    0.0000,    2.6622,    2.4510,    2.7691,    0.0000,    2.6518,     1.5144,     0.0179
     1.771,    0.0000,    0.0000,    0.0000,    0.0000,    2.5974,    2.4510,    2.7691,    0.0000,    2.6518,     1.5122,     0.0180
     1.772,    0.0000,    0.0000,    0.0000,    0.0000,    2.5053,    2.4511,    2.7693,    0.0000,    2.6520,     1.5101,     0.0182
     1.773,    0.0000,    0.0000,    0.0000,    0.0000,    2.3812,    2.4513,    2.7694,    0.0000,    2.6521,     1.5080,     0.0183
     1.774,    0.0000,    0.0000,    0.0000,    0.0000,    2.2225,    2.4515,    2.7697,    0.0000,    2.6524,     1.5060,     0.0184
     1.775,    0.0000,    0.0000,    0.0000,    0.0000,    2.0300,    2.4521,    2.7704,    0.0000,    2.6530,     1.5041,     0.0186
     1.776,    0.0000,    0.0000,    0.0000,    0.0000,    1.8079,    2.4527,    2.7710,    0.0000,    2.6536,     1.5023,     0.0187
     1.777,    0.0000,    0.0000,    0.0000,    0.0000,    1.5647,    2.4529,    2.7712,    0.0000,    2.6538,     1.5002,     0.0189
     1.778,    0.0000,    0.0000,    0.0000,    0.0000,    1.3123,    2.4531,    2.7714,    0.0000,    2.6540,     1.4981,     0.0190
     1.779,    0.0000,    0.0000,    0.0000,    0.0000,    1.0637,    2.4536,    2.7720,    0.0000,    2.6545,     1.4963,     0.0192
     1.780,    0.0000,    0.0000,    0.0000,    0.0000,    0.8313,    2.4541,    2.7726,    0.0000,    2.6550,     1.4944,     0.0193
     1.781,    0.0000,    0.0000,    0.0000,    0.0000,    0.6250,    2.4542,    2.7728,    0.0000,    2.6551,     1.4923,     0.0195
     1.782,    0.0000,    0.0000,    0.0000,    0.0000,    0.4511,    2.4540,    2.7725,    0.0000,    2.6548,     1.4900,     0.0196
     1.783,    0.0000,    0.0000,    0.0000,    0.0000,    0.3123,    2.4535,    2.7720,    0.0000,    2.6541,     1.4875,     0.0197
     1.784,    0.0000,    0.0000,    0.0000,    0.0000,    0.2070,    2.4532,    2.7716,    0.0000,    2.6534,     1.4851,     0.0199
     1.785,    0.0000,    0.0000,    0.0000,    0.0000,    0.1313,    2.4533,    2.7717,    0.0000,    2.6530,     1.4830,     0.0200
     1.786,    0.0000,    0.0000,    0.0000,    0.0000,    0.0796,    2.4538,    2.7722,    0.0000,    2.6528,     1.4811,     0.0202
     1.787,    0.0000,    0.0000,    0.0000,    0.0000,    0.0461,    2.4545,    2.7730,    0.0000,    2.6525,     1.4793,     0.0203
     1.788,    0.0000,    0.0000,    0.0000,    0.0000,    0.0254,    2.4553,    2.7739,    0.0000,    2.6518,     1.4776,     0.0205
     1.789,    0.0000,    0.0000,    0.0000,    0.0000,    0.0134,    2.4560,    2.7747,    0.0000,    2.6502,     1.4759,     0.0207
     1.790,    0.0000,    0.0000,    0.0000,    0.0000,    0.0067,    2.4564,    2.7752,    0.0000,    2.6474,     1.4740,     0.0208
     1.791,    0.0000,    0.0000,    0.0000,    0.0000,    0.0032,    2.4566,    2.7754,    0.0000,    2.6429,     1.4719,     0.0210
     1.792,    0.0000,    0.0000,    0.0000,    0.0000,    0.0015,    2.4565,    2.7753,    0.0000,    2.6363,     1.4697,     0.0211
     1.793,    0.0000,    0.0000,    0.0000,    0.0000,    0.0006,    2.4563,    2.7751,    0.0000,    2.6273,     1.4674,     0.0213
     1.794,    0.0000,    0.0000,    0.0000,    0.0000,    0.0003,    2.4565,    2.7754,    0.0000,    2.6157,     1.4654,     0.0214
     1.795,    0.0000,    0.0000,    0.0000,    0.0000,    0.0001,    2.4574,    2.7763,    0.0000,    2.6010,     1.4637,     0.0216
     1.796,    0.0000,    0.0000,    0.0000,    0.0000,    0.0000,    2.4581,    2.7771,    0.0000,    2.5816,     1.4620,     0.0218
     1.797,    0.0000,    0.0000,    0.0000,    0.0000,    0.0000,    2.4580,    2.7771,    0.0000,    2.5557,     1.4598,     0.0219
     1.798,    0.0000,    0.0000,    0.0000,    0.0000,    0.0000,    2.4578,    2.7767,    0.0000,    2.5232,     1.4575,     0.0221
     1.799,    0.0000,    0.0000,    0.0000,    0.0000,    0.0000,    2.4581,    2.7771,    0.0000,    2.4836,     1.4555,     0.0222
     1.800,    0.0000,    0.0000,    0.0000,    0.0000,    0.0000,    2.4589,    2.7780,    0.0000,    2.4360,     1.4538,     0.0224
     1.801,    0.0000,    0.0000,    0.0000,    0.0000,    0.0000,    2.4600,    2.7792,    0.0000,    2.3793,     1.4523,     0.0226
     1.802,    0.0000,    0.0000,    0.0000,    0.0000,    0.0000,    2.4608,    2.7802,    0.0000,    2.3123,     1.4506,     0.0227
     1.803,    0.0000,    0.0000,    0.0000,    0.0000,    0.0000,    2.4610,    2.7804,    0.0000,    2.2341,     1.4486,     0.0229
     1.804,    0.0000,    0.0000,    0.0000,    0.0000,    0.0000,    2.4610,    2.7804,    0.0000,    2.1451,     1.4464,     0.0230
     1.805,    0.0000,    0.0000,    0.0000,    0.0000,    0.0000,    2.4612,    2.7806,    0.0000,    2.0459,     1.4444,     0.0232
     1.806,    0.0000,    0.0000,    0.0000,    0.0000,    0.0000,    2.4617,    2.7812,    0.0000,    1.9371,     1.4425,     0.0234
     1.807,    0.0000,    0.0000,    0.0000,    0.0000,    0.0000,    2.4625,    2.7820,    0.0000,    1.8196,     1.4408,     0.0235
     1.808,    0.0000,    0.0000,    0.0000,    0.0000,    0.0000,    2.4633,    2.7830,    0.0000,    1.6946,     1.4392,     0.0237
     1.809,    0.0000,    0.0000,    0.0000,    0.0000,    0.0000,    2.4642,    2.7840,    0.0000,    1.5638,     1.4376,     0.0239
     1.810,    0.0000,    0.0000,    0.0000,    0.0000,    0.0000,    2.4648,    2.7847,    0.0000,    1.4291,     1.4358,     0.0241
     1.811,    0.0000,    0.0000,    0.0000,    0.0000,    0.0000,    2.4651,    2.7850,    0.0000,    1.2925,     1.4338,     0.0242
     1.812,    0.0000,    0.0000,    0.0000,    0.0000,    0.0000,    2.4655,    2.7854,    0.0000,    1.1566,     1.4319,     0.0244
     1.813,    0.0000,    0.0000,    0.0000,    0.0000,    0.0000,    2.4664,    2.7865,    0.0000,    1.0238,     1.4303,     0.0246
     1.814,    0.0000,    0.0000,    0.0000,    0.0000,    0.0000,    2.4675,    2.7878,    0.0000,    0.8959,     1.4288,     0.0248
     1.815,    0.0000,    0.0000,    0.0000,    0.0000,    0.0000,    2.4684,    2.7887,    0.0000,    0.7746,     1.4272,     0.0249
     1.816,    0.0000,    0.0000,    0.0000,    0.0000,    0.0000,    2.4690,    2.7895,    0.0000,    0.6616,     1.4254,     0.0251
     1.817,    0.0000,    0.0000,    0.0000,    0.0000,    0.0000,    2.4696,    2.7901,    0.0000,    0.5579,     1.4236,     0.0253
     1.818,    0.0000,    0.0000,    0.0000,    0.0000,    0.0000,    2.4697,    2.7902,    0.0000,    0.4644,     1.4215,     0.0255
     1.819,    0.0000,    0.0000,    0.0000,    0.0000,    0.0000,    2.4690,    2.7894,    0.0000,    0.3814,     1.4190,     0.0256
     1.820,    0.0000,    0.0000,    0.0000,    0.0000,    0.0000,    2.4685,    2.7889,    0.0000,    0.3091,     1.4166,     0.0258
     1.821,    0.0000,    0.0000,    0.0000,    0.0000,    0.0000,    2.4691,    2.7896,    0.0000,    0.2473,     1.4148,     0.0260
     1.822,    0.0000,    0.0000,    0.0000,    0.0000,    0.0000,    2.4704,    2.7911,    0.0000,    0.1951,     1.4134,     0.0262
     1.823,    0.0000,    0.0000,    0.0000,    0.0000,    0.0000,    2.4718,    2.7926,    0.0000,    0.1518,     1.4121,     0.0264
     1.824,    0.0000,    0.0000,    0.0000,    0.0000,    0.0000,    2.4733,    2.7943,    0.0000,    0.1165,     1.4108,     0.0265
     1.825,    0.0000,    0.0000,    0.0000,    0.0000,    0.0000,    2.4749,    2.7961,    0.0000,    0.0881,     1.4096,     0.0267
     1.826,    0.0000,    0.0000,    0.0000,    0.0000,    0.0000,    2.4765,    2.7979,    0.0000,    0.0657,     1.4084,     0.0269
     1.827,    0.0000,    0.0000,    0.0000,    0.0000,    0.0000,    2.4777,    2.7993,    0.0000,    0.0482,     1.4070,     0.0271
     1.828,    0.0000,    0.0000,    0.0000,    0.0000,    0.0000,    2.4784,    2.8000,    0.0000,    0.0349,     1.4052,     0.0273
     1.829,    0.0000,    0.0000,    0.0000,    0.0000,    0.0000,    2.4784,    2.8000,    0.0000,    0.0249,     1.4031,     0.0275
     1.830,    0.0000,    0.0000,    0.0000,    0.0000,    0.0000,    2.4785,    2.8001,    0.0000,    0.0175,     1.4011,     0.0277
     1.831,    0.0000,    0.0000,    0.0000,    0.0000,    0.0000,    2.4793,    2.8011,    0.0000,    0.0121,     1.3994,     0.0279
