romanisim/data/roman-technical-information/data/WideFieldInstrument/Imaging/EffectiveAreas/Roman_effarea_v8_SCA18_20240301.ecsv
# %ECSV 1.0
# ---
# Effective area for Roman (m^2) - parameters as of 2024 03 01
# datatype:
# - {name: Wave, datatype: float32}
# - {name: F062, datatype: float32}
# - {name: F087, datatype: float32}
# - {name: F106, datatype: float32}
# - {name: F129, datatype: float32}
# - {name: F158, datatype: float32}
# - {name: F184, datatype: float32}
# - {name: F146, datatype: float32}
# - {name: F213, datatype: float32}
# - {name: Prism, datatype: float32}
# - {name: Grism_1stOrder, datatype: float32}
# - {name: Grism_0thOrder, datatype: float32}
# schema: astropy-2.0
Wave, F062, F087, F106, F129, F158, F184, F146, F213, Prism, Grism_1stOrder, Grism_0thOrder
[from data line 1195]
     1.595,    0.0000,    0.0000,    0.0000,    0.0000,    2.7410,    0.0000,    2.7410,    0.0000,    2.6204,     1.8900,     0.0029
     1.596,    0.0000,    0.0000,    0.0000,    0.0000,    2.7409,    0.0000,    2.7409,    0.0000,    2.6203,     1.8877,     0.0029
     1.597,    0.0000,    0.0000,    0.0000,    0.0000,    2.7409,    0.0000,    2.7409,    0.0000,    2.6203,     1.8855,     0.0030
     1.598,    0.0000,    0.0000,    0.0000,    0.0000,    2.7413,    0.0000,    2.7413,    0.0000,    2.6207,     1.8836,     0.0030
     1.599,    0.0000,    0.0000,    0.0000,    0.0000,    2.7422,    0.0000,    2.7422,    0.0000,    2.6216,     1.8820,     0.0031
     1.600,    0.0000,    0.0000,    0.0000,    0.0000,    2.7430,    0.0000,    2.7430,    0.0000,    2.6224,     1.8804,     0.0031
     1.601,    0.0000,    0.0000,    0.0000,    0.0000,    2.7434,    0.0000,    2.7434,    0.0000,    2.6228,     1.8784,     0.0031
     1.602,    0.0000,    0.0000,    0.0000,    0.0000,    2.7435,    0.0000,    2.7435,    0.0000,    2.6229,     1.8763,     0.0032
     1.603,    0.0000,    0.0000,    0.0000,    0.0000,    2.7439,    0.0000,    2.7439,    0.0000,    2.6232,     1.8743,     0.0032
     1.604,    0.0000,    0.0000,    0.0000,    0.0000,    2.7444,    0.0000,    2.7444,    0.0000,    2.6237,     1.8725,     0.0033
     1.605,    0.0000,    0.0000,    0.0000,    0.0000,    2.7450,    0.0000,    2.7450,    0.0000,    2.6243,     1.8707,     0.0033
     1.606,    0.0000,    0.0000,    0.0000,    0.0000,    2.7458,    0.0000,    2.7458,    0.0000,    2.6251,     1.8690,     0.0034
     1.607,    0.0000,    0.0000,    0.0000,    0.0000,    2.7467,    0.0000,    2.7467,    0.0000,    2.6259,     1.8673,     0.0034
     1.608,    0.0000,    0.0000,    0.0000,    0.0000,    2.7474,    0.0000,    2.7474,    0.0000,    2.6266,     1.8656,     0.0035
     1.609,    0.0000,    0.0000,    0.0000,    0.0000,    2.7479,    0.0000,    2.7479,    0.0000,    2.6270,     1.8637,     0.0035
     1.610,    0.0000,    0.0000,    0.0000,    0.0000,    2.7484,    0.0000,    2.7484,    0.0000,    2.6276,     1.8618,     0.0036
     1.611,    0.0000,    0.0000,    0.0000,    0.0000,    2.7494,    0.0000,    2.7494,    0.0000,    2.6285,     1.8603,     0.0036
     1.612,    0.0000,    0.0000,    0.0000,    0.0000,    2.7504,    0.0000,    2.7504,    0.0000,    2.6294,     1.8587,     0.0037
     1.613,    0.0000,    0.0000,    0.0000,    0.0000,    2.7507,    0.0000,    2.7507,    0.0000,    2.6298,     1.8567,     0.0037
     1.614,    0.0000,    0.0000,    0.0000,    0.0000,    2.7511,    0.0000,    2.7511,    0.0000,    2.6301,     1.8547,     0.0038
     1.615,    0.0000,    0.0000,    0.0000,    0.0000,    2.7520,    0.0000,    2.7520,    0.0000,    2.6310,     1.8531,     0.0038
     1.616,    0.0000,    0.0000,    0.0000,    0.0000,    2.7533,    0.0000,    2.7533,    0.0000,    2.6322,     1.8517,     0.0039
     1.617,    0.0000,    0.0000,    0.0000,    0.0000,    2.7545,    0.0000,    2.7545,    0.0000,    2.6333,     1.8502,     0.0039
     1.618,    0.0000,    0.0000,    0.0000,    0.0000,    2.7555,    0.0000,    2.7555,    0.0000,    2.6343,     1.8487,     0.0040
     1.619,    0.0000,    0.0000,    0.0000,    0.0000,    2.7563,    0.0000,    2.7563,    0.0000,    2.6351,     1.8469,     0.0040
     1.620,    0.0000,    0.0000,    0.0000,    0.0000,    2.7569,    0.0000,    2.7569,    0.0000,    2.6357,     1.8451,     0.0041
     1.621,    0.0000,    0.0000,    0.0000,    0.0000,    2.7576,    0.0000,    2.7576,    0.0000,    2.6363,     1.8433,     0.0041
     1.622,    0.0000,    0.0000,    0.0000,    0.0000,    2.7584,    0.0000,    2.7584,    0.0000,    2.6371,     1.8416,     0.0042
     1.623,    0.0000,    0.0000,    0.0000,    0.0000,    2.7593,    0.0000,    2.7593,    0.0000,    2.6380,     1.8400,     0.0042
     1.624,    0.0000,    0.0000,    0.0000,    0.0000,    2.7602,    0.0000,    2.7602,    0.0000,    2.6388,     1.8383,     0.0043
     1.625,    0.0000,    0.0000,    0.0000,    0.0000,    2.7607,    0.0000,    2.7607,    0.0000,    2.6393,     1.8363,     0.0043
     1.626,    0.0000,    0.0000,    0.0000,    0.0000,    2.7614,    0.0000,    2.7614,    0.0000,    2.6400,     1.8345,     0.0044
     1.627,    0.0000,    0.0000,    0.0000,    0.0000,    2.7626,    0.0000,    2.7626,    0.0000,    2.6411,     1.8331,     0.0044
     1.628,    0.0000,    0.0000,    0.0000,    0.0000,    2.7638,    0.0000,    2.7638,    0.0000,    2.6422,     1.8316,     0.0045
     1.629,    0.0000,    0.0000,    0.0000,    0.0000,    2.7642,    0.0000,    2.7642,    0.0000,    2.6427,     1.8296,     0.0046
     1.630,    0.0000,    0.0000,    0.0000,    0.0000,    2.7646,    0.0000,    2.7646,    0.0000,    2.6430,     1.8276,     0.0046
     1.631,    0.0000,    0.0000,    0.0000,    0.0000,    2.7655,    0.0000,    2.7655,    0.0000,    2.6439,     1.8259,     0.0047
     1.632,    0.0000,    0.0000,    0.0000,    0.0000,    2.7668,    0.0000,    2.7668,    0.0000,    2.6451,     1.8245,     0.0047
     1.633,    0.0000,    0.0000,    0.0000,    0.0000,    2.7680,    0.0000,    2.7680,    0.0000,    2.6463,     1.8230,     0.0048
     1.634,    0.0000,    0.0000,    0.0000,    0.0000,    2.7690,    0.0000,    2.7690,    0.0000,    2.6472,     1.8214,     0.0048
     1.635,    0.0000,    0.0000,    0.0000,    0.0000,    2.7698,    0.0000,    2.7698,    0.0000,    2.6480,     1.8196,     0.0049
     1.636,    0.0000,    0.0000,    0.0000,    0.0000,    2.7706,    0.0000,    2.7706,    0.0000,    2.6488,     1.8179,     0.0050
     1.637,    0.0000,    0.0000,    0.0000,    0.0000,    2.7716,    0.0000,    2.7716,    0.0000,    2.6497,     1.8162,     0.0050
     1.638,    0.0000,    0.0000,    0.0000,    0.0000,    2.7726,    0.0000,    2.7726,    0.0000,    2.6507,     1.8146,     0.0051
     1.639,    0.0000,    0.0000,    0.0000,    0.0000,    2.7736,    0.0000,    2.7736,    0.0000,    2.6516,     1.8130,     0.0052
     1.640,    0.0000,    0.0000,    0.0000,    0.0000,    2.7743,    0.0000,    2.7743,    0.0000,    2.6523,     1.8112,     0.0052
     1.641,    0.0000,    0.0000,    0.0000,    0.0000,    2.7747,    0.0000,    2.7747,    0.0000,    2.6527,     1.8092,     0.0053
     1.642,    0.0000,    0.0000,    0.0000,    0.0000,    2.7753,    0.0000,    2.7753,    0.0000,    2.6533,     1.8073,     0.0053
     1.643,    0.0000,    0.0000,    0.0000,    0.0000,    2.7766,    0.0000,    2.7766,    0.0000,    2.6545,     1.8058,     0.0054
     1.644,    0.0000,    0.0000,    0.0000,    0.0000,    2.7777,    0.0000,    2.7777,    0.0000,    2.6556,     1.8043,     0.0055
     1.645,    0.0000,    0.0000,    0.0000,    0.0000,    2.7782,    0.0000,    2.7782,    0.0000,    2.6560,     1.8023,     0.0055
     1.646,    0.0000,    0.0000,    0.0000,    0.0000,    2.7784,    0.0000,    2.7784,    0.0000,    2.6562,     1.8001,     0.0056
     1.647,    0.0000,    0.0000,    0.0000,    0.0000,    2.7789,    0.0000,    2.7789,    0.0000,    2.6567,     1.7981,     0.0057
     1.648,    0.0000,    0.0000,    0.0000,    0.0000,    2.7794,    0.0000,    2.7794,    0.0000,    2.6572,     1.7962,     0.0057
     1.649,    0.0000,    0.0000,    0.0000,    0.0000,    2.7799,    0.0000,    2.7799,    0.0000,    2.6576,     1.7942,     0.0058
     1.650,    0.0000,    0.0000,    0.0000,    0.0000,    2.7806,    0.0000,    2.7806,    0.0000,    2.6583,     1.7924,     0.0059
     1.651,    0.0000,    0.0000,    0.0000,    0.0000,    2.7819,    0.0000,    2.7819,    0.0000,    2.6596,     1.7909,     0.0059
     1.652,    0.0000,    0.0000,    0.0000,    0.0000,    2.7829,    0.0000,    2.7829,    0.0000,    2.6605,     1.7892,     0.0060
     1.653,    0.0000,    0.0000,    0.0000,    0.0000,    2.7825,    0.0000,    2.7825,    0.0000,    2.6602,     1.7867,     0.0061
     1.654,    0.0000,    0.0000,    0.0000,    0.0000,    2.7822,    0.0000,    2.7822,    0.0000,    2.6598,     1.7842,     0.0061
     1.655,    0.0000,    0.0000,    0.0000,    0.0000,    2.7831,    0.0000,    2.7831,    0.0000,    2.6607,     1.7825,     0.0062
     1.656,    0.0000,    0.0000,    0.0000,    0.0000,    2.7844,    0.0000,    2.7844,    0.0000,    2.6620,     1.7810,     0.0063
     1.657,    0.0000,    0.0000,    0.0000,    0.0000,    2.7851,    0.0000,    2.7851,    0.0000,    2.6627,     1.7792,     0.0064
     1.658,    0.0000,    0.0000,    0.0000,    0.0000,    2.7855,    0.0000,    2.7855,    0.0000,    2.6630,     1.7771,     0.0064
     1.659,    0.0000,    0.0000,    0.0000,    0.0000,    2.7858,    0.0001,    2.7858,    0.0000,    2.6633,     1.7750,     0.0065
     1.660,    0.0000,    0.0000,    0.0000,    0.0000,    2.7866,    0.0003,    2.7866,    0.0000,    2.6640,     1.7732,     0.0066
     1.661,    0.0000,    0.0000,    0.0000,    0.0000,    2.7878,    0.0008,    2.7878,    0.0000,    2.6652,     1.7716,     0.0066
     1.662,    0.0000,    0.0000,    0.0000,    0.0000,    2.7885,    0.0019,    2.7885,    0.0000,    2.6658,     1.7698,     0.0067
     1.663,    0.0000,    0.0000,    0.0000,    0.0000,    2.7879,    0.0042,    2.7879,    0.0000,    2.6653,     1.7671,     0.0068
     1.664,    0.0000,    0.0000,    0.0000,    0.0000,    2.7874,    0.0091,    2.7874,    0.0000,    2.6648,     1.7645,     0.0069
     1.665,    0.0000,    0.0000,    0.0000,    0.0000,    2.7881,    0.0186,    2.7881,    0.0000,    2.6655,     1.7626,     0.0069
     1.666,    0.0000,    0.0000,    0.0000,    0.0000,    2.7893,    0.0358,    2.7893,    0.0000,    2.6667,     1.7611,     0.0070
     1.667,    0.0000,    0.0000,    0.0000,    0.0000,    2.7901,    0.0653,    2.7901,    0.0000,    2.6674,     1.7593,     0.0071
     1.668,    0.0000,    0.0000,    0.0000,    0.0000,    2.7903,    0.1129,    2.7903,    0.0000,    2.6675,     1.7571,     0.0072
     1.669,    0.0000,    0.0000,    0.0000,    0.0000,    2.7898,    0.1849,    2.7898,    0.0000,    2.6671,     1.7545,     0.0072
     1.670,    0.0000,    0.0000,    0.0000,    0.0000,    2.7895,    0.2877,    2.7895,    0.0000,    2.6668,     1.7520,     0.0073
     1.671,    0.0000,    0.0000,    0.0000,    0.0000,    2.7899,    0.4259,    2.7899,    0.0000,    2.6673,     1.7500,     0.0074
     1.672,    0.0000,    0.0000,    0.0000,    0.0000,    2.7905,    0.6005,    2.7905,    0.0000,    2.6678,     1.7480,     0.0075
     1.673,    0.0000,    0.0000,    0.0000,    0.0000,    2.7904,    0.8079,    2.7904,    0.0000,    2.6677,     1.7456,     0.0076
     1.674,    0.0000,    0.0000,    0.0000,    0.0000,    2.7904,    1.0399,    2.7904,    0.0000,    2.6677,     1.7433,     0.0076
     1.675,    0.0000,    0.0000,    0.0000,    0.0000,    2.7910,    1.2843,    2.7910,    0.0000,    2.6683,     1.7414,     0.0077
     1.676,    0.0000,    0.0000,    0.0000,    0.0000,    2.7918,    1.5266,    2.7918,    0.0000,    2.6691,     1.7396,     0.0078
     1.677,    0.0000,    0.0000,    0.0000,    0.0000,    2.7922,    1.7523,    2.7922,    0.0000,    2.6694,     1.7375,     0.0079
     1.678,    0.0000,    0.0000,    0.0000,    0.0000,    2.7924,    1.9502,    2.7924,    0.0000,    2.6696,     1.7353,     0.0080
     1.679,    0.0000,    0.0000,    0.0000,    0.0000,    2.7931,    2.1138,    2.7931,    0.0000,    2.6703,     1.7335,     0.0081
     1.680,    0.0000,    0.0000,    0.0000,    0.0000,    2.7939,    2.2410,    2.7939,    0.0000,    2.6710,     1.7316,     0.0081
     1.681,    0.0000,    0.0000,    0.0000,    0.0000,    2.7943,    2.3339,    2.7943,    0.0000,    2.6715,     1.7296,     0.0082
     1.682,    0.0000,    0.0000,    0.0000,    0.0000,    2.7947,    2.3978,    2.7947,    0.0000,    2.6718,     1.7275,     0.0083
     1.683,    0.0000,    0.0000,    0.0000,    0.0000,    2.7951,    2.4394,    2.7951,    0.0000,    2.6722,     1.7255,     0.0084
     1.684,    0.0000,    0.0000,    0.0000,    0.0000,    2.7955,    2.4647,    2.7955,    0.0000,    2.6725,     1.7234,     0.0085
     1.685,    0.0000,    0.0000,    0.0000,    0.0000,    2.7956,    2.4792,    2.7956,    0.0000,    2.6727,     1.7211,     0.0086
     1.686,    0.0000,    0.0000,    0.0000,    0.0000,    2.7957,    2.4870,    2.7957,    0.0000,    2.6728,     1.7189,     0.0086
     1.687,    0.0000,    0.0000,    0.0000,    0.0000,    2.7961,    2.4913,    2.7961,    0.0000,    2.6731,     1.7168,     0.0087
     1.688,    0.0000,    0.0000,    0.0000,    0.0000,    2.7966,    2.4936,    2.7966,    0.0000,    2.6736,     1.7148,     0.0088
     1.689,    0.0000,    0.0000,    0.0000,    0.0000,    2.7970,    2.4948,    2.7970,    0.0000,    2.6740,     1.7128,     0.0089
     1.690,    0.0000,    0.0000,    0.0000,    0.0000,    2.7974,    2.4955,    2.7974,    0.0000,    2.6744,     1.7107,     0.0090
     1.691,    0.0000,    0.0000,    0.0000,    0.0000,    2.7976,    2.4958,    2.7976,    0.0000,    2.6746,     1.7085,     0.0091
     1.692,    0.0000,    0.0000,    0.0000,    0.0000,    2.7982,    2.4964,    2.7982,    0.0000,    2.6751,     1.7066,     0.0092
     1.693,    0.0000,    0.0000,    0.0000,    0.0000,    2.7993,    2.4974,    2.7993,    0.0000,    2.6762,     1.7049,     0.0093
     1.694,    0.0000,    0.0000,    0.0000,    0.0000,    2.8001,    2.4981,    2.8001,    0.0000,    2.6769,     1.7031,     0.0094
     1.695,    0.0000,    0.0000,    0.0000,    0.0000,    2.8001,    2.4981,    2.8001,    0.0000,    2.6770,     1.7008,     0.0095
     1.696,    0.0000,    0.0000,    0.0000,    0.0000,    2.8003,    2.4983,    2.8003,    0.0000,    2.6772,     1.6986,     0.0096
     1.697,    0.0000,    0.0000,    0.0000,    0.0000,    2.8016,    2.4995,    2.8016,    0.0000,    2.6784,     1.6971,     0.0097
     1.698,    0.0000,    0.0000,    0.0000,    0.0000,    2.8028,    2.5005,    2.8028,    0.0000,    2.6795,     1.6955,     0.0097
     1.699,    0.0000,    0.0000,    0.0000,    0.0000,    2.8026,    2.5003,    2.8026,    0.0000,    2.6793,     1.6931,     0.0098
     1.700,    0.0000,    0.0000,    0.0000,    0.0000,    2.8023,    2.5001,    2.8023,    0.0000,    2.6791,     1.6906,     0.0099
     1.701,    0.0000,    0.0000,    0.0000,    0.0000,    2.8035,    2.5012,    2.8035,    0.0000,    2.6802,     1.6890,     0.0100
     1.702,    0.0000,    0.0000,    0.0000,    0.0000,    2.8053,    2.5027,    2.8053,    0.0000,    2.6819,     1.6878,     0.0101
     1.703,    0.0000,    0.0000,    0.0000,    0.0000,    2.8065,    2.5038,    2.8065,    0.0000,    2.6831,     1.6862,     0.0102
     1.704,    0.0000,    0.0000,    0.0000,    0.0000,    2.8070,    2.5043,    2.8070,    0.0000,    2.6835,     1.6842,     0.0103
     1.705,    0.0000,    0.0000,    0.0000,    0.0000,    2.8070,    2.5043,    2.8070,    0.0000,    2.6836,     1.6819,     0.0104
     1.706,    0.0000,    0.0000,    0.0000,    0.0000,    2.8072,    2.5045,    2.8072,    0.0000,    2.6838,     1.6797,     0.0105
     1.707,    0.0000,    0.0000,    0.0000,    0.0000,    2.8082,    2.5053,    2.8082,    0.0000,    2.6847,     1.6780,     0.0106
     1.708,    0.0000,    0.0000,    0.0000,    0.0000,    2.8094,    2.5064,    2.8094,    0.0000,    2.6858,     1.6764,     0.0107
     1.709,    0.0000,    0.0000,    0.0000,    0.0000,    2.8101,    2.5070,    2.8101,    0.0000,    2.6865,     1.6745,     0.0108
     1.710,    0.0000,    0.0000,    0.0000,    0.0000,    2.8106,    2.5075,    2.8106,    0.0000,    2.6870,     1.6725,     0.0109
     1.711,    0.0000,    0.0000,    0.0000,    0.0000,    2.8112,    2.5080,    2.8112,    0.0000,    2.6875,     1.6705,     0.0110
     1.712,    0.0000,    0.0000,    0.0000,    0.0000,    2.8120,    2.5087,    2.8120,    0.0000,    2.6883,     1.6687,     0.0112
