romanisim/data/roman-technical-information/data/WideFieldInstrument/Imaging/EffectiveAreas/Roman_effarea_v8_SCA08_20240301.ecsv
# %ECSV 1.0
# ---
# Effective area for Roman (m^2) - parameters as of 2024 03 01
# datatype:
# - {name: Wave, datatype: float32}
# - {name: F062, datatype: float32}
# - {name: F087, datatype: float32}
# - {name: F106, datatype: float32}
# - {name: F129, datatype: float32}
# - {name: F158, datatype: float32}
# - {name: F184, datatype: float32}
# - {name: F146, datatype: float32}
# - {name: F213, datatype: float32}
# - {name: Prism, datatype: float32}
# - {name: Grism_1stOrder, datatype: float32}
# - {name: Grism_0thOrder, datatype: float32}
# schema: astropy-2.0
Wave, F062, F087, F106, F129, F158, F184, F146, F213, Prism, Grism_1stOrder, Grism_0thOrder
[from data line 1075]
     1.475,    0.0000,    0.0000,    0.0000,    0.0000,    2.4801,    0.0000,    2.4801,    0.0000,    2.3730,     1.9330,     0.0003
     1.476,    0.0000,    0.0000,    0.0000,    0.0000,    2.4804,    0.0000,    2.4804,    0.0000,    2.3732,     1.9317,     0.0003
     1.477,    0.0000,    0.0000,    0.0000,    0.0000,    2.4808,    0.0000,    2.4808,    0.0000,    2.3736,     1.9304,     0.0003
     1.478,    0.0000,    0.0000,    0.0000,    0.0000,    2.4812,    0.0000,    2.4812,    0.0000,    2.3740,     1.9292,     0.0003
     1.479,    0.0000,    0.0000,    0.0000,    0.0000,    2.4817,    0.0000,    2.4817,    0.0000,    2.3745,     1.9280,     0.0003
     1.480,    0.0000,    0.0000,    0.0000,    0.0000,    2.4822,    0.0000,    2.4822,    0.0000,    2.3750,     1.9269,     0.0003
     1.481,    0.0000,    0.0000,    0.0000,    0.0000,    2.4829,    0.0000,    2.4829,    0.0000,    2.3756,     1.9259,     0.0003
     1.482,    0.0000,    0.0000,    0.0000,    0.0000,    2.4835,    0.0000,    2.4835,    0.0000,    2.3762,     1.9247,     0.0003
     1.483,    0.0000,    0.0000,    0.0000,    0.0000,    2.4838,    0.0000,    2.4838,    0.0000,    2.3765,     1.9234,     0.0003
     1.484,    0.0000,    0.0000,    0.0000,    0.0000,    2.4840,    0.0000,    2.4840,    0.0000,    2.3767,     1.9220,     0.0003
     1.485,    0.0000,    0.0000,    0.0000,    0.0000,    2.4845,    0.0000,    2.4845,    0.0000,    2.3772,     1.9207,     0.0003
     1.486,    0.0000,    0.0000,    0.0000,    0.0000,    2.4850,    0.0000,    2.4850,    0.0000,    2.3777,     1.9196,     0.0003
     1.487,    0.0000,    0.0000,    0.0000,    0.0000,    2.4854,    0.0000,    2.4854,    0.0000,    2.3781,     1.9183,     0.0004
     1.488,    0.0000,    0.0000,    0.0000,    0.0000,    2.4857,    0.0000,    2.4857,    0.0000,    2.3783,     1.9169,     0.0004
     1.489,    0.0000,    0.0000,    0.0000,    0.0000,    2.4859,    0.0000,    2.4859,    0.0000,    2.3785,     1.9154,     0.0004
     1.490,    0.0000,    0.0000,    0.0000,    0.0000,    2.4863,    0.0000,    2.4863,    0.0000,    2.3789,     1.9141,     0.0004
     1.491,    0.0000,    0.0000,    0.0000,    0.0000,    2.4869,    0.0000,    2.4869,    0.0000,    2.3794,     1.9129,     0.0004
     1.492,    0.0000,    0.0000,    0.0000,    0.0000,    2.4874,    0.0000,    2.4874,    0.0000,    2.3800,     1.9117,     0.0004
     1.493,    0.0000,    0.0000,    0.0000,    0.0000,    2.4878,    0.0000,    2.4878,    0.0000,    2.3803,     1.9103,     0.0004
     1.494,    0.0000,    0.0000,    0.0000,    0.0000,    2.4881,    0.0000,    2.4881,    0.0000,    2.3807,     1.9089,     0.0004
     1.495,    0.0000,    0.0000,    0.0000,    0.0000,    2.4889,    0.0000,    2.4889,    0.0000,    2.3814,     1.9079,     0.0004
     1.496,    0.0000,    0.0000,    0.0000,    0.0000,    2.4897,    0.0000,    2.4897,    0.0000,    2.3822,     1.9068,     0.0004
     1.497,    0.0000,    0.0000,    0.0000,    0.0000,    2.4902,    0.0000,    2.4902,    0.0000,    2.3826,     1.9055,     0.0005
     1.498,    0.0000,    0.0000,    0.0000,    0.0000,    2.4904,    0.0000,    2.4904,    0.0000,    2.3828,     1.9040,     0.0005
     1.499,    0.0000,    0.0000,    0.0000,    0.0000,    2.4905,    0.0000,    2.4905,    0.0000,    2.3829,     1.9024,     0.0005
     1.500,    0.0000,    0.0000,    0.0000,    0.0000,    2.4907,    0.0000,    2.4907,    0.0000,    2.3831,     1.9009,     0.0005
     1.501,    0.0000,    0.0000,    0.0000,    0.0000,    2.4913,    0.0000,    2.4913,    0.0000,    2.3837,     1.8996,     0.0005
     1.502,    0.0000,    0.0000,    0.0000,    0.0000,    2.4920,    0.0000,    2.4920,    0.0000,    2.3844,     1.8985,     0.0005
     1.503,    0.0000,    0.0000,    0.0000,    0.0000,    2.4927,    0.0000,    2.4927,    0.0000,    2.3850,     1.8973,     0.0005
     1.504,    0.0000,    0.0000,    0.0000,    0.0000,    2.4933,    0.0000,    2.4933,    0.0000,    2.3856,     1.8961,     0.0005
     1.505,    0.0000,    0.0000,    0.0000,    0.0000,    2.4939,    0.0000,    2.4939,    0.0000,    2.3862,     1.8949,     0.0005
     1.506,    0.0000,    0.0000,    0.0000,    0.0000,    2.4945,    0.0000,    2.4945,    0.0000,    2.3868,     1.8936,     0.0006
     1.507,    0.0000,    0.0000,    0.0000,    0.0000,    2.4951,    0.0000,    2.4951,    0.0000,    2.3873,     1.8923,     0.0006
     1.508,    0.0000,    0.0000,    0.0000,    0.0000,    2.4955,    0.0000,    2.4955,    0.0000,    2.3877,     1.8908,     0.0006
     1.509,    0.0000,    0.0000,    0.0000,    0.0000,    2.4955,    0.0000,    2.4955,    0.0000,    2.3877,     1.8891,     0.0006
     1.510,    0.0000,    0.0000,    0.0000,    0.0000,    2.4956,    0.0000,    2.4956,    0.0000,    2.3878,     1.8875,     0.0006
     1.511,    0.0000,    0.0000,    0.0000,    0.0000,    2.4963,    0.0000,    2.4963,    0.0000,    2.3885,     1.8863,     0.0006
     1.512,    0.0000,    0.0000,    0.0000,    0.0000,    2.4973,    0.0000,    2.4973,    0.0000,    2.3894,     1.8853,     0.0006
     1.513,    0.0000,    0.0000,    0.0000,    0.0000,    2.4981,    0.0000,    2.4981,    0.0000,    2.3902,     1.8841,     0.0006
     1.514,    0.0000,    0.0000,    0.0000,    0.0000,    2.4987,    0.0000,    2.4987,    0.0000,    2.3908,     1.8828,     0.0007
     1.515,    0.0000,    0.0000,    0.0000,    0.0000,    2.4989,    0.0000,    2.4989,    0.0000,    2.3909,     1.8812,     0.0007
     1.516,    0.0000,    0.0000,    0.0000,    0.0000,    2.4989,    0.0000,    2.4989,    0.0000,    2.3910,     1.8795,     0.0007
     1.517,    0.0000,    0.0000,    0.0000,    0.0000,    2.4991,    0.0000,    2.4991,    0.0000,    2.3911,     1.8778,     0.0007
     1.518,    0.0000,    0.0000,    0.0000,    0.0000,    2.4993,    0.0000,    2.4993,    0.0000,    2.3914,     1.8762,     0.0007
     1.519,    0.0000,    0.0000,    0.0000,    0.0000,    2.4997,    0.0000,    2.4997,    0.0000,    2.3917,     1.8747,     0.0007
     1.520,    0.0000,    0.0000,    0.0000,    0.0000,    2.5001,    0.0000,    2.5001,    0.0000,    2.3921,     1.8732,     0.0007
     1.521,    0.0000,    0.0000,    0.0000,    0.0000,    2.5006,    0.0000,    2.5006,    0.0000,    2.3926,     1.8718,     0.0008
     1.522,    0.0000,    0.0000,    0.0000,    0.0000,    2.5011,    0.0000,    2.5011,    0.0000,    2.3930,     1.8703,     0.0008
     1.523,    0.0000,    0.0000,    0.0000,    0.0000,    2.5015,    0.0000,    2.5015,    0.0000,    2.3934,     1.8688,     0.0008
     1.524,    0.0000,    0.0000,    0.0000,    0.0000,    2.5019,    0.0000,    2.5019,    0.0000,    2.3938,     1.8674,     0.0008
     1.525,    0.0000,    0.0000,    0.0000,    0.0000,    2.5025,    0.0000,    2.5025,    0.0000,    2.3944,     1.8660,     0.0008
     1.526,    0.0000,    0.0000,    0.0000,    0.0000,    2.5031,    0.0000,    2.5031,    0.0000,    2.3950,     1.8646,     0.0008
     1.527,    0.0000,    0.0000,    0.0000,    0.0000,    2.5038,    0.0000,    2.5038,    0.0000,    2.3956,     1.8633,     0.0009
     1.528,    0.0000,    0.0000,    0.0000,    0.0000,    2.5042,    0.0000,    2.5042,    0.0000,    2.3960,     1.8618,     0.0009
     1.529,    0.0000,    0.0000,    0.0000,    0.0000,    2.5044,    0.0000,    2.5044,    0.0000,    2.3962,     1.8601,     0.0009
     1.530,    0.0000,    0.0000,    0.0000,    0.0000,    2.5048,    0.0000,    2.5048,    0.0000,    2.3966,     1.8586,     0.0009
     1.531,    0.0000,    0.0000,    0.0000,    0.0000,    2.5056,    0.0000,    2.5056,    0.0000,    2.3974,     1.8573,     0.0009
     1.532,    0.0000,    0.0000,    0.0000,    0.0000,    2.5063,    0.0000,    2.5063,    0.0000,    2.3981,     1.8560,     0.0009
     1.533,    0.0000,    0.0000,    0.0000,    0.0000,    2.5065,    0.0000,    2.5065,    0.0000,    2.3982,     1.8543,     0.0010
     1.534,    0.0000,    0.0000,    0.0000,    0.0000,    2.5065,    0.0000,    2.5065,    0.0000,    2.3982,     1.8525,     0.0010
     1.535,    0.0000,    0.0000,    0.0000,    0.0000,    2.5067,    0.0000,    2.5067,    0.0000,    2.3984,     1.8507,     0.0010
     1.536,    0.0000,    0.0000,    0.0000,    0.0000,    2.5070,    0.0000,    2.5070,    0.0000,    2.3987,     1.8491,     0.0010
     1.537,    0.0000,    0.0000,    0.0000,    0.0000,    2.5073,    0.0000,    2.5073,    0.0000,    2.3990,     1.8475,     0.0010
     1.538,    0.0000,    0.0000,    0.0000,    0.0000,    2.5078,    0.0000,    2.5078,    0.0000,    2.3994,     1.8460,     0.0011
     1.539,    0.0000,    0.0000,    0.0000,    0.0000,    2.5086,    0.0000,    2.5086,    0.0000,    2.4002,     1.8447,     0.0011
     1.540,    0.0000,    0.0000,    0.0000,    0.0000,    2.5093,    0.0000,    2.5093,    0.0000,    2.4009,     1.8433,     0.0011
     1.541,    0.0000,    0.0000,    0.0000,    0.0000,    2.5095,    0.0000,    2.5095,    0.0000,    2.4011,     1.8416,     0.0011
     1.542,    0.0000,    0.0000,    0.0000,    0.0000,    2.5093,    0.0000,    2.5093,    0.0000,    2.4009,     1.8396,     0.0011
     1.543,    0.0000,    0.0000,    0.0000,    0.0000,    2.5092,    0.0000,    2.5092,    0.0000,    2.4009,     1.8377,     0.0012
     1.544,    0.0000,    0.0000,    0.0000,    0.0000,    2.5095,    0.0000,    2.5095,    0.0000,    2.4011,     1.8360,     0.0012
     1.545,    0.0000,    0.0000,    0.0000,    0.0000,    2.5104,    0.0000,    2.5104,    0.0000,    2.4020,     1.8347,     0.0012
     1.546,    0.0000,    0.0000,    0.0000,    0.0000,    2.5114,    0.0000,    2.5114,    0.0000,    2.4029,     1.8335,     0.0012
     1.547,    0.0000,    0.0000,    0.0000,    0.0000,    2.5118,    0.0000,    2.5118,    0.0000,    2.4033,     1.8320,     0.0013
     1.548,    0.0000,    0.0000,    0.0000,    0.0000,    2.5122,    0.0000,    2.5122,    0.0000,    2.4036,     1.8303,     0.0013
     1.549,    0.0000,    0.0000,    0.0000,    0.0000,    2.5127,    0.0000,    2.5127,    0.0000,    2.4041,     1.8288,     0.0013
     1.550,    0.0000,    0.0000,    0.0000,    0.0000,    2.5131,    0.0000,    2.5131,    0.0000,    2.4045,     1.8271,     0.0013
     1.551,    0.0000,    0.0000,    0.0000,    0.0000,    2.5131,    0.0000,    2.5131,    0.0000,    2.4045,     1.8252,     0.0013
     1.552,    0.0000,    0.0000,    0.0000,    0.0000,    2.5130,    0.0000,    2.5130,    0.0000,    2.4045,     1.8233,     0.0014
     1.553,    0.0000,    0.0000,    0.0000,    0.0000,    2.5135,    0.0000,    2.5135,    0.0000,    2.4049,     1.8217,     0.0014
     1.554,    0.0000,    0.0000,    0.0000,    0.0000,    2.5140,    0.0000,    2.5140,    0.0000,    2.4054,     1.8202,     0.0014
     1.555,    0.0000,    0.0000,    0.0000,    0.0000,    2.5144,    0.0000,    2.5144,    0.0000,    2.4058,     1.8185,     0.0014
     1.556,    0.0000,    0.0000,    0.0000,    0.0000,    2.5145,    0.0000,    2.5145,    0.0000,    2.4059,     1.8166,     0.0015
     1.557,    0.0000,    0.0000,    0.0000,    0.0000,    2.5143,    0.0000,    2.5143,    0.0000,    2.4057,     1.8146,     0.0015
     1.558,    0.0000,    0.0000,    0.0000,    0.0000,    2.5144,    0.0000,    2.5144,    0.0000,    2.4058,     1.8127,     0.0015
     1.559,    0.0000,    0.0000,    0.0000,    0.0000,    2.5151,    0.0000,    2.5151,    0.0000,    2.4065,     1.8113,     0.0015
     1.560,    0.0000,    0.0000,    0.0000,    0.0000,    2.5158,    0.0000,    2.5158,    0.0000,    2.4071,     1.8098,     0.0016
     1.561,    0.0000,    0.0000,    0.0000,    0.0000,    2.5158,    0.0000,    2.5158,    0.0000,    2.4071,     1.8078,     0.0016
     1.562,    0.0000,    0.0000,    0.0000,    0.0000,    2.5158,    0.0000,    2.5158,    0.0000,    2.4072,     1.8059,     0.0016
     1.563,    0.0000,    0.0000,    0.0000,    0.0000,    2.5167,    0.0000,    2.5167,    0.0000,    2.4080,     1.8046,     0.0016
     1.564,    0.0000,    0.0000,    0.0000,    0.0000,    2.5177,    0.0000,    2.5177,    0.0000,    2.4089,     1.8033,     0.0017
     1.565,    0.0000,    0.0000,    0.0000,    0.0000,    2.5179,    0.0000,    2.5179,    0.0000,    2.4091,     1.8015,     0.0017
     1.566,    0.0000,    0.0000,    0.0000,    0.0000,    2.5178,    0.0000,    2.5178,    0.0000,    2.4091,     1.7995,     0.0017
     1.567,    0.0000,    0.0000,    0.0000,    0.0000,    2.5180,    0.0000,    2.5180,    0.0000,    2.4092,     1.7976,     0.0018
     1.568,    0.0000,    0.0000,    0.0000,    0.0000,    2.5185,    0.0000,    2.5185,    0.0000,    2.4097,     1.7961,     0.0018
     1.569,    0.0000,    0.0000,    0.0000,    0.0000,    2.5194,    0.0000,    2.5194,    0.0000,    2.4106,     1.7947,     0.0018
     1.570,    0.0000,    0.0000,    0.0000,    0.0000,    2.5199,    0.0000,    2.5199,    0.0000,    2.4111,     1.7931,     0.0018
     1.571,    0.0000,    0.0000,    0.0000,    0.0000,    2.5196,    0.0000,    2.5196,    0.0000,    2.4108,     1.7909,     0.0019
     1.572,    0.0000,    0.0000,    0.0000,    0.0000,    2.5193,    0.0000,    2.5193,    0.0000,    2.4105,     1.7888,     0.0019
     1.573,    0.0000,    0.0000,    0.0000,    0.0000,    2.5200,    0.0000,    2.5200,    0.0000,    2.4112,     1.7873,     0.0019
     1.574,    0.0000,    0.0000,    0.0000,    0.0000,    2.5211,    0.0000,    2.5211,    0.0000,    2.4122,     1.7860,     0.0020
     1.575,    0.0000,    0.0000,    0.0000,    0.0000,    2.5216,    0.0000,    2.5216,    0.0000,    2.4127,     1.7844,     0.0020
     1.576,    0.0000,    0.0000,    0.0000,    0.0000,    2.5218,    0.0000,    2.5218,    0.0000,    2.4128,     1.7825,     0.0020
     1.577,    0.0000,    0.0000,    0.0000,    0.0000,    2.5216,    0.0000,    2.5216,    0.0000,    2.4127,     1.7804,     0.0021
     1.578,    0.0000,    0.0000,    0.0000,    0.0000,    2.5216,    0.0000,    2.5216,    0.0000,    2.4126,     1.7784,     0.0021
     1.579,    0.0000,    0.0000,    0.0000,    0.0000,    2.5218,    0.0000,    2.5218,    0.0000,    2.4129,     1.7766,     0.0021
     1.580,    0.0000,    0.0000,    0.0000,    0.0000,    2.5222,    0.0000,    2.5222,    0.0000,    2.4132,     1.7748,     0.0021
     1.581,    0.0000,    0.0000,    0.0000,    0.0000,    2.5224,    0.0000,    2.5224,    0.0000,    2.4134,     1.7729,     0.0022
     1.582,    0.0000,    0.0000,    0.0000,    0.0000,    2.5226,    0.0000,    2.5226,    0.0000,    2.4137,     1.7711,     0.0022
     1.583,    0.0000,    0.0000,    0.0000,    0.0000,    2.5233,    0.0000,    2.5233,    0.0000,    2.4143,     1.7696,     0.0022
     1.584,    0.0000,    0.0000,    0.0000,    0.0000,    2.5238,    0.0000,    2.5238,    0.0000,    2.4148,     1.7679,     0.0023
     1.585,    0.0000,    0.0000,    0.0000,    0.0000,    2.5238,    0.0000,    2.5238,    0.0000,    2.4148,     1.7659,     0.0023
     1.586,    0.0000,    0.0000,    0.0000,    0.0000,    2.5239,    0.0000,    2.5239,    0.0000,    2.4149,     1.7640,     0.0023
     1.587,    0.0000,    0.0000,    0.0000,    0.0000,    2.5246,    0.0000,    2.5246,    0.0000,    2.4156,     1.7625,     0.0024
     1.588,    0.0000,    0.0000,    0.0000,    0.0000,    2.5255,    0.0000,    2.5255,    0.0000,    2.4164,     1.7610,     0.0024
     1.589,    0.0000,    0.0000,    0.0000,    0.0000,    2.5260,    0.0000,    2.5260,    0.0000,    2.4169,     1.7594,     0.0025
     1.590,    0.0000,    0.0000,    0.0000,    0.0000,    2.5262,    0.0000,    2.5262,    0.0000,    2.4171,     1.7575,     0.0025
     1.591,    0.0000,    0.0000,    0.0000,    0.0000,    2.5263,    0.0000,    2.5263,    0.0000,    2.4172,     1.7555,     0.0025
     1.592,    0.0000,    0.0000,    0.0000,    0.0000,    2.5267,    0.0000,    2.5267,    0.0000,    2.4175,     1.7537,     0.0026
     1.593,    0.0000,    0.0000,    0.0000,    0.0000,    2.5274,    0.0000,    2.5274,    0.0000,    2.4183,     1.7523,     0.0026
