romanisim/data/roman-technical-information/data/WideFieldInstrument/Imaging/EffectiveAreas/Roman_effarea_v8_SCA10_20240301.ecsv
# %ECSV 1.0
# ---
# Effective area for Roman (m^2) - parameters as of 2024 03 01
# datatype:
# - {name: Wave, datatype: float32}
# - {name: F062, datatype: float32}
# - {name: F087, datatype: float32}
# - {name: F106, datatype: float32}
# - {name: F129, datatype: float32}
# - {name: F158, datatype: float32}
# - {name: F184, datatype: float32}
# - {name: F146, datatype: float32}
# - {name: F213, datatype: float32}
# - {name: Prism, datatype: float32}
# - {name: Grism_1stOrder, datatype: float32}
# - {name: Grism_0thOrder, datatype: float32}
# schema: astropy-2.0
Wave, F062, F087, F106, F129, F158, F184, F146, F213, Prism, Grism_1stOrder, Grism_0thOrder
[from data line 1314]
     1.714,    0.0000,    0.0000,    0.0000,    0.0000,    2.5964,    2.2867,    2.5964,    0.0000,    2.5557,     1.5207,     0.0104
     1.715,    0.0000,    0.0000,    0.0000,    0.0000,    2.5966,    2.2869,    2.5966,    0.0000,    2.5559,     1.5187,     0.0105
     1.716,    0.0000,    0.0000,    0.0000,    0.0000,    2.5972,    2.2874,    2.5972,    0.0000,    2.5565,     1.5170,     0.0106
     1.717,    0.0000,    0.0000,    0.0000,    0.0000,    2.5988,    2.2889,    2.5988,    0.0000,    2.5581,     1.5158,     0.0107
     1.718,    0.0000,    0.0000,    0.0000,    0.0000,    2.6004,    2.2902,    2.6004,    0.0000,    2.5597,     1.5146,     0.0108
     1.719,    0.0000,    0.0000,    0.0000,    0.0000,    2.6008,    2.2906,    2.6008,    0.0000,    2.5601,     1.5128,     0.0109
     1.720,    0.0000,    0.0000,    0.0000,    0.0000,    2.6009,    2.2907,    2.6009,    0.0000,    2.5602,     1.5108,     0.0110
     1.721,    0.0000,    0.0000,    0.0000,    0.0000,    2.6016,    2.2913,    2.6016,    0.0000,    2.5609,     1.5090,     0.0111
     1.722,    0.0000,    0.0000,    0.0000,    0.0000,    2.6024,    2.2921,    2.6024,    0.0000,    2.5617,     1.5074,     0.0112
     1.723,    0.0000,    0.0000,    0.0000,    0.0000,    2.6030,    2.2926,    2.6030,    0.0000,    2.5623,     1.5057,     0.0113
     1.724,    0.0000,    0.0000,    0.0000,    0.0000,    2.6037,    2.2932,    2.6037,    0.0000,    2.5629,     1.5039,     0.0114
     1.725,    0.0000,    0.0000,    0.0000,    0.0000,    2.6047,    2.2940,    2.6047,    0.0000,    2.5639,     1.5024,     0.0115
     1.726,    0.0000,    0.0000,    0.0000,    0.0000,    2.6056,    2.2948,    2.6056,    0.0000,    2.5648,     1.5008,     0.0116
     1.727,    0.0000,    0.0000,    0.0000,    0.0000,    2.6060,    2.2952,    2.6060,    0.0000,    2.5652,     1.4990,     0.0117
     1.728,    0.0000,    0.0000,    0.0000,    0.0000,    2.6063,    2.2955,    2.6063,    0.0000,    2.5655,     1.4970,     0.0118
     1.729,    0.0000,    0.0000,    0.0000,    0.0000,    2.6068,    2.2959,    2.6068,    0.0000,    2.5660,     1.4952,     0.0119
     1.730,    0.0000,    0.0000,    0.0000,    0.0000,    2.6076,    2.2966,    2.6076,    0.0000,    2.5668,     1.4936,     0.0120
     1.731,    0.0000,    0.0000,    0.0000,    0.0000,    2.6086,    2.2975,    2.6086,    0.0000,    2.5677,     1.4920,     0.0121
     1.732,    0.0000,    0.0000,    0.0000,    0.0000,    2.6095,    2.2983,    2.6095,    0.0000,    2.5686,     1.4905,     0.0122
     1.733,    0.0000,    0.0000,    0.0000,    0.0000,    2.6103,    2.2990,    2.6103,    0.0000,    2.5694,     1.4888,     0.0123
     1.734,    0.0000,    0.0000,    0.0000,    0.0000,    2.6111,    2.2996,    2.6111,    0.0000,    2.5702,     1.4872,     0.0125
     1.735,    0.0000,    0.0000,    0.0000,    0.0000,    2.6119,    2.3004,    2.6119,    0.0000,    2.5710,     1.4856,     0.0126
     1.736,    0.0000,    0.0000,    0.0000,    0.0000,    2.6127,    2.3011,    2.6127,    0.0000,    2.5718,     1.4839,     0.0127
     1.737,    0.0000,    0.0000,    0.0000,    0.0000,    2.6132,    2.3015,    2.6132,    0.0000,    2.5723,     1.4821,     0.0128
     1.738,    0.0000,    0.0000,    0.0000,    0.0000,    2.6133,    2.3016,    2.6133,    0.0000,    2.5724,     1.4800,     0.0129
     1.739,    0.0000,    0.0000,    0.0000,    0.0000,    2.6131,    2.3015,    2.6131,    0.0000,    2.5722,     1.4778,     0.0130
     1.740,    0.0000,    0.0000,    0.0000,    0.0000,    2.6134,    2.3017,    2.6134,    0.0000,    2.5725,     1.4759,     0.0131
     1.741,    0.0000,    0.0000,    0.0000,    0.0000,    2.6146,    2.3028,    2.6146,    0.0000,    2.5737,     1.4745,     0.0132
     1.742,    0.0000,    0.0000,    0.0000,    0.0000,    2.6160,    2.3040,    2.6160,    0.0000,    2.5750,     1.4732,     0.0133
     1.743,    0.0000,    0.0000,    0.0000,    0.0000,    2.6167,    2.3046,    2.6167,    0.0000,    2.5757,     1.4715,     0.0135
     1.744,    0.0000,    0.0000,    0.0000,    0.0000,    2.6172,    2.3050,    2.6172,    0.0000,    2.5762,     1.4697,     0.0136
     1.745,    0.0000,    0.0000,    0.0000,    0.0000,    2.6179,    2.3057,    2.6179,    0.0000,    2.5769,     1.4680,     0.0137
     1.746,    0.0000,    0.0000,    0.0000,    0.0000,    2.6186,    2.3063,    2.6186,    0.0000,    2.5776,     1.4663,     0.0138
     1.747,    0.0000,    0.0000,    0.0000,    0.0000,    2.6187,    2.3064,    2.6187,    0.0000,    2.5777,     1.4642,     0.0139
     1.748,    0.0000,    0.0000,    0.0000,    0.0000,    2.6187,    2.3064,    2.6187,    0.0000,    2.5777,     1.4621,     0.0140
     1.749,    0.0000,    0.0000,    0.0000,    0.0000,    2.6190,    2.3066,    2.6190,    0.0000,    2.5780,     1.4602,     0.0142
     1.750,    0.0000,    0.0000,    0.0000,    0.0000,    2.6193,    2.3069,    2.6193,    0.0000,    2.5783,     1.4583,     0.0143
     1.751,    0.0000,    0.0000,    0.0000,    0.0000,    2.6195,    2.3071,    2.6195,    0.0000,    2.5785,     1.4563,     0.0144
     1.752,    0.0000,    0.0000,    0.0000,    0.0000,    2.6201,    2.3076,    2.6201,    0.0000,    2.5790,     1.4546,     0.0145
     1.753,    0.0000,    0.0000,    0.0000,    0.0000,    2.6212,    2.3086,    2.6212,    0.0000,    2.5802,     1.4531,     0.0146
     1.754,    0.0000,    0.0000,    0.0000,    0.0000,    2.6223,    2.3096,    2.6223,    0.0000,    2.5813,     1.4517,     0.0148
     1.755,    0.0000,    0.0000,    0.0000,    0.0000,    2.6227,    2.3099,    2.6227,    0.0000,    2.5817,     1.4498,     0.0149
     1.756,    0.0000,    0.0000,    0.0000,    0.0000,    2.6227,    2.3099,    2.6227,    0.0000,    2.5817,     1.4477,     0.0150
     1.757,    0.0000,    0.0000,    0.0000,    0.0000,    2.6228,    2.3100,    2.6228,    0.0000,    2.5817,     1.4456,     0.0151
     1.758,    0.0000,    0.0000,    0.0000,    0.0000,    2.6230,    2.3102,    2.6230,    0.0000,    2.5819,     1.4437,     0.0153
     1.759,    0.0000,    0.0000,    0.0000,    0.0000,    2.6234,    2.3105,    2.6234,    0.0000,    2.5823,     1.4418,     0.0154
     1.760,    0.0000,    0.0000,    0.0000,    0.0000,    2.6239,    2.3110,    2.6239,    0.0000,    2.5828,     1.4400,     0.0155
     1.761,    0.0000,    0.0000,    0.0000,    0.0000,    2.6246,    2.3116,    2.6246,    0.0000,    2.5835,     1.4383,     0.0156
     1.762,    0.0000,    0.0000,    0.0000,    0.0000,    2.6250,    2.3119,    2.6250,    0.0000,    2.5839,     1.4365,     0.0158
     1.763,    0.0000,    0.0000,    0.0000,    0.0000,    2.6249,    2.3119,    2.6249,    0.0000,    2.5838,     1.4344,     0.0159
     1.764,    0.0000,    0.0000,    0.0000,    0.0000,    2.6249,    2.3118,    2.6249,    0.0000,    2.5838,     1.4323,     0.0160
     1.765,    0.0000,    0.0000,    0.0000,    0.0000,    2.6254,    2.3123,    2.6254,    0.0000,    2.5843,     1.4305,     0.0161
     1.766,    0.0000,    0.0000,    0.0000,    0.0000,    2.6260,    2.3128,    2.6260,    0.0000,    2.5849,     1.4288,     0.0163
     1.767,    0.0000,    0.0000,    0.0000,    0.0000,    2.6263,    2.3131,    2.6264,    0.0000,    2.5852,     1.4269,     0.0164
     1.768,    0.0000,    0.0000,    0.0000,    0.0000,    2.6263,    2.3131,    2.6264,    0.0000,    2.5853,     1.4248,     0.0165
     1.769,    0.0000,    0.0000,    0.0000,    0.0000,    2.6262,    2.3130,    2.6262,    0.0000,    2.5851,     1.4227,     0.0166
     1.770,    0.0000,    0.0000,    0.0000,    0.0000,    2.6259,    2.3129,    2.6261,    0.0000,    2.5850,     1.4205,     0.0168
     1.771,    0.0000,    0.0000,    0.0000,    0.0000,    2.6256,    2.3130,    2.6262,    0.0000,    2.5851,     1.4185,     0.0169
     1.772,    0.0000,    0.0000,    0.0000,    0.0000,    2.6248,    2.3131,    2.6263,    0.0000,    2.5852,     1.4165,     0.0170
     1.773,    0.0000,    0.0000,    0.0000,    0.0000,    2.6229,    2.3131,    2.6264,    0.0000,    2.5853,     1.4145,     0.0172
     1.774,    0.0000,    0.0000,    0.0000,    0.0000,    2.6189,    2.3134,    2.6267,    0.0000,    2.5856,     1.4126,     0.0173
     1.775,    0.0000,    0.0000,    0.0000,    0.0000,    2.6111,    2.3140,    2.6273,    0.0000,    2.5862,     1.4109,     0.0174
     1.776,    0.0000,    0.0000,    0.0000,    0.0000,    2.5958,    2.3145,    2.6279,    0.0000,    2.5867,     1.4091,     0.0176
     1.777,    0.0000,    0.0000,    0.0000,    0.0000,    2.5680,    2.3146,    2.6281,    0.0000,    2.5869,     1.4072,     0.0177
     1.778,    0.0000,    0.0000,    0.0000,    0.0000,    2.5221,    2.3148,    2.6283,    0.0000,    2.5871,     1.4052,     0.0178
     1.779,    0.0000,    0.0000,    0.0000,    0.0000,    2.4512,    2.3153,    2.6288,    0.0000,    2.5876,     1.4034,     0.0180
     1.780,    0.0000,    0.0000,    0.0000,    0.0000,    2.3478,    2.3157,    2.6293,    0.0000,    2.5881,     1.4017,     0.0181
     1.781,    0.0000,    0.0000,    0.0000,    0.0000,    2.2060,    2.3158,    2.6294,    0.0000,    2.5881,     1.3997,     0.0183
     1.782,    0.0000,    0.0000,    0.0000,    0.0000,    2.0240,    2.3156,    2.6292,    0.0000,    2.5878,     1.3975,     0.0184
     1.783,    0.0000,    0.0000,    0.0000,    0.0000,    1.8049,    2.3151,    2.6286,    0.0000,    2.5872,     1.3952,     0.0185
     1.784,    0.0000,    0.0000,    0.0000,    0.0000,    1.5576,    2.3148,    2.6283,    0.0000,    2.5866,     1.3929,     0.0187
     1.785,    0.0000,    0.0000,    0.0000,    0.0000,    1.2957,    2.3149,    2.6283,    0.0000,    2.5864,     1.3909,     0.0188
     1.786,    0.0000,    0.0000,    0.0000,    0.0000,    1.0351,    2.3153,    2.6288,    0.0000,    2.5866,     1.3891,     0.0189
     1.787,    0.0000,    0.0000,    0.0000,    0.0000,    0.7915,    2.3159,    2.6296,    0.0000,    2.5867,     1.3875,     0.0191
     1.788,    0.0000,    0.0000,    0.0000,    0.0000,    0.5776,    2.3166,    2.6304,    0.0000,    2.5868,     1.3858,     0.0192
     1.789,    0.0000,    0.0000,    0.0000,    0.0000,    0.4014,    2.3173,    2.6311,    0.0000,    2.5864,     1.3842,     0.0194
     1.790,    0.0000,    0.0000,    0.0000,    0.0000,    0.2650,    2.3177,    2.6315,    0.0000,    2.5854,     1.3824,     0.0195
     1.791,    0.0000,    0.0000,    0.0000,    0.0000,    0.1660,    2.3178,    2.6317,    0.0000,    2.5836,     1.3804,     0.0197
     1.792,    0.0000,    0.0000,    0.0000,    0.0000,    0.0985,    2.3177,    2.6315,    0.0000,    2.5808,     1.3783,     0.0198
     1.793,    0.0000,    0.0000,    0.0000,    0.0000,    0.0553,    2.3175,    2.6313,    0.0000,    2.5770,     1.3762,     0.0199
     1.794,    0.0000,    0.0000,    0.0000,    0.0000,    0.0293,    2.3176,    2.6314,    0.0000,    2.5724,     1.3742,     0.0201
     1.795,    0.0000,    0.0000,    0.0000,    0.0000,    0.0147,    2.3183,    2.6323,    0.0000,    2.5671,     1.3726,     0.0202
     1.796,    0.0000,    0.0000,    0.0000,    0.0000,    0.0070,    2.3190,    2.6330,    0.0000,    2.5598,     1.3710,     0.0204
     1.797,    0.0000,    0.0000,    0.0000,    0.0000,    0.0031,    2.3189,    2.6329,    0.0000,    2.5495,     1.3689,     0.0205
     1.798,    0.0000,    0.0000,    0.0000,    0.0000,    0.0013,    2.3185,    2.6325,    0.0000,    2.5363,     1.3666,     0.0207
     1.799,    0.0000,    0.0000,    0.0000,    0.0000,    0.0005,    2.3187,    2.6327,    0.0000,    2.5205,     1.3647,     0.0208
     1.800,    0.0000,    0.0000,    0.0000,    0.0000,    0.0002,    2.3195,    2.6335,    0.0000,    2.5016,     1.3631,     0.0210
     1.801,    0.0000,    0.0000,    0.0000,    0.0000,    0.0001,    2.3204,    2.6346,    0.0000,    2.4787,     1.3617,     0.0211
     1.802,    0.0000,    0.0000,    0.0000,    0.0000,    0.0000,    2.3211,    2.6354,    0.0000,    2.4506,     1.3601,     0.0213
     1.803,    0.0000,    0.0000,    0.0000,    0.0000,    0.0000,    2.3212,    2.6356,    0.0000,    2.4164,     1.3581,     0.0215
     1.804,    0.0000,    0.0000,    0.0000,    0.0000,    0.0000,    2.3211,    2.6354,    0.0000,    2.3760,     1.3560,     0.0216
     1.805,    0.0000,    0.0000,    0.0000,    0.0000,    0.0000,    2.3212,    2.6355,    0.0000,    2.3293,     1.3541,     0.0218
     1.806,    0.0000,    0.0000,    0.0000,    0.0000,    0.0000,    2.3216,    2.6360,    0.0000,    2.2760,     1.3523,     0.0219
     1.807,    0.0000,    0.0000,    0.0000,    0.0000,    0.0000,    2.3222,    2.6367,    0.0000,    2.2157,     1.3506,     0.0221
     1.808,    0.0000,    0.0000,    0.0000,    0.0000,    0.0000,    2.3229,    2.6375,    0.0000,    2.1481,     1.3490,     0.0222
     1.809,    0.0000,    0.0000,    0.0000,    0.0000,    0.0000,    2.3236,    2.6383,    0.0000,    2.0731,     1.3474,     0.0224
     1.810,    0.0000,    0.0000,    0.0000,    0.0000,    0.0000,    2.3241,    2.6388,    0.0000,    1.9907,     1.3457,     0.0226
     1.811,    0.0000,    0.0000,    0.0000,    0.0000,    0.0000,    2.3242,    2.6390,    0.0000,    1.9011,     1.3438,     0.0227
     1.812,    0.0000,    0.0000,    0.0000,    0.0000,    0.0000,    2.3245,    2.6392,    0.0000,    1.8055,     1.3419,     0.0229
     1.813,    0.0000,    0.0000,    0.0000,    0.0000,    0.0000,    2.3252,    2.6401,    0.0000,    1.7047,     1.3403,     0.0230
     1.814,    0.0000,    0.0000,    0.0000,    0.0000,    0.0000,    2.3262,    2.6412,    0.0000,    1.5995,     1.3389,     0.0232
     1.815,    0.0000,    0.0000,    0.0000,    0.0000,    0.0000,    2.3268,    2.6419,    0.0000,    1.4906,     1.3372,     0.0234
     1.816,    0.0000,    0.0000,    0.0000,    0.0000,    0.0000,    2.3273,    2.6425,    0.0000,    1.3793,     1.3355,     0.0235
     1.817,    0.0000,    0.0000,    0.0000,    0.0000,    0.0000,    2.3277,    2.6429,    0.0000,    1.2670,     1.3338,     0.0237
     1.818,    0.0000,    0.0000,    0.0000,    0.0000,    0.0000,    2.3276,    2.6428,    0.0000,    1.1548,     1.3317,     0.0239
     1.819,    0.0000,    0.0000,    0.0000,    0.0000,    0.0000,    2.3268,    2.6419,    0.0000,    1.0440,     1.3292,     0.0240
     1.820,    0.0000,    0.0000,    0.0000,    0.0000,    0.0000,    2.3262,    2.6412,    0.0000,    0.9363,     1.3269,     0.0242
     1.821,    0.0000,    0.0000,    0.0000,    0.0000,    0.0000,    2.3266,    2.6417,    0.0000,    0.8331,     1.3252,     0.0243
     1.822,    0.0000,    0.0000,    0.0000,    0.0000,    0.0000,    2.3277,    2.6429,    0.0000,    0.7352,     1.3238,     0.0245
     1.823,    0.0000,    0.0000,    0.0000,    0.0000,    0.0000,    2.3288,    2.6442,    0.0000,    0.6432,     1.3224,     0.0247
     1.824,    0.0000,    0.0000,    0.0000,    0.0000,    0.0000,    2.3300,    2.6456,    0.0000,    0.5577,     1.3211,     0.0249
     1.825,    0.0000,    0.0000,    0.0000,    0.0000,    0.0000,    2.3314,    2.6471,    0.0000,    0.4792,     1.3199,     0.0250
     1.826,    0.0000,    0.0000,    0.0000,    0.0000,    0.0000,    2.3327,    2.6486,    0.0000,    0.4079,     1.3187,     0.0252
     1.827,    0.0000,    0.0000,    0.0000,    0.0000,    0.0000,    2.3337,    2.6497,    0.0000,    0.3439,     1.3172,     0.0254
     1.828,    0.0000,    0.0000,    0.0000,    0.0000,    0.0000,    2.3341,    2.6502,    0.0000,    0.2872,     1.3155,     0.0256
     1.829,    0.0000,    0.0000,    0.0000,    0.0000,    0.0000,    2.3339,    2.6499,    0.0000,    0.2374,     1.3134,     0.0257
     1.830,    0.0000,    0.0000,    0.0000,    0.0000,    0.0000,    2.3338,    2.6498,    0.0000,    0.1943,     1.3114,     0.0259
     1.831,    0.0000,    0.0000,    0.0000,    0.0000,    0.0000,    2.3344,    2.6505,    0.0000,    0.1575,     1.3097,     0.0261
