romanisim/data/roman-technical-information/data/WideFieldInstrument/Imaging/EffectiveAreas/Roman_effarea_v8_SCA14_20240301.ecsv
# %ECSV 1.0
# ---
# Effective area for Roman (m^2) - parameters as of 2024 03 01
# datatype:
# - {name: Wave, datatype: float32}
# - {name: F062, datatype: float32}
# - {name: F087, datatype: float32}
# - {name: F106, datatype: float32}
# - {name: F129, datatype: float32}
# - {name: F158, datatype: float32}
# - {name: F184, datatype: float32}
# - {name: F146, datatype: float32}
# - {name: F213, datatype: float32}
# - {name: Prism, datatype: float32}
# - {name: Grism_1stOrder, datatype: float32}
# - {name: Grism_0thOrder, datatype: float32}
# schema: astropy-2.0
Wave, F062, F087, F106, F129, F158, F184, F146, F213, Prism, Grism_1stOrder, Grism_0thOrder
[from data line 1314]
     1.714,    0.0000,    0.0000,    0.0000,    0.0000,    2.6663,    2.4074,    2.6663,    0.0000,    2.5494,     1.6370,     0.0112
     1.715,    0.0000,    0.0000,    0.0000,    0.0000,    2.6665,    2.4076,    2.6665,    0.0000,    2.5496,     1.6350,     0.0113
     1.716,    0.0000,    0.0000,    0.0000,    0.0000,    2.6673,    2.4083,    2.6673,    0.0000,    2.5503,     1.6331,     0.0114
     1.717,    0.0000,    0.0000,    0.0000,    0.0000,    2.6690,    2.4099,    2.6690,    0.0000,    2.5520,     1.6319,     0.0115
     1.718,    0.0000,    0.0000,    0.0000,    0.0000,    2.6707,    2.4114,    2.6707,    0.0000,    2.5536,     1.6307,     0.0116
     1.719,    0.0000,    0.0000,    0.0000,    0.0000,    2.6713,    2.4119,    2.6713,    0.0000,    2.5542,     1.6288,     0.0117
     1.720,    0.0000,    0.0000,    0.0000,    0.0000,    2.6715,    2.4121,    2.6715,    0.0000,    2.5544,     1.6266,     0.0118
     1.721,    0.0000,    0.0000,    0.0000,    0.0000,    2.6722,    2.4128,    2.6722,    0.0000,    2.5551,     1.6248,     0.0119
     1.722,    0.0000,    0.0000,    0.0000,    0.0000,    2.6732,    2.4136,    2.6732,    0.0000,    2.5560,     1.6231,     0.0120
     1.723,    0.0000,    0.0000,    0.0000,    0.0000,    2.6739,    2.4143,    2.6739,    0.0000,    2.5566,     1.6213,     0.0121
     1.724,    0.0000,    0.0000,    0.0000,    0.0000,    2.6746,    2.4149,    2.6746,    0.0000,    2.5574,     1.6195,     0.0123
     1.725,    0.0000,    0.0000,    0.0000,    0.0000,    2.6757,    2.4159,    2.6757,    0.0000,    2.5584,     1.6179,     0.0124
     1.726,    0.0000,    0.0000,    0.0000,    0.0000,    2.6767,    2.4168,    2.6767,    0.0000,    2.5594,     1.6162,     0.0125
     1.727,    0.0000,    0.0000,    0.0000,    0.0000,    2.6772,    2.4173,    2.6772,    0.0000,    2.5598,     1.6143,     0.0126
     1.728,    0.0000,    0.0000,    0.0000,    0.0000,    2.6776,    2.4176,    2.6776,    0.0000,    2.5602,     1.6122,     0.0127
     1.729,    0.0000,    0.0000,    0.0000,    0.0000,    2.6782,    2.4181,    2.6782,    0.0000,    2.5608,     1.6103,     0.0128
     1.730,    0.0000,    0.0000,    0.0000,    0.0000,    2.6791,    2.4189,    2.6791,    0.0000,    2.5616,     1.6086,     0.0129
     1.731,    0.0000,    0.0000,    0.0000,    0.0000,    2.6801,    2.4199,    2.6801,    0.0000,    2.5626,     1.6069,     0.0131
     1.732,    0.0000,    0.0000,    0.0000,    0.0000,    2.6811,    2.4208,    2.6811,    0.0000,    2.5635,     1.6053,     0.0132
     1.733,    0.0000,    0.0000,    0.0000,    0.0000,    2.6819,    2.4215,    2.6819,    0.0000,    2.5644,     1.6035,     0.0133
     1.734,    0.0000,    0.0000,    0.0000,    0.0000,    2.6828,    2.4223,    2.6828,    0.0000,    2.5652,     1.6018,     0.0134
     1.735,    0.0000,    0.0000,    0.0000,    0.0000,    2.6837,    2.4232,    2.6837,    0.0000,    2.5661,     1.6001,     0.0135
     1.736,    0.0000,    0.0000,    0.0000,    0.0000,    2.6846,    2.4239,    2.6846,    0.0000,    2.5669,     1.5983,     0.0137
     1.737,    0.0000,    0.0000,    0.0000,    0.0000,    2.6851,    2.4244,    2.6851,    0.0000,    2.5674,     1.5964,     0.0138
     1.738,    0.0000,    0.0000,    0.0000,    0.0000,    2.6853,    2.4245,    2.6853,    0.0000,    2.5675,     1.5942,     0.0139
     1.739,    0.0000,    0.0000,    0.0000,    0.0000,    2.6851,    2.4244,    2.6851,    0.0000,    2.5674,     1.5919,     0.0140
     1.740,    0.0000,    0.0000,    0.0000,    0.0000,    2.6855,    2.4247,    2.6855,    0.0000,    2.5677,     1.5898,     0.0141
     1.741,    0.0000,    0.0000,    0.0000,    0.0000,    2.6867,    2.4259,    2.6867,    0.0000,    2.5689,     1.5883,     0.0143
     1.742,    0.0000,    0.0000,    0.0000,    0.0000,    2.6882,    2.4272,    2.6882,    0.0000,    2.5703,     1.5869,     0.0144
     1.743,    0.0000,    0.0000,    0.0000,    0.0000,    2.6890,    2.4279,    2.6890,    0.0000,    2.5711,     1.5851,     0.0145
     1.744,    0.0000,    0.0000,    0.0000,    0.0000,    2.6895,    2.4283,    2.6895,    0.0000,    2.5716,     1.5832,     0.0146
     1.745,    0.0000,    0.0000,    0.0000,    0.0000,    2.6903,    2.4291,    2.6903,    0.0000,    2.5723,     1.5814,     0.0148
     1.746,    0.0000,    0.0000,    0.0000,    0.0000,    2.6910,    2.4297,    2.6910,    0.0000,    2.5730,     1.5795,     0.0149
     1.747,    0.0000,    0.0000,    0.0000,    0.0000,    2.6912,    2.4299,    2.6912,    0.0000,    2.5732,     1.5774,     0.0150
     1.748,    0.0000,    0.0000,    0.0000,    0.0000,    2.6912,    2.4299,    2.6912,    0.0000,    2.5732,     1.5751,     0.0151
     1.749,    0.0000,    0.0000,    0.0000,    0.0000,    2.6915,    2.4301,    2.6915,    0.0000,    2.5735,     1.5731,     0.0153
     1.750,    0.0000,    0.0000,    0.0000,    0.0000,    2.6918,    2.4305,    2.6918,    0.0000,    2.5738,     1.5710,     0.0154
     1.751,    0.0000,    0.0000,    0.0000,    0.0000,    2.6921,    2.4307,    2.6921,    0.0000,    2.5740,     1.5689,     0.0155
     1.752,    0.0000,    0.0000,    0.0000,    0.0000,    2.6927,    2.4312,    2.6927,    0.0000,    2.5746,     1.5670,     0.0156
     1.753,    0.0000,    0.0000,    0.0000,    0.0000,    2.6939,    2.4323,    2.6939,    0.0000,    2.5758,     1.5655,     0.0158
     1.754,    0.0000,    0.0000,    0.0000,    0.0000,    2.6950,    2.4334,    2.6950,    0.0000,    2.5769,     1.5639,     0.0159
     1.755,    0.0000,    0.0000,    0.0000,    0.0000,    2.6954,    2.4337,    2.6954,    0.0000,    2.5773,     1.5619,     0.0160
     1.756,    0.0000,    0.0000,    0.0000,    0.0000,    2.6954,    2.4337,    2.6954,    0.0000,    2.5773,     1.5597,     0.0162
     1.757,    0.0000,    0.0000,    0.0000,    0.0000,    2.6955,    2.4338,    2.6955,    0.0000,    2.5773,     1.5575,     0.0163
     1.758,    0.0000,    0.0000,    0.0000,    0.0000,    2.6958,    2.4340,    2.6958,    0.0000,    2.5776,     1.5554,     0.0164
     1.759,    0.0000,    0.0000,    0.0000,    0.0000,    2.6962,    2.4344,    2.6962,    0.0000,    2.5779,     1.5533,     0.0166
     1.760,    0.0000,    0.0000,    0.0000,    0.0000,    2.6967,    2.4349,    2.6967,    0.0000,    2.5785,     1.5514,     0.0167
     1.761,    0.0000,    0.0000,    0.0000,    0.0000,    2.6974,    2.4355,    2.6974,    0.0000,    2.5792,     1.5496,     0.0168
     1.762,    0.0000,    0.0000,    0.0000,    0.0000,    2.6979,    2.4359,    2.6979,    0.0000,    2.5796,     1.5476,     0.0170
     1.763,    0.0000,    0.0000,    0.0000,    0.0000,    2.6978,    2.4359,    2.6978,    0.0000,    2.5795,     1.5454,     0.0171
     1.764,    0.0000,    0.0000,    0.0000,    0.0000,    2.6977,    2.4358,    2.6978,    0.0000,    2.5795,     1.5431,     0.0172
     1.765,    0.0000,    0.0000,    0.0000,    0.0000,    2.6982,    2.4363,    2.6983,    0.0000,    2.5800,     1.5412,     0.0174
     1.766,    0.0000,    0.0000,    0.0000,    0.0000,    2.6988,    2.4369,    2.6990,    0.0000,    2.5806,     1.5393,     0.0175
     1.767,    0.0000,    0.0000,    0.0000,    0.0000,    2.6989,    2.4372,    2.6993,    0.0000,    2.5810,     1.5373,     0.0177
     1.768,    0.0000,    0.0000,    0.0000,    0.0000,    2.6982,    2.4372,    2.6993,    0.0000,    2.5810,     1.5351,     0.0178
     1.769,    0.0000,    0.0000,    0.0000,    0.0000,    2.6967,    2.4371,    2.6992,    0.0000,    2.5809,     1.5328,     0.0179
     1.770,    0.0000,    0.0000,    0.0000,    0.0000,    2.6936,    2.4370,    2.6991,    0.0000,    2.5808,     1.5305,     0.0181
     1.771,    0.0000,    0.0000,    0.0000,    0.0000,    2.6877,    2.4371,    2.6991,    0.0000,    2.5808,     1.5283,     0.0182
     1.772,    0.0000,    0.0000,    0.0000,    0.0000,    2.6766,    2.4372,    2.6993,    0.0000,    2.5809,     1.5261,     0.0184
     1.773,    0.0000,    0.0000,    0.0000,    0.0000,    2.6570,    2.4373,    2.6994,    0.0000,    2.5810,     1.5240,     0.0185
     1.774,    0.0000,    0.0000,    0.0000,    0.0000,    2.6242,    2.4376,    2.6997,    0.0000,    2.5813,     1.5219,     0.0186
     1.775,    0.0000,    0.0000,    0.0000,    0.0000,    2.5726,    2.4381,    2.7003,    0.0000,    2.5819,     1.5201,     0.0188
     1.776,    0.0000,    0.0000,    0.0000,    0.0000,    2.4952,    2.4387,    2.7009,    0.0000,    2.5825,     1.5182,     0.0189
     1.777,    0.0000,    0.0000,    0.0000,    0.0000,    2.3857,    2.4389,    2.7011,    0.0000,    2.5827,     1.5161,     0.0191
     1.778,    0.0000,    0.0000,    0.0000,    0.0000,    2.2400,    2.4390,    2.7013,    0.0000,    2.5829,     1.5140,     0.0192
     1.779,    0.0000,    0.0000,    0.0000,    0.0000,    2.0573,    2.4395,    2.7019,    0.0000,    2.5834,     1.5121,     0.0194
     1.780,    0.0000,    0.0000,    0.0000,    0.0000,    1.8406,    2.4400,    2.7024,    0.0000,    2.5840,     1.5102,     0.0195
     1.781,    0.0000,    0.0000,    0.0000,    0.0000,    1.5977,    2.4402,    2.7026,    0.0000,    2.5841,     1.5081,     0.0197
     1.782,    0.0000,    0.0000,    0.0000,    0.0000,    1.3408,    2.4399,    2.7023,    0.0000,    2.5838,     1.5057,     0.0198
     1.783,    0.0000,    0.0000,    0.0000,    0.0000,    1.0845,    2.4395,    2.7018,    0.0000,    2.5833,     1.5032,     0.0200
     1.784,    0.0000,    0.0000,    0.0000,    0.0000,    0.8431,    2.4391,    2.7014,    0.0000,    2.5830,     1.5008,     0.0201
     1.785,    0.0000,    0.0000,    0.0000,    0.0000,    0.6285,    2.4392,    2.7015,    0.0000,    2.5831,     1.4986,     0.0203
     1.786,    0.0000,    0.0000,    0.0000,    0.0000,    0.4484,    2.4397,    2.7020,    0.0000,    2.5836,     1.4967,     0.0204
     1.787,    0.0000,    0.0000,    0.0000,    0.0000,    0.3056,    2.4404,    2.7028,    0.0000,    2.5843,     1.4950,     0.0206
     1.788,    0.0000,    0.0000,    0.0000,    0.0000,    0.1986,    2.4411,    2.7036,    0.0000,    2.5851,     1.4932,     0.0207
     1.789,    0.0000,    0.0000,    0.0000,    0.0000,    0.1229,    2.4418,    2.7044,    0.0000,    2.5858,     1.4914,     0.0209
     1.790,    0.0000,    0.0000,    0.0000,    0.0000,    0.0723,    2.4423,    2.7049,    0.0000,    2.5863,     1.4895,     0.0210
     1.791,    0.0000,    0.0000,    0.0000,    0.0000,    0.0405,    2.4424,    2.7051,    0.0000,    2.5864,     1.4874,     0.0212
     1.792,    0.0000,    0.0000,    0.0000,    0.0000,    0.0215,    2.4423,    2.7049,    0.0000,    2.5863,     1.4852,     0.0213
     1.793,    0.0000,    0.0000,    0.0000,    0.0000,    0.0108,    2.4421,    2.7047,    0.0000,    2.5860,     1.4828,     0.0215
     1.794,    0.0000,    0.0000,    0.0000,    0.0000,    0.0052,    2.4423,    2.7049,    0.0000,    2.5860,     1.4808,     0.0217
     1.795,    0.0000,    0.0000,    0.0000,    0.0000,    0.0024,    2.4431,    2.7058,    0.0000,    2.5866,     1.4791,     0.0218
     1.796,    0.0000,    0.0000,    0.0000,    0.0000,    0.0010,    2.4438,    2.7066,    0.0000,    2.5868,     1.4773,     0.0220
     1.797,    0.0000,    0.0000,    0.0000,    0.0000,    0.0004,    2.4437,    2.7065,    0.0000,    2.5859,     1.4751,     0.0221
     1.798,    0.0000,    0.0000,    0.0000,    0.0000,    0.0002,    2.4434,    2.7062,    0.0000,    2.5843,     1.4727,     0.0223
     1.799,    0.0000,    0.0000,    0.0000,    0.0000,    0.0001,    2.4436,    2.7064,    0.0000,    2.5824,     1.4707,     0.0225
     1.800,    0.0000,    0.0000,    0.0000,    0.0000,    0.0000,    2.4444,    2.7073,    0.0000,    2.5799,     1.4690,     0.0226
     1.801,    0.0000,    0.0000,    0.0000,    0.0000,    0.0000,    2.4455,    2.7085,    0.0000,    2.5759,     1.4674,     0.0228
     1.802,    0.0000,    0.0000,    0.0000,    0.0000,    0.0000,    2.4463,    2.7093,    0.0000,    2.5692,     1.4657,     0.0230
     1.803,    0.0000,    0.0000,    0.0000,    0.0000,    0.0000,    2.4464,    2.7095,    0.0000,    2.5583,     1.4636,     0.0231
     1.804,    0.0000,    0.0000,    0.0000,    0.0000,    0.0000,    2.4463,    2.7094,    0.0000,    2.5425,     1.4614,     0.0233
     1.805,    0.0000,    0.0000,    0.0000,    0.0000,    0.0000,    2.4465,    2.7096,    0.0000,    2.5209,     1.4593,     0.0235
     1.806,    0.0000,    0.0000,    0.0000,    0.0000,    0.0000,    2.4470,    2.7101,    0.0000,    2.4920,     1.4574,     0.0236
     1.807,    0.0000,    0.0000,    0.0000,    0.0000,    0.0000,    2.4477,    2.7109,    0.0000,    2.4539,     1.4557,     0.0238
     1.808,    0.0000,    0.0000,    0.0000,    0.0000,    0.0000,    2.4485,    2.7118,    0.0000,    2.4048,     1.4540,     0.0240
     1.809,    0.0000,    0.0000,    0.0000,    0.0000,    0.0000,    2.4493,    2.7127,    0.0000,    2.3429,     1.4523,     0.0241
     1.810,    0.0000,    0.0000,    0.0000,    0.0000,    0.0000,    2.4498,    2.7133,    0.0000,    2.2665,     1.4505,     0.0243
     1.811,    0.0000,    0.0000,    0.0000,    0.0000,    0.0000,    2.4500,    2.7135,    0.0000,    2.1747,     1.4484,     0.0245
     1.812,    0.0000,    0.0000,    0.0000,    0.0000,    0.0000,    2.4504,    2.7139,    0.0000,    2.0677,     1.4465,     0.0247
     1.813,    0.0000,    0.0000,    0.0000,    0.0000,    0.0000,    2.4513,    2.7149,    0.0000,    1.9462,     1.4448,     0.0248
     1.814,    0.0000,    0.0000,    0.0000,    0.0000,    0.0000,    2.4523,    2.7160,    0.0000,    1.8112,     1.4433,     0.0250
     1.815,    0.0000,    0.0000,    0.0000,    0.0000,    0.0000,    2.4531,    2.7169,    0.0000,    1.6644,     1.4416,     0.0252
     1.816,    0.0000,    0.0000,    0.0000,    0.0000,    0.0000,    2.4536,    2.7175,    0.0000,    1.5089,     1.4397,     0.0254
     1.817,    0.0000,    0.0000,    0.0000,    0.0000,    0.0000,    2.4541,    2.7181,    0.0000,    1.3481,     1.4379,     0.0255
     1.818,    0.0000,    0.0000,    0.0000,    0.0000,    0.0000,    2.4541,    2.7181,    0.0000,    1.1859,     1.4357,     0.0257
     1.819,    0.0000,    0.0000,    0.0000,    0.0000,    0.0000,    2.4534,    2.7172,    0.0000,    1.0262,     1.4331,     0.0259
     1.820,    0.0000,    0.0000,    0.0000,    0.0000,    0.0000,    2.4528,    2.7166,    0.0000,    0.8731,     1.4306,     0.0261
     1.821,    0.0000,    0.0000,    0.0000,    0.0000,    0.0000,    2.4533,    2.7172,    0.0000,    0.7302,     1.4288,     0.0262
     1.822,    0.0000,    0.0000,    0.0000,    0.0000,    0.0000,    2.4546,    2.7185,    0.0000,    0.5998,     1.4274,     0.0264
     1.823,    0.0000,    0.0000,    0.0000,    0.0000,    0.0000,    2.4559,    2.7200,    0.0000,    0.4835,     1.4260,     0.0266
     1.824,    0.0000,    0.0000,    0.0000,    0.0000,    0.0000,    2.4572,    2.7215,    0.0000,    0.3823,     1.4246,     0.0268
     1.825,    0.0000,    0.0000,    0.0000,    0.0000,    0.0000,    2.4588,    2.7232,    0.0000,    0.2964,     1.4234,     0.0270
     1.826,    0.0000,    0.0000,    0.0000,    0.0000,    0.0000,    2.4603,    2.7248,    0.0000,    0.2252,     1.4221,     0.0272
     1.827,    0.0000,    0.0000,    0.0000,    0.0000,    0.0000,    2.4614,    2.7261,    0.0000,    0.1676,     1.4206,     0.0274
     1.828,    0.0000,    0.0000,    0.0000,    0.0000,    0.0000,    2.4619,    2.7267,    0.0000,    0.1221,     1.4188,     0.0276
     1.829,    0.0000,    0.0000,    0.0000,    0.0000,    0.0000,    2.4618,    2.7266,    0.0000,    0.0871,     1.4166,     0.0278
     1.830,    0.0000,    0.0000,    0.0000,    0.0000,    0.0000,    2.4619,    2.7266,    0.0000,    0.0608,     1.4145,     0.0279
     1.831,    0.0000,    0.0000,    0.0000,    0.0000,    0.0000,    2.4626,    2.7274,    0.0000,    0.0415,     1.4128,     0.0281
