romanisim/data/roman-technical-information/data/WideFieldInstrument/Imaging/EffectiveAreas/Roman_effarea_v8_SCA09_20240301.ecsv
# %ECSV 1.0
# ---
# Effective area for Roman (m^2) - parameters as of 2024 03 01
# datatype:
# - {name: Wave, datatype: float32}
# - {name: F062, datatype: float32}
# - {name: F087, datatype: float32}
# - {name: F106, datatype: float32}
# - {name: F129, datatype: float32}
# - {name: F158, datatype: float32}
# - {name: F184, datatype: float32}
# - {name: F146, datatype: float32}
# - {name: F213, datatype: float32}
# - {name: Prism, datatype: float32}
# - {name: Grism_1stOrder, datatype: float32}
# - {name: Grism_0thOrder, datatype: float32}
# schema: astropy-2.0
Wave, F062, F087, F106, F129, F158, F184, F146, F213, Prism, Grism_1stOrder, Grism_0thOrder
[from data line 598]
     0.998,    0.0000,    0.0000,    2.6043,    0.0000,    0.0000,    0.0000,    2.6043,    0.0000,    2.4822,     0.9341,     0.0037
     0.999,    0.0000,    0.0000,    2.6052,    0.0000,    0.0000,    0.0000,    2.6052,    0.0000,    2.4830,     0.9837,     0.0038
     1.000,    0.0000,    0.0000,    2.6061,    0.0000,    0.0000,    0.0000,    2.6061,    0.0000,    2.4839,     1.0067,     0.0039
     1.001,    0.0000,    0.0000,    2.6066,    0.0000,    0.0000,    0.0000,    2.6066,    0.0000,    2.4844,     1.0182,     0.0039
     1.002,    0.0000,    0.0000,    2.6068,    0.0000,    0.0000,    0.0000,    2.6068,    0.0000,    2.4845,     1.0258,     0.0039
     1.003,    0.0000,    0.0000,    2.6068,    0.0000,    0.0000,    0.0000,    2.6068,    0.0000,    2.4845,     1.0324,     0.0038
     1.004,    0.0000,    0.0000,    2.6068,    0.0000,    0.0000,    0.0000,    2.6068,    0.0000,    2.4845,     1.0388,     0.0038
     1.005,    0.0000,    0.0000,    2.6069,    0.0000,    0.0000,    0.0000,    2.6069,    0.0000,    2.4847,     1.0452,     0.0038
     1.006,    0.0000,    0.0000,    2.6073,    0.0000,    0.0000,    0.0000,    2.6073,    0.0000,    2.4850,     1.0517,     0.0038
     1.007,    0.0000,    0.0000,    2.6077,    0.0000,    0.0000,    0.0000,    2.6077,    0.0000,    2.4854,     1.0583,     0.0037
     1.008,    0.0000,    0.0000,    2.6080,    0.0000,    0.0000,    0.0000,    2.6080,    0.0000,    2.4857,     1.0648,     0.0037
     1.009,    0.0000,    0.0000,    2.6080,    0.0000,    0.0000,    0.0000,    2.6080,    0.0000,    2.4857,     1.0711,     0.0037
     1.010,    0.0000,    0.0000,    2.6080,    0.0000,    0.0000,    0.0000,    2.6080,    0.0000,    2.4857,     1.0775,     0.0037
     1.011,    0.0000,    0.0000,    2.6086,    0.0000,    0.0000,    0.0000,    2.6086,    0.0000,    2.4863,     1.0841,     0.0036
     1.012,    0.0000,    0.0000,    2.6093,    0.0000,    0.0000,    0.0000,    2.6093,    0.0000,    2.4869,     1.0907,     0.0036
     1.013,    0.0000,    0.0000,    2.6096,    0.0000,    0.0000,    0.0000,    2.6096,    0.0000,    2.4872,     1.0972,     0.0036
     1.014,    0.0000,    0.0000,    2.6096,    0.0000,    0.0000,    0.0000,    2.6096,    0.0000,    2.4872,     1.1036,     0.0036
     1.015,    0.0000,    0.0000,    2.6094,    0.0000,    0.0000,    0.0000,    2.6094,    0.0000,    2.4870,     1.1098,     0.0036
     1.016,    0.0000,    0.0000,    2.6093,    0.0000,    0.0000,    0.0000,    2.6093,    0.0000,    2.4869,     1.1161,     0.0035
     1.017,    0.0000,    0.0000,    2.6096,    0.0000,    0.0000,    0.0000,    2.6096,    0.0000,    2.4872,     1.1225,     0.0035
     1.018,    0.0000,    0.0000,    2.6101,    0.0000,    0.0000,    0.0000,    2.6101,    0.0000,    2.4877,     1.1291,     0.0035
     1.019,    0.0000,    0.0000,    2.6104,    0.0000,    0.0000,    0.0000,    2.6104,    0.0000,    2.4880,     1.1355,     0.0035
     1.020,    0.0000,    0.0000,    2.6106,    0.0000,    0.0000,    0.0000,    2.6106,    0.0000,    2.4882,     1.1419,     0.0034
     1.021,    0.0000,    0.0000,    2.6107,    0.0000,    0.0000,    0.0000,    2.6107,    0.0000,    2.4883,     1.1482,     0.0034
     1.022,    0.0000,    0.0000,    2.6108,    0.0000,    0.0000,    0.0000,    2.6108,    0.0000,    2.4884,     1.1546,     0.0034
     1.023,    0.0000,    0.0000,    2.6110,    0.0000,    0.0000,    0.0000,    2.6110,    0.0000,    2.4886,     1.1609,     0.0034
     1.024,    0.0000,    0.0000,    2.6112,    0.0000,    0.0000,    0.0000,    2.6112,    0.0000,    2.4887,     1.1673,     0.0033
     1.025,    0.0000,    0.0000,    2.6112,    0.0000,    0.0000,    0.0000,    2.6112,    0.0000,    2.4887,     1.1735,     0.0033
     1.026,    0.0000,    0.0000,    2.6110,    0.0000,    0.0000,    0.0000,    2.6110,    0.0000,    2.4886,     1.1797,     0.0033
     1.027,    0.0000,    0.0000,    2.6107,    0.0000,    0.0000,    0.0000,    2.6107,    0.0000,    2.4883,     1.1858,     0.0033
     1.028,    0.0000,    0.0000,    2.6107,    0.0000,    0.0000,    0.0000,    2.6107,    0.0000,    2.4883,     1.1921,     0.0032
     1.029,    0.0000,    0.0000,    2.6112,    0.0000,    0.0000,    0.0000,    2.6112,    0.0000,    2.4887,     1.1985,     0.0032
     1.030,    0.0000,    0.0000,    2.6115,    0.0000,    0.0000,    0.0000,    2.6115,    0.0000,    2.4890,     1.2048,     0.0032
     1.031,    0.0000,    0.0000,    2.6112,    0.0000,    0.0000,    0.0000,    2.6112,    0.0000,    2.4888,     1.2109,     0.0032
     1.032,    0.0000,    0.0000,    2.6108,    0.0000,    0.0000,    0.0000,    2.6108,    0.0000,    2.4884,     1.2169,     0.0031
     1.033,    0.0000,    0.0000,    2.6108,    0.0000,    0.0000,    0.0000,    2.6108,    0.0000,    2.4883,     1.2231,     0.0031
     1.034,    0.0000,    0.0000,    2.6109,    0.0000,    0.0000,    0.0000,    2.6109,    0.0000,    2.4884,     1.2293,     0.0031
     1.035,    0.0000,    0.0000,    2.6109,    0.0000,    0.0000,    0.0000,    2.6109,    0.0000,    2.4884,     1.2355,     0.0030
     1.036,    0.0000,    0.0000,    2.6107,    0.0000,    0.0000,    0.0000,    2.6107,    0.0000,    2.4883,     1.2416,     0.0030
     1.037,    0.0000,    0.0000,    2.6105,    0.0000,    0.0000,    0.0000,    2.6105,    0.0000,    2.4881,     1.2476,     0.0030
     1.038,    0.0000,    0.0000,    2.6102,    0.0000,    0.0000,    0.0000,    2.6102,    0.0000,    2.4878,     1.2536,     0.0030
     1.039,    0.0000,    0.0000,    2.6099,    0.0000,    0.0000,    0.0000,    2.6099,    0.0000,    2.4875,     1.2595,     0.0029
     1.040,    0.0000,    0.0000,    2.6094,    0.0000,    0.0000,    0.0000,    2.6094,    0.0000,    2.4870,     1.2654,     0.0029
     1.041,    0.0000,    0.0000,    2.6089,    0.0000,    0.0000,    0.0000,    2.6089,    0.0000,    2.4865,     1.2712,     0.0029
     1.042,    0.0000,    0.0000,    2.6086,    0.0000,    0.0000,    0.0000,    2.6086,    0.0000,    2.4863,     1.2772,     0.0029
     1.043,    0.0000,    0.0000,    2.6088,    0.0000,    0.0000,    0.0000,    2.6088,    0.0000,    2.4865,     1.2834,     0.0028
     1.044,    0.0000,    0.0000,    2.6088,    0.0000,    0.0000,    0.0000,    2.6088,    0.0000,    2.4864,     1.2894,     0.0028
     1.045,    0.0000,    0.0000,    2.6078,    0.0000,    0.0000,    0.0000,    2.6078,    0.0000,    2.4855,     1.2950,     0.0028
     1.046,    0.0000,    0.0000,    2.6067,    0.0000,    0.0000,    0.0000,    2.6067,    0.0000,    2.4845,     1.3004,     0.0028
     1.047,    0.0000,    0.0000,    2.6063,    0.0000,    0.0000,    0.0000,    2.6063,    0.0000,    2.4840,     1.3062,     0.0027
     1.048,    0.0000,    0.0000,    2.6063,    0.0000,    0.0000,    0.0000,    2.6063,    0.0000,    2.4841,     1.3122,     0.0027
     1.049,    0.0000,    0.0000,    2.6065,    0.0000,    0.0000,    0.0000,    2.6065,    0.0000,    2.4842,     1.3183,     0.0027
     1.050,    0.0000,    0.0000,    2.6062,    0.0000,    0.0000,    0.0000,    2.6062,    0.0000,    2.4840,     1.3241,     0.0027
     1.051,    0.0000,    0.0000,    2.6052,    0.0000,    0.0000,    0.0000,    2.6052,    0.0000,    2.4830,     1.3295,     0.0026
     1.052,    0.0000,    0.0000,    2.6041,    0.0000,    0.0000,    0.0000,    2.6041,    0.0000,    2.4820,     1.3349,     0.0026
     1.053,    0.0000,    0.0000,    2.6036,    0.0000,    0.0000,    0.0000,    2.6036,    0.0000,    2.4815,     1.3406,     0.0026
     1.054,    0.0000,    0.0000,    2.6035,    0.0000,    0.0000,    0.0000,    2.6035,    0.0000,    2.4814,     1.3464,     0.0026
     1.055,    0.0000,    0.0000,    2.6033,    0.0000,    0.0000,    0.0000,    2.6033,    0.0000,    2.4812,     1.3522,     0.0025
     1.056,    0.0000,    0.0000,    2.6030,    0.0000,    0.0000,    0.0000,    2.6030,    0.0000,    2.4809,     1.3579,     0.0025
     1.057,    0.0000,    0.0000,    2.6024,    0.0000,    0.0000,    0.0000,    2.6024,    0.0000,    2.4804,     1.3634,     0.0025
     1.058,    0.0000,    0.0000,    2.6014,    0.0000,    0.0000,    0.0000,    2.6014,    0.0000,    2.4794,     1.3687,     0.0024
     1.059,    0.0000,    0.0000,    2.5999,    0.0000,    0.0000,    0.0000,    2.5999,    0.0000,    2.4780,     1.3738,     0.0024
     1.060,    0.0000,    0.0000,    2.5986,    0.0000,    0.0000,    0.0000,    2.5986,    0.0000,    2.4767,     1.3789,     0.0024
     1.061,    0.0000,    0.0000,    2.5980,    0.0000,    0.0000,    0.0000,    2.5980,    0.0000,    2.4761,     1.3843,     0.0024
     1.062,    0.0000,    0.0000,    2.5977,    0.0000,    0.0000,    0.0000,    2.5977,    0.0000,    2.4759,     1.3899,     0.0023
     1.063,    0.0000,    0.0000,    2.5971,    0.0000,    0.0000,    0.0000,    2.5971,    0.0000,    2.4754,     1.3954,     0.0023
     1.064,    0.0000,    0.0000,    2.5962,    0.0000,    0.0000,    0.0000,    2.5962,    0.0000,    2.4744,     1.4006,     0.0023
     1.065,    0.0000,    0.0000,    2.5948,    0.0000,    0.0000,    0.0000,    2.5948,    0.0000,    2.4731,     1.4055,     0.0023
     1.066,    0.0000,    0.0000,    2.5934,    0.0000,    0.0000,    0.0000,    2.5934,    0.0000,    2.4718,     1.4105,     0.0022
     1.067,    0.0000,    0.0000,    2.5925,    0.0000,    0.0000,    0.0000,    2.5925,    0.0000,    2.4709,     1.4157,     0.0022
     1.068,    0.0000,    0.0000,    2.5917,    0.0000,    0.0000,    0.0000,    2.5917,    0.0000,    2.4702,     1.4209,     0.0022
     1.069,    0.0000,    0.0000,    2.5907,    0.0000,    0.0000,    0.0000,    2.5907,    0.0000,    2.4692,     1.4259,     0.0022
     1.070,    0.0000,    0.0000,    2.5897,    0.0000,    0.0000,    0.0000,    2.5897,    0.0000,    2.4683,     1.4310,     0.0021
     1.071,    0.0000,    0.0000,    2.5890,    0.0000,    0.0000,    0.0000,    2.5890,    0.0000,    2.4676,     1.4362,     0.0021
     1.072,    0.0000,    0.0000,    2.5883,    0.0000,    0.0000,    0.0000,    2.5883,    0.0000,    2.4669,     1.4414,     0.0021
     1.073,    0.0000,    0.0000,    2.5876,    0.0000,    0.0000,    0.0000,    2.5876,    0.0000,    2.4662,     1.4465,     0.0021
     1.074,    0.0000,    0.0000,    2.5869,    0.0000,    0.0000,    0.0000,    2.5869,    0.0000,    2.4656,     1.4517,     0.0020
     1.075,    0.0000,    0.0000,    2.5864,    0.0000,    0.0000,    0.0000,    2.5864,    0.0000,    2.4651,     1.4569,     0.0020
     1.076,    0.0000,    0.0000,    2.5857,    0.0000,    0.0000,    0.0000,    2.5857,    0.0000,    2.4645,     1.4620,     0.0020
     1.077,    0.0000,    0.0000,    2.5846,    0.0000,    0.0000,    0.0000,    2.5846,    0.0000,    2.4634,     1.4669,     0.0020
     1.078,    0.0000,    0.0000,    2.5833,    0.0000,    0.0000,    0.0000,    2.5833,    0.0000,    2.4621,     1.4716,     0.0019
     1.079,    0.0000,    0.0000,    2.5820,    0.0000,    0.0000,    0.0000,    2.5820,    0.0000,    2.4609,     1.4763,     0.0019
     1.080,    0.0000,    0.0000,    2.5812,    0.0000,    0.0000,    0.0000,    2.5812,    0.0000,    2.4601,     1.4812,     0.0019
     1.081,    0.0000,    0.0000,    2.5809,    0.0000,    0.0000,    0.0000,    2.5809,    0.0000,    2.4599,     1.4864,     0.0019
     1.082,    0.0000,    0.0000,    2.5804,    0.0000,    0.0000,    0.0000,    2.5804,    0.0000,    2.4594,     1.4915,     0.0019
     1.083,    0.0000,    0.0000,    2.5792,    0.0000,    0.0000,    0.0000,    2.5792,    0.0000,    2.4582,     1.4962,     0.0018
     1.084,    0.0000,    0.0000,    2.5780,    0.0000,    0.0000,    0.0000,    2.5780,    0.0000,    2.4571,     1.5008,     0.0018
     1.085,    0.0000,    0.0000,    2.5775,    0.0000,    0.0000,    0.0000,    2.5775,    0.0000,    2.4566,     1.5058,     0.0018
     1.086,    0.0000,    0.0000,    2.5771,    0.0000,    0.0000,    0.0000,    2.5771,    0.0000,    2.4563,     1.5109,     0.0018
     1.087,    0.0000,    0.0000,    2.5761,    0.0000,    0.0000,    0.0000,    2.5761,    0.0000,    2.4553,     1.5156,     0.0017
     1.088,    0.0000,    0.0000,    2.5749,    0.0000,    0.0000,    0.0000,    2.5749,    0.0000,    2.4541,     1.5201,     0.0017
     1.089,    0.0000,    0.0000,    2.5740,    0.0000,    0.0000,    0.0000,    2.5740,    0.0000,    2.4533,     1.5248,     0.0017
     1.090,    0.0000,    0.0000,    2.5733,    0.0000,    0.0000,    0.0000,    2.5733,    0.0000,    2.4526,     1.5296,     0.0017
     1.091,    0.0000,    0.0000,    2.5726,    0.0000,    0.0000,    0.0000,    2.5726,    0.0000,    2.4520,     1.5343,     0.0016
     1.092,    0.0000,    0.0000,    2.5718,    0.0000,    0.0000,    0.0000,    2.5718,    0.0000,    2.4512,     1.5390,     0.0016
     1.093,    0.0000,    0.0000,    2.5708,    0.0000,    0.0000,    0.0000,    2.5708,    0.0000,    2.4503,     1.5436,     0.0016
     1.094,    0.0000,    0.0000,    2.5699,    0.0000,    0.0000,    0.0000,    2.5699,    0.0000,    2.4494,     1.5482,     0.0016
     1.095,    0.0000,    0.0000,    2.5693,    0.0000,    0.0000,    0.0000,    2.5693,    0.0000,    2.4488,     1.5528,     0.0016
     1.096,    0.0000,    0.0000,    2.5685,    0.0000,    0.0000,    0.0000,    2.5685,    0.0000,    2.4481,     1.5575,     0.0015
     1.097,    0.0000,    0.0000,    2.5677,    0.0000,    0.0000,    0.0000,    2.5677,    0.0000,    2.4473,     1.5620,     0.0015
     1.098,    0.0000,    0.0000,    2.5678,    0.0000,    0.0000,    0.0000,    2.5678,    0.0000,    2.4473,     1.5671,     0.0015
     1.099,    0.0000,    0.0000,    2.5696,    0.0000,    0.0000,    0.0000,    2.5696,    0.0000,    2.4491,     1.5732,     0.0015
     1.100,    0.0000,    0.0000,    2.5714,    0.0000,    0.0000,    0.0000,    2.5714,    0.0000,    2.4508,     1.5793,     0.0015
     1.101,    0.0000,    0.0000,    2.5713,    0.0000,    0.0000,    0.0000,    2.5713,    0.0000,    2.4507,     1.5842,     0.0014
     1.102,    0.0000,    0.0000,    2.5703,    0.0000,    0.0000,    0.0000,    2.5703,    0.0000,    2.4498,     1.5886,     0.0014
     1.103,    0.0000,    0.0000,    2.5699,    0.0000,    0.0000,    0.0000,    2.5699,    0.0000,    2.4494,     1.5932,     0.0014
     1.104,    0.0000,    0.0000,    2.5699,    0.0000,    0.0000,    0.0000,    2.5699,    0.0000,    2.4494,     1.5981,     0.0014
     1.105,    0.0000,    0.0000,    2.5699,    0.0000,    0.0000,    0.0000,    2.5699,    0.0000,    2.4494,     1.6030,     0.0014
     1.106,    0.0000,    0.0000,    2.5700,    0.0000,    0.0000,    0.0000,    2.5700,    0.0000,    2.4495,     1.6079,     0.0013
     1.107,    0.0000,    0.0000,    2.5701,    0.0000,    0.0000,    0.0000,    2.5701,    0.0000,    2.4496,     1.6128,     0.0013
     1.108,    0.0000,    0.0000,    2.5700,    0.0000,    0.0000,    0.0000,    2.5700,    0.0000,    2.4494,     1.6176,     0.0013
     1.109,    0.0000,    0.0000,    2.5693,    0.0000,    0.0000,    0.0000,    2.5693,    0.0000,    2.4488,     1.6219,     0.0013
     1.110,    0.0000,    0.0000,    2.5687,    0.0000,    0.0000,    0.0000,    2.5687,    0.0000,    2.4483,     1.6263,     0.0013
     1.111,    0.0000,    0.0000,    2.5690,    0.0000,    0.0000,    0.0000,    2.5690,    0.0000,    2.4485,     1.6313,     0.0012
     1.112,    0.0000,    0.0000,    2.5695,    0.0000,    0.0000,    0.0000,    2.5695,    0.0000,    2.4490,     1.6363,     0.0012
     1.113,    0.0000,    0.0000,    2.5695,    0.0001,    0.0000,    0.0000,    2.5695,    0.0000,    2.4490,     1.6410,     0.0012
     1.114,    0.0000,    0.0000,    2.5695,    0.0004,    0.0000,    0.0000,    2.5695,    0.0000,    2.4490,     1.6457,     0.0012
     1.115,    0.0000,    0.0000,    2.5701,    0.0017,    0.0000,    0.0000,    2.5701,    0.0000,    2.4496,     1.6508,     0.0012
