romanisim/data/roman-technical-information/data/WideFieldInstrument/Imaging/EffectiveAreas/Roman_effarea_v8_SCA06_20240301.ecsv
# %ECSV 1.0
# ---
# Effective area for Roman (m^2) - parameters as of 2024 03 01
# datatype:
# - {name: Wave, datatype: float32}
# - {name: F062, datatype: float32}
# - {name: F087, datatype: float32}
# - {name: F106, datatype: float32}
# - {name: F129, datatype: float32}
# - {name: F158, datatype: float32}
# - {name: F184, datatype: float32}
# - {name: F146, datatype: float32}
# - {name: F213, datatype: float32}
# - {name: Prism, datatype: float32}
# - {name: Grism_1stOrder, datatype: float32}
# - {name: Grism_0thOrder, datatype: float32}
# schema: astropy-2.0
Wave, F062, F087, F106, F129, F158, F184, F146, F213, Prism, Grism_1stOrder, Grism_0thOrder
[from data line 1075]
     1.475,    0.0000,    0.0000,    0.0000,    0.0000,    2.5929,    0.0000,    2.5929,    0.0000,    2.4549,     2.0718,     0.0003
     1.476,    0.0000,    0.0000,    0.0000,    0.0000,    2.5931,    0.0000,    2.5931,    0.0000,    2.4551,     2.0703,     0.0003
     1.477,    0.0000,    0.0000,    0.0000,    0.0000,    2.5934,    0.0000,    2.5934,    0.0000,    2.4553,     2.0689,     0.0003
     1.478,    0.0000,    0.0000,    0.0000,    0.0000,    2.5937,    0.0000,    2.5937,    0.0000,    2.4557,     2.0675,     0.0003
     1.479,    0.0000,    0.0000,    0.0000,    0.0000,    2.5941,    0.0000,    2.5941,    0.0000,    2.4560,     2.0661,     0.0003
     1.480,    0.0000,    0.0000,    0.0000,    0.0000,    2.5945,    0.0000,    2.5945,    0.0000,    2.4564,     2.0648,     0.0003
     1.481,    0.0000,    0.0000,    0.0000,    0.0000,    2.5951,    0.0000,    2.5951,    0.0000,    2.4570,     2.0636,     0.0003
     1.482,    0.0000,    0.0000,    0.0000,    0.0000,    2.5956,    0.0000,    2.5956,    0.0000,    2.4574,     2.0623,     0.0003
     1.483,    0.0000,    0.0000,    0.0000,    0.0000,    2.5957,    0.0000,    2.5957,    0.0000,    2.4576,     2.0607,     0.0003
     1.484,    0.0000,    0.0000,    0.0000,    0.0000,    2.5959,    0.0000,    2.5959,    0.0000,    2.4577,     2.0591,     0.0004
     1.485,    0.0000,    0.0000,    0.0000,    0.0000,    2.5962,    0.0000,    2.5962,    0.0000,    2.4581,     2.0577,     0.0004
     1.486,    0.0000,    0.0000,    0.0000,    0.0000,    2.5967,    0.0000,    2.5967,    0.0000,    2.4585,     2.0563,     0.0004
     1.487,    0.0000,    0.0000,    0.0000,    0.0000,    2.5970,    0.0000,    2.5970,    0.0000,    2.4588,     2.0548,     0.0004
     1.488,    0.0000,    0.0000,    0.0000,    0.0000,    2.5972,    0.0000,    2.5972,    0.0000,    2.4589,     2.0532,     0.0004
     1.489,    0.0000,    0.0000,    0.0000,    0.0000,    2.5973,    0.0000,    2.5973,    0.0000,    2.4590,     2.0516,     0.0004
     1.490,    0.0000,    0.0000,    0.0000,    0.0000,    2.5975,    0.0000,    2.5975,    0.0000,    2.4593,     2.0500,     0.0004
     1.491,    0.0000,    0.0000,    0.0000,    0.0000,    2.5980,    0.0000,    2.5980,    0.0000,    2.4598,     2.0487,     0.0004
     1.492,    0.0000,    0.0000,    0.0000,    0.0000,    2.5985,    0.0000,    2.5985,    0.0000,    2.4602,     2.0474,     0.0004
     1.493,    0.0000,    0.0000,    0.0000,    0.0000,    2.5988,    0.0000,    2.5988,    0.0000,    2.4605,     2.0458,     0.0004
     1.494,    0.0000,    0.0000,    0.0000,    0.0000,    2.5991,    0.0000,    2.5991,    0.0000,    2.4608,     2.0443,     0.0004
     1.495,    0.0000,    0.0000,    0.0000,    0.0000,    2.5998,    0.0000,    2.5998,    0.0000,    2.4614,     2.0431,     0.0005
     1.496,    0.0000,    0.0000,    0.0000,    0.0000,    2.6006,    0.0000,    2.6006,    0.0000,    2.4622,     2.0419,     0.0005
     1.497,    0.0000,    0.0000,    0.0000,    0.0000,    2.6010,    0.0000,    2.6010,    0.0000,    2.4626,     2.0405,     0.0005
     1.498,    0.0000,    0.0000,    0.0000,    0.0000,    2.6012,    0.0000,    2.6012,    0.0000,    2.4627,     2.0388,     0.0005
     1.499,    0.0000,    0.0000,    0.0000,    0.0000,    2.6012,    0.0000,    2.6012,    0.0000,    2.4628,     2.0370,     0.0005
     1.500,    0.0000,    0.0000,    0.0000,    0.0000,    2.6014,    0.0000,    2.6014,    0.0000,    2.4630,     2.0354,     0.0005
     1.501,    0.0000,    0.0000,    0.0000,    0.0000,    2.6020,    0.0000,    2.6020,    0.0000,    2.4635,     2.0340,     0.0005
     1.502,    0.0000,    0.0000,    0.0000,    0.0000,    2.6028,    0.0000,    2.6028,    0.0000,    2.4642,     2.0328,     0.0005
     1.503,    0.0000,    0.0000,    0.0000,    0.0000,    2.6035,    0.0000,    2.6035,    0.0000,    2.4649,     2.0315,     0.0006
     1.504,    0.0000,    0.0000,    0.0000,    0.0000,    2.6041,    0.0000,    2.6041,    0.0000,    2.4655,     2.0302,     0.0006
     1.505,    0.0000,    0.0000,    0.0000,    0.0000,    2.6048,    0.0000,    2.6048,    0.0000,    2.4661,     2.0289,     0.0006
     1.506,    0.0000,    0.0000,    0.0000,    0.0000,    2.6054,    0.0000,    2.6054,    0.0000,    2.4667,     2.0275,     0.0006
     1.507,    0.0000,    0.0000,    0.0000,    0.0000,    2.6060,    0.0000,    2.6060,    0.0000,    2.4673,     2.0262,     0.0006
     1.508,    0.0000,    0.0000,    0.0000,    0.0000,    2.6064,    0.0000,    2.6064,    0.0000,    2.4677,     2.0247,     0.0006
     1.509,    0.0000,    0.0000,    0.0000,    0.0000,    2.6065,    0.0000,    2.6065,    0.0000,    2.4678,     2.0229,     0.0006
     1.510,    0.0000,    0.0000,    0.0000,    0.0000,    2.6067,    0.0000,    2.6067,    0.0000,    2.4680,     2.0211,     0.0006
     1.511,    0.0000,    0.0000,    0.0000,    0.0000,    2.6075,    0.0000,    2.6075,    0.0000,    2.4687,     2.0199,     0.0007
     1.512,    0.0000,    0.0000,    0.0000,    0.0000,    2.6086,    0.0000,    2.6086,    0.0000,    2.4698,     2.0189,     0.0007
     1.513,    0.0000,    0.0000,    0.0000,    0.0000,    2.6096,    0.0000,    2.6096,    0.0000,    2.4707,     2.0177,     0.0007
     1.514,    0.0000,    0.0000,    0.0000,    0.0000,    2.6102,    0.0000,    2.6102,    0.0000,    2.4713,     2.0164,     0.0007
     1.515,    0.0000,    0.0000,    0.0000,    0.0000,    2.6105,    0.0000,    2.6105,    0.0000,    2.4716,     2.0147,     0.0007
     1.516,    0.0000,    0.0000,    0.0000,    0.0000,    2.6107,    0.0000,    2.6107,    0.0000,    2.4717,     2.0129,     0.0007
     1.517,    0.0000,    0.0000,    0.0000,    0.0000,    2.6109,    0.0000,    2.6109,    0.0000,    2.4720,     2.0112,     0.0008
     1.518,    0.0000,    0.0000,    0.0000,    0.0000,    2.6113,    0.0000,    2.6113,    0.0000,    2.4723,     2.0096,     0.0008
     1.519,    0.0000,    0.0000,    0.0000,    0.0000,    2.6117,    0.0000,    2.6117,    0.0000,    2.4727,     2.0080,     0.0008
     1.520,    0.0000,    0.0000,    0.0000,    0.0000,    2.6123,    0.0000,    2.6123,    0.0000,    2.4732,     2.0065,     0.0008
     1.521,    0.0000,    0.0000,    0.0000,    0.0000,    2.6129,    0.0000,    2.6129,    0.0000,    2.4738,     2.0051,     0.0008
     1.522,    0.0000,    0.0000,    0.0000,    0.0000,    2.6135,    0.0000,    2.6135,    0.0000,    2.4744,     2.0037,     0.0008
     1.523,    0.0000,    0.0000,    0.0000,    0.0000,    2.6141,    0.0000,    2.6141,    0.0000,    2.4750,     2.0022,     0.0009
     1.524,    0.0000,    0.0000,    0.0000,    0.0000,    2.6147,    0.0000,    2.6147,    0.0000,    2.4755,     2.0007,     0.0009
     1.525,    0.0000,    0.0000,    0.0000,    0.0000,    2.6154,    0.0000,    2.6154,    0.0000,    2.4762,     1.9993,     0.0009
     1.526,    0.0000,    0.0000,    0.0000,    0.0000,    2.6162,    0.0000,    2.6162,    0.0000,    2.4770,     1.9980,     0.0009
     1.527,    0.0000,    0.0000,    0.0000,    0.0000,    2.6170,    0.0000,    2.6170,    0.0000,    2.4777,     1.9966,     0.0009
     1.528,    0.0000,    0.0000,    0.0000,    0.0000,    2.6176,    0.0000,    2.6176,    0.0000,    2.4783,     1.9951,     0.0009
     1.529,    0.0000,    0.0000,    0.0000,    0.0000,    2.6180,    0.0000,    2.6180,    0.0000,    2.4786,     1.9934,     0.0010
     1.530,    0.0000,    0.0000,    0.0000,    0.0000,    2.6185,    0.0000,    2.6185,    0.0000,    2.4791,     1.9918,     0.0010
     1.531,    0.0000,    0.0000,    0.0000,    0.0000,    2.6195,    0.0000,    2.6195,    0.0000,    2.4800,     1.9906,     0.0010
     1.532,    0.0000,    0.0000,    0.0000,    0.0000,    2.6204,    0.0000,    2.6204,    0.0000,    2.4809,     1.9893,     0.0010
     1.533,    0.0000,    0.0000,    0.0000,    0.0000,    2.6207,    0.0000,    2.6207,    0.0000,    2.4812,     1.9876,     0.0010
     1.534,    0.0000,    0.0000,    0.0000,    0.0000,    2.6208,    0.0000,    2.6208,    0.0000,    2.4813,     1.9857,     0.0011
     1.535,    0.0000,    0.0000,    0.0000,    0.0000,    2.6211,    0.0000,    2.6211,    0.0000,    2.4816,     1.9840,     0.0011
     1.536,    0.0000,    0.0000,    0.0000,    0.0000,    2.6216,    0.0000,    2.6216,    0.0000,    2.4821,     1.9823,     0.0011
     1.537,    0.0000,    0.0000,    0.0000,    0.0000,    2.6220,    0.0000,    2.6220,    0.0000,    2.4825,     1.9807,     0.0011
     1.538,    0.0000,    0.0000,    0.0000,    0.0000,    2.6227,    0.0000,    2.6227,    0.0000,    2.4831,     1.9791,     0.0011
     1.539,    0.0000,    0.0000,    0.0000,    0.0000,    2.6236,    0.0000,    2.6236,    0.0000,    2.4840,     1.9779,     0.0012
     1.540,    0.0000,    0.0000,    0.0000,    0.0000,    2.6245,    0.0000,    2.6245,    0.0000,    2.4848,     1.9765,     0.0012
     1.541,    0.0000,    0.0000,    0.0000,    0.0000,    2.6248,    0.0000,    2.6248,    0.0000,    2.4851,     1.9747,     0.0012
     1.542,    0.0000,    0.0000,    0.0000,    0.0000,    2.6248,    0.0000,    2.6248,    0.0000,    2.4851,     1.9727,     0.0012
     1.543,    0.0000,    0.0000,    0.0000,    0.0000,    2.6248,    0.0000,    2.6248,    0.0000,    2.4851,     1.9707,     0.0012
     1.544,    0.0000,    0.0000,    0.0000,    0.0000,    2.6252,    0.0000,    2.6252,    0.0000,    2.4855,     1.9690,     0.0013
     1.545,    0.0000,    0.0000,    0.0000,    0.0000,    2.6263,    0.0000,    2.6263,    0.0000,    2.4865,     1.9677,     0.0013
     1.546,    0.0000,    0.0000,    0.0000,    0.0000,    2.6274,    0.0000,    2.6274,    0.0000,    2.4875,     1.9665,     0.0013
     1.547,    0.0000,    0.0000,    0.0000,    0.0000,    2.6279,    0.0000,    2.6279,    0.0000,    2.4881,     1.9649,     0.0013
     1.548,    0.0000,    0.0000,    0.0000,    0.0000,    2.6284,    0.0000,    2.6284,    0.0000,    2.4885,     1.9632,     0.0014
     1.549,    0.0000,    0.0000,    0.0000,    0.0000,    2.6290,    0.0000,    2.6290,    0.0000,    2.4891,     1.9616,     0.0014
     1.550,    0.0000,    0.0000,    0.0000,    0.0000,    2.6295,    0.0000,    2.6295,    0.0000,    2.4895,     1.9599,     0.0014
     1.551,    0.0000,    0.0000,    0.0000,    0.0000,    2.6295,    0.0000,    2.6295,    0.0000,    2.4896,     1.9579,     0.0014
     1.552,    0.0000,    0.0000,    0.0000,    0.0000,    2.6296,    0.0000,    2.6296,    0.0000,    2.4897,     1.9559,     0.0015
     1.553,    0.0000,    0.0000,    0.0000,    0.0000,    2.6301,    0.0000,    2.6301,    0.0000,    2.4901,     1.9542,     0.0015
     1.554,    0.0000,    0.0000,    0.0000,    0.0000,    2.6308,    0.0000,    2.6308,    0.0000,    2.4907,     1.9526,     0.0015
     1.555,    0.0000,    0.0000,    0.0000,    0.0000,    2.6312,    0.0000,    2.6312,    0.0000,    2.4912,     1.9509,     0.0015
     1.556,    0.0000,    0.0000,    0.0000,    0.0000,    2.6313,    0.0000,    2.6313,    0.0000,    2.4913,     1.9489,     0.0016
     1.557,    0.0000,    0.0000,    0.0000,    0.0000,    2.6312,    0.0000,    2.6312,    0.0000,    2.4912,     1.9467,     0.0016
     1.558,    0.0000,    0.0000,    0.0000,    0.0000,    2.6313,    0.0000,    2.6313,    0.0000,    2.4913,     1.9448,     0.0016
     1.559,    0.0000,    0.0000,    0.0000,    0.0000,    2.6321,    0.0000,    2.6321,    0.0000,    2.4920,     1.9432,     0.0016
     1.560,    0.0000,    0.0000,    0.0000,    0.0000,    2.6328,    0.0000,    2.6328,    0.0000,    2.4927,     1.9417,     0.0017
     1.561,    0.0000,    0.0000,    0.0000,    0.0000,    2.6328,    0.0000,    2.6328,    0.0000,    2.4927,     1.9396,     0.0017
     1.562,    0.0000,    0.0000,    0.0000,    0.0000,    2.6329,    0.0000,    2.6329,    0.0000,    2.4928,     1.9375,     0.0017
     1.563,    0.0000,    0.0000,    0.0000,    0.0000,    2.6338,    0.0000,    2.6338,    0.0000,    2.4936,     1.9361,     0.0018
     1.564,    0.0000,    0.0000,    0.0000,    0.0000,    2.6348,    0.0000,    2.6348,    0.0000,    2.4946,     1.9348,     0.0018
     1.565,    0.0000,    0.0000,    0.0000,    0.0000,    2.6351,    0.0000,    2.6351,    0.0000,    2.4949,     1.9329,     0.0018
     1.566,    0.0000,    0.0000,    0.0000,    0.0000,    2.6350,    0.0000,    2.6350,    0.0000,    2.4948,     1.9307,     0.0018
     1.567,    0.0000,    0.0000,    0.0000,    0.0000,    2.6352,    0.0000,    2.6352,    0.0000,    2.4949,     1.9287,     0.0019
     1.568,    0.0000,    0.0000,    0.0000,    0.0000,    2.6357,    0.0000,    2.6357,    0.0000,    2.4955,     1.9270,     0.0019
     1.569,    0.0000,    0.0000,    0.0000,    0.0000,    2.6367,    0.0000,    2.6367,    0.0000,    2.4964,     1.9256,     0.0019
     1.570,    0.0000,    0.0000,    0.0000,    0.0000,    2.6373,    0.0000,    2.6373,    0.0000,    2.4969,     1.9239,     0.0020
     1.571,    0.0000,    0.0000,    0.0000,    0.0000,    2.6369,    0.0000,    2.6369,    0.0000,    2.4966,     1.9215,     0.0020
     1.572,    0.0000,    0.0000,    0.0000,    0.0000,    2.6366,    0.0000,    2.6366,    0.0000,    2.4963,     1.9192,     0.0020
     1.573,    0.0000,    0.0000,    0.0000,    0.0000,    2.6373,    0.0000,    2.6373,    0.0000,    2.4970,     1.9176,     0.0021
     1.574,    0.0000,    0.0000,    0.0000,    0.0000,    2.6384,    0.0000,    2.6384,    0.0000,    2.4980,     1.9162,     0.0021
     1.575,    0.0000,    0.0000,    0.0000,    0.0000,    2.6390,    0.0000,    2.6390,    0.0000,    2.4986,     1.9145,     0.0021
     1.576,    0.0000,    0.0000,    0.0000,    0.0000,    2.6391,    0.0000,    2.6391,    0.0000,    2.4987,     1.9125,     0.0022
     1.577,    0.0000,    0.0000,    0.0000,    0.0000,    2.6390,    0.0000,    2.6390,    0.0000,    2.4985,     1.9102,     0.0022
     1.578,    0.0000,    0.0000,    0.0000,    0.0000,    2.6389,    0.0000,    2.6389,    0.0000,    2.4985,     1.9080,     0.0022
     1.579,    0.0000,    0.0000,    0.0000,    0.0000,    2.6392,    0.0000,    2.6392,    0.0000,    2.4987,     1.9061,     0.0023
     1.580,    0.0000,    0.0000,    0.0000,    0.0000,    2.6396,    0.0000,    2.6396,    0.0000,    2.4991,     1.9042,     0.0023
     1.581,    0.0000,    0.0000,    0.0000,    0.0000,    2.6398,    0.0000,    2.6398,    0.0000,    2.4993,     1.9022,     0.0023
     1.582,    0.0000,    0.0000,    0.0000,    0.0000,    2.6401,    0.0000,    2.6401,    0.0000,    2.4996,     1.9002,     0.0024
     1.583,    0.0000,    0.0000,    0.0000,    0.0000,    2.6407,    0.0000,    2.6407,    0.0000,    2.5002,     1.8986,     0.0024
     1.584,    0.0000,    0.0000,    0.0000,    0.0000,    2.6413,    0.0000,    2.6413,    0.0000,    2.5007,     1.8968,     0.0024
     1.585,    0.0000,    0.0000,    0.0000,    0.0000,    2.6413,    0.0000,    2.6413,    0.0000,    2.5007,     1.8947,     0.0025
     1.586,    0.0000,    0.0000,    0.0000,    0.0000,    2.6414,    0.0000,    2.6414,    0.0000,    2.5009,     1.8926,     0.0025
     1.587,    0.0000,    0.0000,    0.0000,    0.0000,    2.6422,    0.0000,    2.6422,    0.0000,    2.5016,     1.8910,     0.0026
     1.588,    0.0000,    0.0000,    0.0000,    0.0000,    2.6431,    0.0000,    2.6431,    0.0000,    2.5024,     1.8895,     0.0026
     1.589,    0.0000,    0.0000,    0.0000,    0.0000,    2.6437,    0.0000,    2.6437,    0.0000,    2.5030,     1.8877,     0.0026
     1.590,    0.0000,    0.0000,    0.0000,    0.0000,    2.6439,    0.0000,    2.6439,    0.0000,    2.5032,     1.8857,     0.0027
     1.591,    0.0000,    0.0000,    0.0000,    0.0000,    2.6440,    0.0000,    2.6440,    0.0000,    2.5033,     1.8836,     0.0027
     1.592,    0.0000,    0.0000,    0.0000,    0.0000,    2.6444,    0.0000,    2.6444,    0.0000,    2.5037,     1.8817,     0.0027
     1.593,    0.0000,    0.0000,    0.0000,    0.0000,    2.6453,    0.0000,    2.6453,    0.0000,    2.5045,     1.8801,     0.0028
