romanisim/data/roman-technical-information/data/WideFieldInstrument/Imaging/EffectiveAreas/Roman_effarea_v8_SCA18_20240301.ecsv
# %ECSV 1.0
# ---
# Effective area for Roman (m^2) - parameters as of 2024 03 01
# datatype:
# - {name: Wave, datatype: float32}
# - {name: F062, datatype: float32}
# - {name: F087, datatype: float32}
# - {name: F106, datatype: float32}
# - {name: F129, datatype: float32}
# - {name: F158, datatype: float32}
# - {name: F184, datatype: float32}
# - {name: F146, datatype: float32}
# - {name: F213, datatype: float32}
# - {name: Prism, datatype: float32}
# - {name: Grism_1stOrder, datatype: float32}
# - {name: Grism_0thOrder, datatype: float32}
# schema: astropy-2.0
Wave, F062, F087, F106, F129, F158, F184, F146, F213, Prism, Grism_1stOrder, Grism_0thOrder
[from data line 956]
     1.356,    0.0000,    0.0000,    0.0000,    2.7619,    0.0000,    0.0000,    2.7619,    0.0000,    2.6405,     2.2803,     0.0000
     1.357,    0.0000,    0.0000,    0.0000,    2.7613,    0.0000,    0.0000,    2.7613,    0.0000,    2.6398,     2.2793,     0.0000
     1.358,    0.0000,    0.0000,    0.0000,    2.7607,    0.0000,    0.0000,    2.7607,    0.0000,    2.6393,     2.2784,     0.0000
     1.359,    0.0000,    0.0000,    0.0000,    2.7610,    0.0000,    0.0000,    2.7610,    0.0000,    2.6395,     2.2782,     0.0000
     1.360,    0.0000,    0.0000,    0.0000,    2.7613,    0.0000,    0.0000,    2.7613,    0.0000,    2.6398,     2.2780,     0.0000
     1.361,    0.0000,    0.0000,    0.0000,    2.7608,    0.0000,    0.0000,    2.7608,    0.0000,    2.6394,     2.2771,     0.0000
     1.362,    0.0000,    0.0000,    0.0000,    2.7599,    0.0000,    0.0000,    2.7599,    0.0000,    2.6386,     2.2760,     0.0000
     1.363,    0.0000,    0.0000,    0.0000,    2.7592,    0.0000,    0.0000,    2.7592,    0.0000,    2.6379,     2.2749,     0.0000
     1.364,    0.0000,    0.0000,    0.0000,    2.7587,    0.0000,    0.0000,    2.7587,    0.0000,    2.6374,     2.2739,     0.0000
     1.365,    0.0000,    0.0000,    0.0000,    2.7582,    0.0000,    0.0000,    2.7582,    0.0000,    2.6370,     2.2731,     0.0000
     1.366,    0.0000,    0.0000,    0.0000,    2.7581,    0.0001,    0.0000,    2.7581,    0.0000,    2.6368,     2.2724,     0.0000
     1.367,    0.0000,    0.0000,    0.0000,    2.7583,    0.0004,    0.0000,    2.7583,    0.0000,    2.6370,     2.2720,     0.0000
     1.368,    0.0000,    0.0000,    0.0000,    2.7586,    0.0013,    0.0000,    2.7586,    0.0000,    2.6373,     2.2717,     0.0000
     1.369,    0.0000,    0.0000,    0.0000,    2.7584,    0.0036,    0.0000,    2.7584,    0.0000,    2.6371,     2.2709,     0.0000
     1.370,    0.0000,    0.0000,    0.0000,    2.7579,    0.0090,    0.0000,    2.7579,    0.0000,    2.6366,     2.2699,     0.0000
     1.371,    0.0000,    0.0000,    0.0000,    2.7573,    0.0212,    0.0000,    2.7573,    0.0000,    2.6360,     2.2688,     0.0000
     1.372,    0.0000,    0.0000,    0.0000,    2.7568,    0.0459,    0.0000,    2.7568,    0.0000,    2.6355,     2.2678,     0.0000
     1.373,    0.0000,    0.0000,    0.0000,    2.7564,    0.0920,    0.0000,    2.7564,    0.0000,    2.6351,     2.2668,     0.0000
     1.374,    0.0000,    0.0000,    0.0000,    2.7561,    0.1709,    0.0000,    2.7561,    0.0000,    2.6349,     2.2660,     0.0000
     1.375,    0.0000,    0.0000,    0.0000,    2.7560,    0.2948,    0.0000,    2.7560,    0.0000,    2.6348,     2.2652,     0.0000
     1.376,    0.0000,    0.0000,    0.0000,    2.7559,    0.4731,    0.0000,    2.7559,    0.0000,    2.6347,     2.2644,     0.0000
     1.377,    0.0000,    0.0000,    0.0000,    2.7557,    0.7084,    0.0000,    2.7557,    0.0000,    2.6345,     2.2636,     0.0000
     1.378,    0.0000,    0.0000,    0.0000,    2.7552,    0.9931,    0.0000,    2.7552,    0.0000,    2.6340,     2.2625,     0.0000
     1.379,    0.0000,    0.0000,    0.0000,    2.7544,    1.3091,    0.0000,    2.7544,    0.0000,    2.6333,     2.2611,     0.0000
     1.380,    0.0000,    0.0000,    0.0000,    2.7536,    1.6307,    0.0000,    2.7536,    0.0000,    2.6325,     2.2597,     0.0000
     1.381,    0.0000,    0.0000,    0.0000,    2.7531,    1.9311,    0.0000,    2.7531,    0.0000,    2.6320,     2.2586,     0.0000
     1.382,    0.0000,    0.0000,    0.0000,    2.7527,    2.1882,    0.0000,    2.7527,    0.0000,    2.6316,     2.2575,     0.0000
     1.383,    0.0000,    0.0000,    0.0000,    2.7520,    2.3899,    0.0000,    2.7520,    0.0000,    2.6310,     2.2562,     0.0000
     1.384,    0.0000,    0.0000,    0.0000,    2.7510,    2.5346,    0.0000,    2.7510,    0.0000,    2.6301,     2.2546,     0.0000
     1.385,    0.0000,    0.0000,    0.0000,    2.7497,    2.6296,    0.0000,    2.7497,    0.0000,    2.6288,     2.2527,     0.0000
     1.386,    0.0000,    0.0000,    0.0000,    2.7487,    2.6868,    0.0000,    2.7487,    0.0000,    2.6278,     2.2510,     0.0000
     1.387,    0.0000,    0.0000,    0.0000,    2.7483,    2.7188,    0.0000,    2.7483,    0.0000,    2.6275,     2.2499,     0.0000
     1.388,    0.0000,    0.0000,    0.0000,    2.7481,    2.7351,    0.0000,    2.7481,    0.0000,    2.6272,     2.2489,     0.0000
     1.389,    0.0000,    0.0000,    0.0000,    2.7474,    2.7421,    0.0000,    2.7474,    0.0000,    2.6266,     2.2475,     0.0000
     1.390,    0.0000,    0.0000,    0.0000,    2.7471,    2.7451,    0.0000,    2.7471,    0.0000,    2.6262,     2.2464,     0.0000
     1.391,    0.0000,    0.0000,    0.0000,    2.7476,    2.7470,    0.0000,    2.7476,    0.0000,    2.6268,     2.2460,     0.0000
     1.392,    0.0000,    0.0000,    0.0000,    2.7481,    2.7479,    0.0000,    2.7481,    0.0000,    2.6272,     2.2455,     0.0000
     1.393,    0.0000,    0.0000,    0.0000,    2.7473,    2.7473,    0.0000,    2.7473,    0.0000,    2.6265,     2.2439,     0.0000
     1.394,    0.0000,    0.0000,    0.0000,    2.7460,    2.7460,    0.0000,    2.7460,    0.0000,    2.6253,     2.2420,     0.0000
     1.395,    0.0000,    0.0000,    0.0000,    2.7451,    2.7451,    0.0000,    2.7451,    0.0000,    2.6244,     2.2403,     0.0000
     1.396,    0.0000,    0.0000,    0.0000,    2.7448,    2.7448,    0.0000,    2.7448,    0.0000,    2.6241,     2.2391,     0.0000
     1.397,    0.0000,    0.0000,    0.0000,    2.7449,    2.7449,    0.0000,    2.7449,    0.0000,    2.6242,     2.2382,     0.0000
     1.398,    0.0000,    0.0000,    0.0000,    2.7447,    2.7447,    0.0000,    2.7447,    0.0000,    2.6240,     2.2371,     0.0000
     1.399,    0.0000,    0.0000,    0.0000,    2.7435,    2.7435,    0.0000,    2.7435,    0.0000,    2.6228,     2.2352,     0.0000
     1.400,    0.0000,    0.0000,    0.0000,    2.7420,    2.7420,    0.0000,    2.7420,    0.0000,    2.6214,     2.2330,     0.0000
     1.401,    0.0000,    0.0000,    0.0000,    2.7409,    2.7409,    0.0000,    2.7409,    0.0000,    2.6204,     2.2311,     0.0000
     1.402,    0.0000,    0.0000,    0.0000,    2.7403,    2.7403,    0.0000,    2.7403,    0.0000,    2.6198,     2.2296,     0.0000
     1.403,    0.0000,    0.0000,    0.0000,    2.7400,    2.7400,    0.0000,    2.7400,    0.0000,    2.6195,     2.2284,     0.0000
     1.404,    0.0000,    0.0000,    0.0000,    2.7397,    2.7397,    0.0000,    2.7397,    0.0000,    2.6192,     2.2271,     0.0000
     1.405,    0.0000,    0.0000,    0.0000,    2.7389,    2.7389,    0.0000,    2.7389,    0.0000,    2.6184,     2.2254,     0.0000
     1.406,    0.0000,    0.0000,    0.0000,    2.7377,    2.7377,    0.0000,    2.7377,    0.0000,    2.6173,     2.2234,     0.0000
     1.407,    0.0000,    0.0000,    0.0000,    2.7364,    2.7364,    0.0000,    2.7364,    0.0000,    2.6160,     2.2212,     0.0000
     1.408,    0.0000,    0.0000,    0.0000,    2.7351,    2.7351,    0.0000,    2.7351,    0.0000,    2.6148,     2.2192,     0.0000
     1.409,    0.0000,    0.0000,    0.0000,    2.7340,    2.7340,    0.0000,    2.7340,    0.0000,    2.6138,     2.2172,     0.0000
     1.410,    0.0000,    0.0000,    0.0000,    2.7326,    2.7326,    0.0000,    2.7326,    0.0000,    2.6124,     2.2149,     0.0000
     1.411,    0.0000,    0.0000,    0.0000,    2.7306,    2.7306,    0.0000,    2.7306,    0.0000,    2.6105,     2.2122,     0.0000
     1.412,    0.0000,    0.0000,    0.0000,    2.7289,    2.7289,    0.0000,    2.7289,    0.0000,    2.6089,     2.2097,     0.0000
     1.413,    0.0000,    0.0000,    0.0000,    2.7282,    2.7282,    0.0000,    2.7282,    0.0000,    2.6082,     2.2081,     0.0000
     1.414,    0.0000,    0.0000,    0.0000,    2.7277,    2.7277,    0.0000,    2.7277,    0.0000,    2.6078,     2.2065,     0.0000
     1.415,    0.0000,    0.0000,    0.0000,    2.7265,    2.7265,    0.0000,    2.7265,    0.0000,    2.6066,     2.2044,     0.0000
     1.416,    0.0000,    0.0000,    0.0000,    2.7249,    2.7249,    0.0000,    2.7249,    0.0000,    2.6051,     2.2020,     0.0000
     1.417,    0.0000,    0.0000,    0.0000,    2.7236,    2.7236,    0.0000,    2.7236,    0.0000,    2.6038,     2.1997,     0.0000
     1.418,    0.0000,    0.0000,    0.0000,    2.7227,    2.7227,    0.0000,    2.7227,    0.0000,    2.6030,     2.1978,     0.0000
     1.419,    0.0000,    0.0000,    0.0000,    2.7223,    2.7223,    0.0000,    2.7223,    0.0000,    2.6026,     2.1963,     0.0000
     1.420,    0.0000,    0.0000,    0.0000,    2.7220,    2.7220,    0.0000,    2.7220,    0.0000,    2.6023,     2.1949,     0.0000
     1.421,    0.0000,    0.0000,    0.0000,    2.7214,    2.7214,    0.0000,    2.7214,    0.0000,    2.6017,     2.1932,     0.0000
     1.422,    0.0000,    0.0000,    0.0000,    2.7213,    2.7213,    0.0000,    2.7213,    0.0000,    2.6016,     2.1919,     0.0000
     1.423,    0.0000,    0.0000,    0.0000,    2.7223,    2.7223,    0.0000,    2.7223,    0.0000,    2.6026,     2.1915,     0.0000
     1.424,    0.0000,    0.0000,    0.0000,    2.7237,    2.7237,    0.0000,    2.7237,    0.0000,    2.6039,     2.1914,     0.0000
     1.425,    0.0000,    0.0000,    0.0000,    2.7246,    2.7246,    0.0000,    2.7246,    0.0000,    2.6048,     2.1909,     0.0001
     1.426,    0.0000,    0.0000,    0.0000,    2.7247,    2.7247,    0.0000,    2.7247,    0.0000,    2.6049,     2.1897,     0.0001
     1.427,    0.0000,    0.0000,    0.0000,    2.7241,    2.7241,    0.0000,    2.7241,    0.0000,    2.6043,     2.1880,     0.0001
     1.428,    0.0000,    0.0000,    0.0000,    2.7234,    2.7234,    0.0000,    2.7234,    0.0000,    2.6037,     2.1861,     0.0001
     1.429,    0.0000,    0.0000,    0.0000,    2.7233,    2.7233,    0.0000,    2.7233,    0.0000,    2.6035,     2.1847,     0.0001
     1.430,    0.0000,    0.0000,    0.0000,    2.7233,    2.7233,    0.0000,    2.7233,    0.0000,    2.6035,     2.1834,     0.0001
     1.431,    0.0000,    0.0000,    0.0000,    2.7230,    2.7230,    0.0000,    2.7230,    0.0000,    2.6033,     2.1819,     0.0001
     1.432,    0.0000,    0.0000,    0.0000,    2.7226,    2.7226,    0.0000,    2.7226,    0.0000,    2.6029,     2.1803,     0.0001
     1.433,    0.0000,    0.0000,    0.0000,    2.7223,    2.7223,    0.0000,    2.7223,    0.0000,    2.6026,     2.1787,     0.0001
     1.434,    0.0000,    0.0000,    0.0000,    2.7220,    2.7220,    0.0000,    2.7220,    0.0000,    2.6023,     2.1771,     0.0001
     1.435,    0.0000,    0.0000,    0.0000,    2.7219,    2.7219,    0.0000,    2.7219,    0.0000,    2.6022,     2.1757,     0.0001
     1.436,    0.0000,    0.0000,    0.0000,    2.7217,    2.7217,    0.0000,    2.7217,    0.0000,    2.6020,     2.1742,     0.0001
     1.437,    0.0000,    0.0000,    0.0000,    2.7212,    2.7215,    0.0000,    2.7215,    0.0000,    2.6018,     2.1726,     0.0001
     1.438,    0.0000,    0.0000,    0.0000,    2.7199,    2.7209,    0.0000,    2.7209,    0.0000,    2.6013,     2.1709,     0.0001
     1.439,    0.0000,    0.0000,    0.0000,    2.7165,    2.7202,    0.0000,    2.7202,    0.0000,    2.6006,     2.1689,     0.0001
     1.440,    0.0000,    0.0000,    0.0000,    2.7078,    2.7197,    0.0000,    2.7197,    0.0000,    2.6001,     2.1671,     0.0001
     1.441,    0.0000,    0.0000,    0.0000,    2.6863,    2.7197,    0.0000,    2.7197,    0.0000,    2.6001,     2.1657,     0.0001
     1.442,    0.0000,    0.0000,    0.0000,    2.6369,    2.7199,    0.0000,    2.7199,    0.0000,    2.6003,     2.1645,     0.0001
     1.443,    0.0000,    0.0000,    0.0000,    2.5376,    2.7198,    0.0000,    2.7198,    0.0000,    2.6002,     2.1630,     0.0001
     1.444,    0.0000,    0.0000,    0.0000,    2.3644,    2.7193,    0.0000,    2.7193,    0.0000,    2.5997,     2.1612,     0.0001
     1.445,    0.0000,    0.0000,    0.0000,    2.1019,    2.7186,    0.0000,    2.7186,    0.0000,    2.5991,     2.1592,     0.0001
     1.446,    0.0000,    0.0000,    0.0000,    1.7559,    2.7179,    0.0000,    2.7179,    0.0000,    2.5984,     2.1572,     0.0001
     1.447,    0.0000,    0.0000,    0.0000,    1.3588,    2.7176,    0.0000,    2.7176,    0.0000,    2.5981,     2.1554,     0.0001
     1.448,    0.0000,    0.0000,    0.0000,    0.9619,    2.7175,    0.0000,    2.7175,    0.0000,    2.5980,     2.1539,     0.0001
     1.449,    0.0000,    0.0000,    0.0000,    0.6165,    2.7175,    0.0000,    2.7175,    0.0000,    2.5980,     2.1525,     0.0001
     1.450,    0.0000,    0.0000,    0.0000,    0.3547,    2.7177,    0.0000,    2.7177,    0.0000,    2.5982,     2.1512,     0.0001
     1.451,    0.0000,    0.0000,    0.0000,    0.1821,    2.7179,    0.0000,    2.7179,    0.0000,    2.5984,     2.1498,     0.0001
     1.452,    0.0000,    0.0000,    0.0000,    0.0829,    2.7178,    0.0000,    2.7178,    0.0000,    2.5983,     2.1483,     0.0001
     1.453,    0.0000,    0.0000,    0.0000,    0.0334,    2.7173,    0.0000,    2.7173,    0.0000,    2.5978,     2.1463,     0.0001
     1.454,    0.0000,    0.0000,    0.0000,    0.0119,    2.7167,    0.0000,    2.7167,    0.0000,    2.5973,     2.1444,     0.0002
     1.455,    0.0000,    0.0000,    0.0000,    0.0037,    2.7167,    0.0000,    2.7167,    0.0000,    2.5972,     2.1429,     0.0002
     1.456,    0.0000,    0.0000,    0.0000,    0.0010,    2.7168,    0.0000,    2.7168,    0.0000,    2.5973,     2.1414,     0.0002
     1.457,    0.0000,    0.0000,    0.0000,    0.0002,    2.7167,    0.0000,    2.7167,    0.0000,    2.5972,     2.1398,     0.0002
     1.458,    0.0000,    0.0000,    0.0000,    0.0001,    2.7166,    0.0000,    2.7166,    0.0000,    2.5971,     2.1381,     0.0002
     1.459,    0.0000,    0.0000,    0.0000,    0.0000,    2.7168,    0.0000,    2.7168,    0.0000,    2.5973,     2.1368,     0.0002
     1.460,    0.0000,    0.0000,    0.0000,    0.0000,    2.7171,    0.0000,    2.7171,    0.0000,    2.5976,     2.1354,     0.0002
     1.461,    0.0000,    0.0000,    0.0000,    0.0000,    2.7169,    0.0000,    2.7169,    0.0000,    2.5974,     2.1337,     0.0002
     1.462,    0.0000,    0.0000,    0.0000,    0.0000,    2.7166,    0.0000,    2.7166,    0.0000,    2.5972,     2.1320,     0.0002
     1.463,    0.0000,    0.0000,    0.0000,    0.0000,    2.7167,    0.0000,    2.7167,    0.0000,    2.5972,     2.1304,     0.0002
     1.464,    0.0000,    0.0000,    0.0000,    0.0000,    2.7167,    0.0000,    2.7167,    0.0000,    2.5972,     2.1288,     0.0002
     1.465,    0.0000,    0.0000,    0.0000,    0.0000,    2.7164,    0.0000,    2.7164,    0.0000,    2.5969,     2.1270,     0.0002
     1.466,    0.0000,    0.0000,    0.0000,    0.0000,    2.7161,    0.0000,    2.7161,    0.0000,    2.5967,     2.1252,     0.0002
     1.467,    0.0000,    0.0000,    0.0000,    0.0000,    2.7164,    0.0000,    2.7164,    0.0000,    2.5969,     2.1238,     0.0002
     1.468,    0.0000,    0.0000,    0.0000,    0.0000,    2.7169,    0.0000,    2.7169,    0.0000,    2.5974,     2.1225,     0.0002
     1.469,    0.0000,    0.0000,    0.0000,    0.0000,    2.7172,    0.0000,    2.7172,    0.0000,    2.5977,     2.1212,     0.0002
     1.470,    0.0000,    0.0000,    0.0000,    0.0000,    2.7172,    0.0000,    2.7172,    0.0000,    2.5977,     2.1196,     0.0002
     1.471,    0.0000,    0.0000,    0.0000,    0.0000,    2.7168,    0.0000,    2.7168,    0.0000,    2.5973,     2.1176,     0.0003
     1.472,    0.0000,    0.0000,    0.0000,    0.0000,    2.7165,    0.0000,    2.7165,    0.0000,    2.5971,     2.1157,     0.0003
     1.473,    0.0000,    0.0000,    0.0000,    0.0000,    2.7170,    0.0000,    2.7170,    0.0000,    2.5975,     2.1144,     0.0003
