romanisim/data/roman-technical-information/data/WideFieldInstrument/Imaging/EffectiveAreas/Roman_effarea_v8_SCA18_20240301.ecsv
# %ECSV 1.0
# ---
# Effective area for Roman (m^2) - parameters as of 2024 03 01
# datatype:
# - {name: Wave, datatype: float32}
# - {name: F062, datatype: float32}
# - {name: F087, datatype: float32}
# - {name: F106, datatype: float32}
# - {name: F129, datatype: float32}
# - {name: F158, datatype: float32}
# - {name: F184, datatype: float32}
# - {name: F146, datatype: float32}
# - {name: F213, datatype: float32}
# - {name: Prism, datatype: float32}
# - {name: Grism_1stOrder, datatype: float32}
# - {name: Grism_0thOrder, datatype: float32}
# schema: astropy-2.0
Wave, F062, F087, F106, F129, F158, F184, F146, F213, Prism, Grism_1stOrder, Grism_0thOrder
[from data line 1314]
     1.714,    0.0000,    0.0000,    0.0000,    0.0000,    2.8136,    2.5101,    2.8136,    0.0000,    2.6898,     1.6650,     0.0114
     1.715,    0.0000,    0.0000,    0.0000,    0.0000,    2.8139,    2.5104,    2.8139,    0.0000,    2.6901,     1.6629,     0.0115
     1.716,    0.0000,    0.0000,    0.0000,    0.0000,    2.8146,    2.5111,    2.8146,    0.0000,    2.6908,     1.6611,     0.0116
     1.717,    0.0000,    0.0000,    0.0000,    0.0000,    2.8165,    2.5127,    2.8165,    0.0000,    2.6926,     1.6598,     0.0117
     1.718,    0.0000,    0.0000,    0.0000,    0.0000,    2.8183,    2.5143,    2.8183,    0.0000,    2.6943,     1.6586,     0.0118
     1.719,    0.0000,    0.0000,    0.0000,    0.0000,    2.8189,    2.5148,    2.8189,    0.0000,    2.6949,     1.6566,     0.0119
     1.720,    0.0000,    0.0000,    0.0000,    0.0000,    2.8191,    2.5150,    2.8191,    0.0000,    2.6951,     1.6545,     0.0120
     1.721,    0.0000,    0.0000,    0.0000,    0.0000,    2.8199,    2.5158,    2.8199,    0.0000,    2.6959,     1.6526,     0.0121
     1.722,    0.0000,    0.0000,    0.0000,    0.0000,    2.8209,    2.5167,    2.8209,    0.0000,    2.6968,     1.6509,     0.0122
     1.723,    0.0000,    0.0000,    0.0000,    0.0000,    2.8216,    2.5173,    2.8216,    0.0000,    2.6976,     1.6491,     0.0124
     1.724,    0.0000,    0.0000,    0.0000,    0.0000,    2.8224,    2.5180,    2.8224,    0.0000,    2.6983,     1.6472,     0.0125
     1.725,    0.0000,    0.0000,    0.0000,    0.0000,    2.8236,    2.5191,    2.8236,    0.0000,    2.6994,     1.6456,     0.0126
     1.726,    0.0000,    0.0000,    0.0000,    0.0000,    2.8247,    2.5200,    2.8247,    0.0000,    2.7005,     1.6439,     0.0127
     1.727,    0.0000,    0.0000,    0.0000,    0.0000,    2.8252,    2.5205,    2.8252,    0.0000,    2.7010,     1.6419,     0.0128
     1.728,    0.0000,    0.0000,    0.0000,    0.0000,    2.8256,    2.5209,    2.8256,    0.0000,    2.7014,     1.6399,     0.0129
     1.729,    0.0000,    0.0000,    0.0000,    0.0000,    2.8263,    2.5215,    2.8263,    0.0000,    2.7020,     1.6380,     0.0130
     1.730,    0.0000,    0.0000,    0.0000,    0.0000,    2.8273,    2.5224,    2.8273,    0.0000,    2.7029,     1.6362,     0.0132
     1.731,    0.0000,    0.0000,    0.0000,    0.0000,    2.8284,    2.5233,    2.8284,    0.0000,    2.7040,     1.6345,     0.0133
     1.732,    0.0000,    0.0000,    0.0000,    0.0000,    2.8295,    2.5243,    2.8295,    0.0000,    2.7050,     1.6329,     0.0134
     1.733,    0.0000,    0.0000,    0.0000,    0.0000,    2.8304,    2.5251,    2.8304,    0.0000,    2.7059,     1.6311,     0.0135
     1.734,    0.0000,    0.0000,    0.0000,    0.0000,    2.8313,    2.5260,    2.8313,    0.0000,    2.7068,     1.6293,     0.0136
     1.735,    0.0000,    0.0000,    0.0000,    0.0000,    2.8323,    2.5269,    2.8323,    0.0000,    2.7078,     1.6276,     0.0138
     1.736,    0.0000,    0.0000,    0.0000,    0.0000,    2.8333,    2.5277,    2.8333,    0.0000,    2.7087,     1.6259,     0.0139
     1.737,    0.0000,    0.0000,    0.0000,    0.0000,    2.8339,    2.5282,    2.8339,    0.0000,    2.7092,     1.6239,     0.0140
     1.738,    0.0000,    0.0000,    0.0000,    0.0000,    2.8340,    2.5284,    2.8340,    0.0000,    2.7094,     1.6217,     0.0141
     1.739,    0.0000,    0.0000,    0.0000,    0.0000,    2.8339,    2.5283,    2.8339,    0.0000,    2.7093,     1.6194,     0.0142
     1.740,    0.0000,    0.0000,    0.0000,    0.0000,    2.8343,    2.5286,    2.8343,    0.0000,    2.7097,     1.6173,     0.0144
     1.741,    0.0000,    0.0000,    0.0000,    0.0000,    2.8357,    2.5299,    2.8357,    0.0000,    2.7110,     1.6158,     0.0145
     1.742,    0.0000,    0.0000,    0.0000,    0.0000,    2.8372,    2.5312,    2.8372,    0.0000,    2.7125,     1.6143,     0.0146
     1.743,    0.0000,    0.0000,    0.0000,    0.0000,    2.8381,    2.5320,    2.8381,    0.0000,    2.7133,     1.6125,     0.0148
     1.744,    0.0000,    0.0000,    0.0000,    0.0000,    2.8386,    2.5325,    2.8386,    0.0000,    2.7138,     1.6106,     0.0149
     1.745,    0.0000,    0.0000,    0.0000,    0.0000,    2.8395,    2.5333,    2.8395,    0.0000,    2.7146,     1.6088,     0.0150
     1.746,    0.0000,    0.0000,    0.0000,    0.0000,    2.8403,    2.5339,    2.8403,    0.0000,    2.7153,     1.6069,     0.0151
     1.747,    0.0000,    0.0000,    0.0000,    0.0000,    2.8404,    2.5341,    2.8404,    0.0000,    2.7155,     1.6047,     0.0153
     1.748,    0.0000,    0.0000,    0.0000,    0.0000,    2.8405,    2.5341,    2.8405,    0.0000,    2.7156,     1.6024,     0.0154
     1.749,    0.0000,    0.0000,    0.0000,    0.0000,    2.8408,    2.5344,    2.8408,    0.0000,    2.7159,     1.6003,     0.0155
     1.750,    0.0000,    0.0000,    0.0000,    0.0000,    2.8412,    2.5348,    2.8412,    0.0000,    2.7162,     1.5983,     0.0156
     1.751,    0.0000,    0.0000,    0.0000,    0.0000,    2.8414,    2.5350,    2.8414,    0.0000,    2.7165,     1.5961,     0.0158
     1.752,    0.0000,    0.0000,    0.0000,    0.0000,    2.8421,    2.5355,    2.8421,    0.0000,    2.7171,     1.5942,     0.0159
     1.753,    0.0000,    0.0000,    0.0000,    0.0000,    2.8433,    2.5367,    2.8433,    0.0000,    2.7183,     1.5926,     0.0160
     1.754,    0.0000,    0.0000,    0.0000,    0.0000,    2.8446,    2.5378,    2.8446,    0.0000,    2.7195,     1.5910,     0.0162
     1.755,    0.0000,    0.0000,    0.0000,    0.0000,    2.8450,    2.5382,    2.8450,    0.0000,    2.7199,     1.5890,     0.0163
     1.756,    0.0000,    0.0000,    0.0000,    0.0000,    2.8450,    2.5381,    2.8450,    0.0000,    2.7199,     1.5867,     0.0164
     1.757,    0.0000,    0.0000,    0.0000,    0.0000,    2.8450,    2.5382,    2.8450,    0.0000,    2.7199,     1.5844,     0.0166
     1.758,    0.0000,    0.0000,    0.0000,    0.0000,    2.8452,    2.5384,    2.8453,    0.0000,    2.7202,     1.5823,     0.0167
     1.759,    0.0000,    0.0000,    0.0000,    0.0000,    2.8456,    2.5388,    2.8457,    0.0000,    2.7205,     1.5802,     0.0169
     1.760,    0.0000,    0.0000,    0.0000,    0.0000,    2.8460,    2.5393,    2.8462,    0.0000,    2.7211,     1.5783,     0.0170
     1.761,    0.0000,    0.0000,    0.0000,    0.0000,    2.8464,    2.5399,    2.8470,    0.0000,    2.7218,     1.5764,     0.0171
     1.762,    0.0000,    0.0000,    0.0000,    0.0000,    2.8461,    2.5403,    2.8474,    0.0000,    2.7222,     1.5744,     0.0173
     1.763,    0.0000,    0.0000,    0.0000,    0.0000,    2.8443,    2.5403,    2.8473,    0.0000,    2.7221,     1.5720,     0.0174
     1.764,    0.0000,    0.0000,    0.0000,    0.0000,    2.8409,    2.5402,    2.8473,    0.0000,    2.7221,     1.5697,     0.0175
     1.765,    0.0000,    0.0000,    0.0000,    0.0000,    2.8350,    2.5407,    2.8478,    0.0000,    2.7226,     1.5678,     0.0177
     1.766,    0.0000,    0.0000,    0.0000,    0.0000,    2.8241,    2.5413,    2.8485,    0.0000,    2.7232,     1.5659,     0.0178
     1.767,    0.0000,    0.0000,    0.0000,    0.0000,    2.8044,    2.5416,    2.8488,    0.0000,    2.7236,     1.5638,     0.0180
     1.768,    0.0000,    0.0000,    0.0000,    0.0000,    2.7718,    2.5416,    2.8488,    0.0000,    2.7236,     1.5615,     0.0181
     1.769,    0.0000,    0.0000,    0.0000,    0.0000,    2.7209,    2.5415,    2.8487,    0.0000,    2.7234,     1.5592,     0.0182
     1.770,    0.0000,    0.0000,    0.0000,    0.0000,    2.6461,    2.5414,    2.8486,    0.0000,    2.7233,     1.5569,     0.0184
     1.771,    0.0000,    0.0000,    0.0000,    0.0000,    2.5418,    2.5414,    2.8486,    0.0000,    2.7233,     1.5546,     0.0185
     1.772,    0.0000,    0.0000,    0.0000,    0.0000,    2.4035,    2.5415,    2.8487,    0.0000,    2.7234,     1.5524,     0.0187
     1.773,    0.0000,    0.0000,    0.0000,    0.0000,    2.2294,    2.5416,    2.8488,    0.0000,    2.7235,     1.5502,     0.0188
     1.774,    0.0000,    0.0000,    0.0000,    0.0000,    2.0214,    2.5419,    2.8491,    0.0000,    2.7239,     1.5481,     0.0190
     1.775,    0.0000,    0.0000,    0.0000,    0.0000,    1.7857,    2.5425,    2.8498,    0.0000,    2.7245,     1.5462,     0.0191
     1.776,    0.0000,    0.0000,    0.0000,    0.0000,    1.5318,    2.5430,    2.8504,    0.0000,    2.7251,     1.5443,     0.0193
     1.777,    0.0000,    0.0000,    0.0000,    0.0000,    1.2721,    2.5432,    2.8507,    0.0000,    2.7253,     1.5422,     0.0194
     1.778,    0.0000,    0.0000,    0.0000,    0.0000,    1.0203,    2.5434,    2.8509,    0.0000,    2.7255,     1.5401,     0.0196
     1.779,    0.0000,    0.0000,    0.0000,    0.0000,    0.7886,    2.5439,    2.8515,    0.0000,    2.7261,     1.5381,     0.0197
     1.780,    0.0000,    0.0000,    0.0000,    0.0000,    0.5861,    2.5445,    2.8521,    0.0000,    2.7266,     1.5362,     0.0199
     1.781,    0.0000,    0.0000,    0.0000,    0.0000,    0.4181,    2.5446,    2.8522,    0.0000,    2.7268,     1.5340,     0.0200
     1.782,    0.0000,    0.0000,    0.0000,    0.0000,    0.2859,    2.5444,    2.8520,    0.0000,    2.7266,     1.5316,     0.0202
     1.783,    0.0000,    0.0000,    0.0000,    0.0000,    0.1871,    2.5439,    2.8514,    0.0000,    2.7260,     1.5291,     0.0203
     1.784,    0.0000,    0.0000,    0.0000,    0.0000,    0.1172,    2.5436,    2.8511,    0.0000,    2.7257,     1.5267,     0.0205
     1.785,    0.0000,    0.0000,    0.0000,    0.0000,    0.0701,    2.5437,    2.8512,    0.0000,    2.7258,     1.5245,     0.0206
     1.786,    0.0000,    0.0000,    0.0000,    0.0000,    0.0400,    2.5442,    2.8518,    0.0000,    2.7263,     1.5226,     0.0208
     1.787,    0.0000,    0.0000,    0.0000,    0.0000,    0.0218,    2.5450,    2.8526,    0.0000,    2.7270,     1.5208,     0.0209
     1.788,    0.0000,    0.0000,    0.0000,    0.0000,    0.0113,    2.5458,    2.8536,    0.0000,    2.7278,     1.5191,     0.0211
     1.789,    0.0000,    0.0000,    0.0000,    0.0000,    0.0056,    2.5466,    2.8544,    0.0000,    2.7283,     1.5173,     0.0212
     1.790,    0.0000,    0.0000,    0.0000,    0.0000,    0.0027,    2.5471,    2.8550,    0.0000,    2.7284,     1.5153,     0.0214
     1.791,    0.0000,    0.0000,    0.0000,    0.0000,    0.0012,    2.5473,    2.8552,    0.0000,    2.7278,     1.5132,     0.0216
     1.792,    0.0000,    0.0000,    0.0000,    0.0000,    0.0005,    2.5473,    2.8552,    0.0000,    2.7265,     1.5110,     0.0217
     1.793,    0.0000,    0.0000,    0.0000,    0.0000,    0.0002,    2.5471,    2.8551,    0.0000,    2.7243,     1.5087,     0.0219
     1.794,    0.0000,    0.0000,    0.0000,    0.0000,    0.0001,    2.5474,    2.8553,    0.0000,    2.7213,     1.5066,     0.0220
     1.795,    0.0000,    0.0000,    0.0000,    0.0000,    0.0000,    2.5483,    2.8564,    0.0000,    2.7172,     1.5049,     0.0222
     1.796,    0.0000,    0.0000,    0.0000,    0.0000,    0.0000,    2.5492,    2.8573,    0.0000,    2.7105,     1.5032,     0.0224
     1.797,    0.0000,    0.0000,    0.0000,    0.0000,    0.0000,    2.5491,    2.8573,    0.0000,    2.6994,     1.5010,     0.0225
     1.798,    0.0000,    0.0000,    0.0000,    0.0000,    0.0000,    2.5489,    2.8571,    0.0000,    2.6834,     1.4986,     0.0227
     1.799,    0.0000,    0.0000,    0.0000,    0.0000,    0.0000,    2.5493,    2.8575,    0.0000,    2.6618,     1.4966,     0.0229
     1.800,    0.0000,    0.0000,    0.0000,    0.0000,    0.0000,    2.5503,    2.8585,    0.0000,    2.6329,     1.4950,     0.0230
     1.801,    0.0000,    0.0000,    0.0000,    0.0000,    0.0000,    2.5515,    2.8599,    0.0000,    2.5946,     1.4935,     0.0232
     1.802,    0.0000,    0.0000,    0.0000,    0.0000,    0.0000,    2.5524,    2.8610,    0.0000,    2.5444,     1.4918,     0.0234
     1.803,    0.0000,    0.0000,    0.0000,    0.0000,    0.0000,    2.5527,    2.8613,    0.0000,    2.4801,     1.4898,     0.0235
     1.804,    0.0000,    0.0000,    0.0000,    0.0000,    0.0000,    2.5528,    2.8614,    0.0000,    2.4008,     1.4876,     0.0237
     1.805,    0.0000,    0.0000,    0.0000,    0.0000,    0.0000,    2.5531,    2.8617,    0.0000,    2.3058,     1.4856,     0.0239
     1.806,    0.0000,    0.0000,    0.0000,    0.0000,    0.0000,    2.5538,    2.8625,    0.0000,    2.1948,     1.4837,     0.0240
     1.807,    0.0000,    0.0000,    0.0000,    0.0000,    0.0000,    2.5547,    2.8635,    0.0000,    2.0680,     1.4820,     0.0242
     1.808,    0.0000,    0.0000,    0.0000,    0.0000,    0.0000,    2.5557,    2.8647,    0.0000,    1.9266,     1.4804,     0.0244
     1.809,    0.0000,    0.0000,    0.0000,    0.0000,    0.0000,    2.5567,    2.8658,    0.0000,    1.7727,     1.4788,     0.0246
     1.810,    0.0000,    0.0000,    0.0000,    0.0000,    0.0000,    2.5575,    2.8667,    0.0000,    1.6090,     1.4771,     0.0248
     1.811,    0.0000,    0.0000,    0.0000,    0.0000,    0.0000,    2.5579,    2.8671,    0.0000,    1.4392,     1.4751,     0.0249
     1.812,    0.0000,    0.0000,    0.0000,    0.0000,    0.0000,    2.5584,    2.8677,    0.0000,    1.2678,     1.4732,     0.0251
     1.813,    0.0000,    0.0000,    0.0000,    0.0000,    0.0000,    2.5595,    2.8690,    0.0000,    1.0991,     1.4716,     0.0253
     1.814,    0.0000,    0.0000,    0.0000,    0.0000,    0.0000,    2.5608,    2.8704,    0.0000,    0.9368,     1.4702,     0.0255
     1.815,    0.0000,    0.0000,    0.0000,    0.0000,    0.0000,    2.5618,    2.8715,    0.0000,    0.7844,     1.4686,     0.0257
     1.816,    0.0000,    0.0000,    0.0000,    0.0000,    0.0000,    2.5627,    2.8725,    0.0000,    0.6449,     1.4668,     0.0258
     1.817,    0.0000,    0.0000,    0.0000,    0.0000,    0.0000,    2.5634,    2.8733,    0.0000,    0.5202,     1.4651,     0.0260
     1.818,    0.0000,    0.0000,    0.0000,    0.0000,    0.0000,    2.5636,    2.8735,    0.0000,    0.4114,     1.4630,     0.0262
     1.819,    0.0000,    0.0000,    0.0000,    0.0000,    0.0000,    2.5630,    2.8729,    0.0000,    0.3189,     1.4605,     0.0264
     1.820,    0.0000,    0.0000,    0.0000,    0.0000,    0.0000,    2.5627,    2.8725,    0.0000,    0.2423,     1.4581,     0.0266
     1.821,    0.0000,    0.0000,    0.0000,    0.0000,    0.0000,    2.5635,    2.8734,    0.0000,    0.1803,     1.4563,     0.0267
     1.822,    0.0000,    0.0000,    0.0000,    0.0000,    0.0000,    2.5650,    2.8751,    0.0000,    0.1315,     1.4550,     0.0269
     1.823,    0.0000,    0.0000,    0.0000,    0.0000,    0.0000,    2.5666,    2.8768,    0.0000,    0.0939,     1.4537,     0.0271
     1.824,    0.0000,    0.0000,    0.0000,    0.0000,    0.0000,    2.5682,    2.8787,    0.0000,    0.0656,     1.4525,     0.0273
     1.825,    0.0000,    0.0000,    0.0000,    0.0000,    0.0000,    2.5701,    2.8808,    0.0000,    0.0448,     1.4513,     0.0275
     1.826,    0.0000,    0.0000,    0.0000,    0.0000,    0.0000,    2.5719,    2.8828,    0.0000,    0.0300,     1.4502,     0.0277
     1.827,    0.0000,    0.0000,    0.0000,    0.0000,    0.0000,    2.5733,    2.8844,    0.0000,    0.0196,     1.4488,     0.0279
     1.828,    0.0000,    0.0000,    0.0000,    0.0000,    0.0000,    2.5741,    2.8853,    0.0000,    0.0125,     1.4470,     0.0281
     1.829,    0.0000,    0.0000,    0.0000,    0.0000,    0.0000,    2.5742,    2.8854,    0.0000,    0.0078,     1.4449,     0.0283
     1.830,    0.0000,    0.0000,    0.0000,    0.0000,    0.0000,    2.5745,    2.8857,    0.0000,    0.0048,     1.4429,     0.0285
     1.831,    0.0000,    0.0000,    0.0000,    0.0000,    0.0000,    2.5755,    2.8868,    0.0000,    0.0028,     1.4413,     0.0287
