romanisim/data/roman-technical-information/data/WideFieldInstrument/Imaging/EffectiveAreas/Roman_effarea_v8_SCA09_20240301.ecsv
# %ECSV 1.0
# ---
# Effective area for Roman (m^2) - parameters as of 2024 03 01
# datatype:
# - {name: Wave, datatype: float32}
# - {name: F062, datatype: float32}
# - {name: F087, datatype: float32}
# - {name: F106, datatype: float32}
# - {name: F129, datatype: float32}
# - {name: F158, datatype: float32}
# - {name: F184, datatype: float32}
# - {name: F146, datatype: float32}
# - {name: F213, datatype: float32}
# - {name: Prism, datatype: float32}
# - {name: Grism_1stOrder, datatype: float32}
# - {name: Grism_0thOrder, datatype: float32}
# schema: astropy-2.0
Wave, F062, F087, F106, F129, F158, F184, F146, F213, Prism, Grism_1stOrder, Grism_0thOrder
[from data line 956]
     1.356,    0.0000,    0.0000,    0.0000,    2.5551,    0.0000,    0.0000,    2.5551,    0.0000,    2.4353,     2.1075,     0.0000
     1.357,    0.0000,    0.0000,    0.0000,    2.5548,    0.0000,    0.0000,    2.5548,    0.0000,    2.4350,     2.1069,     0.0000
     1.358,    0.0000,    0.0000,    0.0000,    2.5546,    0.0000,    0.0000,    2.5546,    0.0000,    2.4348,     2.1063,     0.0000
     1.359,    0.0000,    0.0000,    0.0000,    2.5552,    0.0000,    0.0000,    2.5552,    0.0000,    2.4353,     2.1064,     0.0000
     1.360,    0.0000,    0.0000,    0.0000,    2.5558,    0.0000,    0.0000,    2.5558,    0.0000,    2.4359,     2.1065,     0.0000
     1.361,    0.0000,    0.0000,    0.0000,    2.5557,    0.0000,    0.0000,    2.5557,    0.0000,    2.4358,     2.1059,     0.0000
     1.362,    0.0000,    0.0000,    0.0000,    2.5552,    0.0000,    0.0000,    2.5552,    0.0000,    2.4354,     2.1051,     0.0000
     1.363,    0.0000,    0.0000,    0.0000,    2.5549,    0.0000,    0.0000,    2.5549,    0.0000,    2.4351,     2.1044,     0.0000
     1.364,    0.0000,    0.0000,    0.0000,    2.5547,    0.0000,    0.0000,    2.5547,    0.0000,    2.4349,     2.1038,     0.0000
     1.365,    0.0000,    0.0000,    0.0000,    2.5547,    0.0000,    0.0000,    2.5547,    0.0000,    2.4349,     2.1033,     0.0000
     1.366,    0.0000,    0.0000,    0.0000,    2.5549,    0.0001,    0.0000,    2.5549,    0.0000,    2.4351,     2.1029,     0.0000
     1.367,    0.0000,    0.0000,    0.0000,    2.5554,    0.0004,    0.0000,    2.5554,    0.0000,    2.4356,     2.1029,     0.0000
     1.368,    0.0000,    0.0000,    0.0000,    2.5560,    0.0012,    0.0000,    2.5560,    0.0000,    2.4361,     2.1029,     0.0000
     1.369,    0.0000,    0.0000,    0.0000,    2.5562,    0.0033,    0.0000,    2.5562,    0.0000,    2.4363,     2.1025,     0.0000
     1.370,    0.0000,    0.0000,    0.0000,    2.5561,    0.0084,    0.0000,    2.5561,    0.0000,    2.4362,     2.1018,     0.0000
     1.371,    0.0000,    0.0000,    0.0000,    2.5559,    0.0196,    0.0000,    2.5559,    0.0000,    2.4360,     2.1011,     0.0000
     1.372,    0.0000,    0.0000,    0.0000,    2.5557,    0.0425,    0.0000,    2.5557,    0.0000,    2.4359,     2.1004,     0.0000
     1.373,    0.0000,    0.0000,    0.0000,    2.5557,    0.0853,    0.0000,    2.5557,    0.0000,    2.4359,     2.0998,     0.0000
     1.374,    0.0000,    0.0000,    0.0000,    2.5559,    0.1585,    0.0000,    2.5559,    0.0000,    2.4360,     2.0994,     0.0000
     1.375,    0.0000,    0.0000,    0.0000,    2.5561,    0.2734,    0.0000,    2.5561,    0.0000,    2.4363,     2.0989,     0.0000
     1.376,    0.0000,    0.0000,    0.0000,    2.5564,    0.4388,    0.0000,    2.5564,    0.0000,    2.4365,     2.0985,     0.0000
     1.377,    0.0000,    0.0000,    0.0000,    2.5566,    0.6572,    0.0000,    2.5566,    0.0000,    2.4367,     2.0980,     0.0000
     1.378,    0.0000,    0.0000,    0.0000,    2.5565,    0.9215,    0.0000,    2.5565,    0.0000,    2.4366,     2.0973,     0.0000
     1.379,    0.0000,    0.0000,    0.0000,    2.5562,    1.2149,    0.0000,    2.5562,    0.0000,    2.4363,     2.0964,     0.0000
     1.380,    0.0000,    0.0000,    0.0000,    2.5558,    1.5136,    0.0000,    2.5558,    0.0000,    2.4360,     2.0954,     0.0000
     1.381,    0.0000,    0.0000,    0.0000,    2.5558,    1.7926,    0.0000,    2.5558,    0.0000,    2.4359,     2.0947,     0.0000
     1.382,    0.0000,    0.0000,    0.0000,    2.5558,    2.0317,    0.0000,    2.5558,    0.0000,    2.4359,     2.0940,     0.0000
     1.383,    0.0000,    0.0000,    0.0000,    2.5556,    2.2193,    0.0000,    2.5556,    0.0000,    2.4357,     2.0931,     0.0000
     1.384,    0.0000,    0.0000,    0.0000,    2.5550,    2.3541,    0.0000,    2.5550,    0.0000,    2.4352,     2.0920,     0.0000
     1.385,    0.0000,    0.0000,    0.0000,    2.5542,    2.4426,    0.0000,    2.5542,    0.0000,    2.4344,     2.0906,     0.0000
     1.386,    0.0000,    0.0000,    0.0000,    2.5537,    2.4962,    0.0000,    2.5537,    0.0000,    2.4339,     2.0893,     0.0000
     1.387,    0.0000,    0.0000,    0.0000,    2.5537,    2.5264,    0.0000,    2.5537,    0.0000,    2.4340,     2.0887,     0.0000
     1.388,    0.0000,    0.0000,    0.0000,    2.5540,    2.5419,    0.0000,    2.5540,    0.0000,    2.4342,     2.0880,     0.0000
     1.389,    0.0000,    0.0000,    0.0000,    2.5538,    2.5488,    0.0000,    2.5538,    0.0000,    2.4340,     2.0871,     0.0000
     1.390,    0.0000,    0.0000,    0.0000,    2.5538,    2.5520,    0.0000,    2.5538,    0.0000,    2.4341,     2.0864,     0.0000
     1.391,    0.0000,    0.0000,    0.0000,    2.5548,    2.5542,    0.0000,    2.5548,    0.0000,    2.4350,     2.0864,     0.0000
     1.392,    0.0000,    0.0000,    0.0000,    2.5557,    2.5555,    0.0000,    2.5557,    0.0000,    2.4358,     2.0863,     0.0000
     1.393,    0.0000,    0.0000,    0.0000,    2.5554,    2.5554,    0.0000,    2.5554,    0.0000,    2.4356,     2.0852,     0.0000
     1.394,    0.0000,    0.0000,    0.0000,    2.5547,    2.5547,    0.0000,    2.5547,    0.0000,    2.4349,     2.0838,     0.0000
     1.395,    0.0000,    0.0000,    0.0000,    2.5543,    2.5543,    0.0000,    2.5543,    0.0000,    2.4345,     2.0826,     0.0000
     1.396,    0.0000,    0.0000,    0.0000,    2.5544,    2.5544,    0.0000,    2.5544,    0.0000,    2.4346,     2.0818,     0.0000
     1.397,    0.0000,    0.0000,    0.0000,    2.5550,    2.5550,    0.0000,    2.5550,    0.0000,    2.4352,     2.0814,     0.0000
     1.398,    0.0000,    0.0000,    0.0000,    2.5552,    2.5552,    0.0000,    2.5552,    0.0000,    2.4354,     2.0807,     0.0000
     1.399,    0.0000,    0.0000,    0.0000,    2.5546,    2.5546,    0.0000,    2.5546,    0.0000,    2.4348,     2.0793,     0.0000
     1.400,    0.0000,    0.0000,    0.0000,    2.5537,    2.5537,    0.0000,    2.5537,    0.0000,    2.4340,     2.0777,     0.0000
     1.401,    0.0000,    0.0000,    0.0000,    2.5532,    2.5532,    0.0000,    2.5532,    0.0000,    2.4334,     2.0763,     0.0000
     1.402,    0.0000,    0.0000,    0.0000,    2.5531,    2.5531,    0.0000,    2.5531,    0.0000,    2.4334,     2.0753,     0.0000
     1.403,    0.0000,    0.0000,    0.0000,    2.5534,    2.5534,    0.0000,    2.5534,    0.0000,    2.4336,     2.0746,     0.0000
     1.404,    0.0000,    0.0000,    0.0000,    2.5535,    2.5535,    0.0000,    2.5535,    0.0000,    2.4338,     2.0738,     0.0000
     1.405,    0.0000,    0.0000,    0.0000,    2.5533,    2.5533,    0.0000,    2.5533,    0.0000,    2.4335,     2.0726,     0.0000
     1.406,    0.0000,    0.0000,    0.0000,    2.5527,    2.5527,    0.0000,    2.5527,    0.0000,    2.4330,     2.0711,     0.0000
     1.407,    0.0000,    0.0000,    0.0000,    2.5520,    2.5520,    0.0000,    2.5520,    0.0000,    2.4323,     2.0696,     0.0000
     1.408,    0.0000,    0.0000,    0.0000,    2.5513,    2.5513,    0.0000,    2.5513,    0.0000,    2.4317,     2.0681,     0.0000
     1.409,    0.0000,    0.0000,    0.0000,    2.5508,    2.5508,    0.0000,    2.5508,    0.0000,    2.4312,     2.0666,     0.0000
     1.410,    0.0000,    0.0000,    0.0000,    2.5500,    2.5500,    0.0000,    2.5500,    0.0000,    2.4304,     2.0649,     0.0000
     1.411,    0.0000,    0.0000,    0.0000,    2.5486,    2.5486,    0.0000,    2.5486,    0.0000,    2.4291,     2.0629,     0.0000
     1.412,    0.0000,    0.0000,    0.0000,    2.5476,    2.5476,    0.0000,    2.5476,    0.0000,    2.4281,     2.0610,     0.0000
     1.413,    0.0000,    0.0000,    0.0000,    2.5475,    2.5475,    0.0000,    2.5475,    0.0000,    2.4280,     2.0598,     0.0000
     1.414,    0.0000,    0.0000,    0.0000,    2.5476,    2.5476,    0.0000,    2.5476,    0.0000,    2.4281,     2.0588,     0.0000
     1.415,    0.0000,    0.0000,    0.0000,    2.5470,    2.5470,    0.0000,    2.5470,    0.0000,    2.4275,     2.0573,     0.0000
     1.416,    0.0000,    0.0000,    0.0000,    2.5460,    2.5460,    0.0000,    2.5460,    0.0000,    2.4266,     2.0554,     0.0000
     1.417,    0.0000,    0.0000,    0.0000,    2.5453,    2.5453,    0.0000,    2.5453,    0.0000,    2.4259,     2.0538,     0.0000
     1.418,    0.0000,    0.0000,    0.0000,    2.5450,    2.5450,    0.0000,    2.5450,    0.0000,    2.4256,     2.0524,     0.0000
     1.419,    0.0000,    0.0000,    0.0000,    2.5452,    2.5452,    0.0000,    2.5452,    0.0000,    2.4258,     2.0515,     0.0000
     1.420,    0.0000,    0.0000,    0.0000,    2.5454,    2.5454,    0.0000,    2.5454,    0.0000,    2.4260,     2.0505,     0.0000
     1.421,    0.0000,    0.0000,    0.0000,    2.5454,    2.5454,    0.0000,    2.5454,    0.0000,    2.4260,     2.0494,     0.0000
     1.422,    0.0000,    0.0000,    0.0000,    2.5458,    2.5458,    0.0000,    2.5458,    0.0000,    2.4264,     2.0486,     0.0000
     1.423,    0.0000,    0.0000,    0.0000,    2.5473,    2.5473,    0.0000,    2.5473,    0.0000,    2.4278,     2.0487,     0.0000
     1.424,    0.0000,    0.0000,    0.0000,    2.5491,    2.5491,    0.0000,    2.5491,    0.0000,    2.4296,     2.0490,     0.0000
     1.425,    0.0000,    0.0000,    0.0000,    2.5505,    2.5505,    0.0000,    2.5505,    0.0000,    2.4309,     2.0489,     0.0000
     1.426,    0.0000,    0.0000,    0.0000,    2.5511,    2.5511,    0.0000,    2.5511,    0.0000,    2.4315,     2.0483,     0.0001
     1.427,    0.0000,    0.0000,    0.0000,    2.5511,    2.5511,    0.0000,    2.5511,    0.0000,    2.4315,     2.0470,     0.0001
     1.428,    0.0000,    0.0000,    0.0000,    2.5510,    2.5510,    0.0000,    2.5510,    0.0000,    2.4313,     2.0457,     0.0001
     1.429,    0.0000,    0.0000,    0.0000,    2.5513,    2.5513,    0.0000,    2.5513,    0.0000,    2.4317,     2.0448,     0.0001
     1.430,    0.0000,    0.0000,    0.0000,    2.5519,    2.5519,    0.0000,    2.5519,    0.0000,    2.4322,     2.0441,     0.0001
     1.431,    0.0000,    0.0000,    0.0000,    2.5521,    2.5521,    0.0000,    2.5521,    0.0000,    2.4325,     2.0431,     0.0001
     1.432,    0.0000,    0.0000,    0.0000,    2.5523,    2.5523,    0.0000,    2.5523,    0.0000,    2.4326,     2.0419,     0.0001
     1.433,    0.0000,    0.0000,    0.0000,    2.5524,    2.5524,    0.0000,    2.5524,    0.0000,    2.4327,     2.0408,     0.0001
     1.434,    0.0000,    0.0000,    0.0000,    2.5527,    2.5527,    0.0000,    2.5527,    0.0000,    2.4330,     2.0398,     0.0001
     1.435,    0.0000,    0.0000,    0.0000,    2.5531,    2.5531,    0.0000,    2.5531,    0.0000,    2.4333,     2.0388,     0.0001
     1.436,    0.0000,    0.0000,    0.0000,    2.5534,    2.5534,    0.0000,    2.5534,    0.0000,    2.4337,     2.0378,     0.0001
     1.437,    0.0000,    0.0000,    0.0000,    2.5534,    2.5536,    0.0000,    2.5536,    0.0000,    2.4339,     2.0367,     0.0001
     1.438,    0.0000,    0.0000,    0.0000,    2.5527,    2.5536,    0.0000,    2.5536,    0.0000,    2.4339,     2.0354,     0.0001
     1.439,    0.0000,    0.0000,    0.0000,    2.5499,    2.5534,    0.0000,    2.5534,    0.0000,    2.4337,     2.0340,     0.0001
     1.440,    0.0000,    0.0000,    0.0000,    2.5422,    2.5534,    0.0000,    2.5534,    0.0000,    2.4336,     2.0326,     0.0001
     1.441,    0.0000,    0.0000,    0.0000,    2.5225,    2.5539,    0.0000,    2.5539,    0.0000,    2.4341,     2.0317,     0.0001
     1.442,    0.0000,    0.0000,    0.0000,    2.4766,    2.5546,    0.0000,    2.5546,    0.0000,    2.4348,     2.0309,     0.0001
     1.443,    0.0000,    0.0000,    0.0000,    2.3837,    2.5549,    0.0000,    2.5549,    0.0000,    2.4351,     2.0299,     0.0001
     1.444,    0.0000,    0.0000,    0.0000,    2.2214,    2.5549,    0.0000,    2.5549,    0.0000,    2.4351,     2.0285,     0.0001
     1.445,    0.0000,    0.0000,    0.0000,    1.9751,    2.5546,    0.0000,    2.5546,    0.0000,    2.4348,     2.0270,     0.0001
     1.446,    0.0000,    0.0000,    0.0000,    1.6503,    2.5544,    0.0000,    2.5544,    0.0000,    2.4346,     2.0255,     0.0001
     1.447,    0.0000,    0.0000,    0.0000,    1.2772,    2.5545,    0.0000,    2.5545,    0.0000,    2.4347,     2.0242,     0.0001
     1.448,    0.0000,    0.0000,    0.0000,    0.9043,    2.5548,    0.0000,    2.5548,    0.0000,    2.4350,     2.0230,     0.0001
     1.449,    0.0000,    0.0000,    0.0000,    0.5797,    2.5553,    0.0000,    2.5553,    0.0000,    2.4354,     2.0220,     0.0001
     1.450,    0.0000,    0.0000,    0.0000,    0.3336,    2.5558,    0.0000,    2.5558,    0.0000,    2.4360,     2.0211,     0.0001
     1.451,    0.0000,    0.0000,    0.0000,    0.1713,    2.5564,    0.0000,    2.5564,    0.0000,    2.4365,     2.0201,     0.0001
     1.452,    0.0000,    0.0000,    0.0000,    0.0780,    2.5567,    0.0000,    2.5567,    0.0000,    2.4368,     2.0190,     0.0001
     1.453,    0.0000,    0.0000,    0.0000,    0.0314,    2.5565,    0.0000,    2.5565,    0.0000,    2.4366,     2.0174,     0.0001
     1.454,    0.0000,    0.0000,    0.0000,    0.0112,    2.5564,    0.0000,    2.5564,    0.0000,    2.4365,     2.0159,     0.0001
     1.455,    0.0000,    0.0000,    0.0000,    0.0035,    2.5567,    0.0000,    2.5567,    0.0000,    2.4368,     2.0147,     0.0001
     1.456,    0.0000,    0.0000,    0.0000,    0.0010,    2.5571,    0.0000,    2.5571,    0.0000,    2.4372,     2.0136,     0.0002
     1.457,    0.0000,    0.0000,    0.0000,    0.0002,    2.5573,    0.0000,    2.5573,    0.0000,    2.4374,     2.0123,     0.0002
     1.458,    0.0000,    0.0000,    0.0000,    0.0000,    2.5575,    0.0000,    2.5575,    0.0000,    2.4376,     2.0111,     0.0002
     1.459,    0.0000,    0.0000,    0.0000,    0.0000,    2.5581,    0.0000,    2.5581,    0.0000,    2.4381,     2.0100,     0.0002
     1.460,    0.0000,    0.0000,    0.0000,    0.0000,    2.5586,    0.0000,    2.5586,    0.0000,    2.4386,     2.0090,     0.0002
     1.461,    0.0000,    0.0000,    0.0000,    0.0000,    2.5587,    0.0000,    2.5587,    0.0000,    2.4388,     2.0076,     0.0002
     1.462,    0.0000,    0.0000,    0.0000,    0.0000,    2.5588,    0.0000,    2.5588,    0.0000,    2.4388,     2.0062,     0.0002
     1.463,    0.0000,    0.0000,    0.0000,    0.0000,    2.5591,    0.0000,    2.5591,    0.0000,    2.4391,     2.0050,     0.0002
     1.464,    0.0000,    0.0000,    0.0000,    0.0000,    2.5594,    0.0000,    2.5594,    0.0000,    2.4394,     2.0037,     0.0002
     1.465,    0.0000,    0.0000,    0.0000,    0.0000,    2.5594,    0.0000,    2.5594,    0.0000,    2.4394,     2.0022,     0.0002
     1.466,    0.0000,    0.0000,    0.0000,    0.0000,    2.5594,    0.0000,    2.5594,    0.0000,    2.4394,     2.0007,     0.0002
     1.467,    0.0000,    0.0000,    0.0000,    0.0000,    2.5599,    0.0000,    2.5599,    0.0000,    2.4399,     1.9995,     0.0002
     1.468,    0.0000,    0.0000,    0.0000,    0.0000,    2.5606,    0.0000,    2.5606,    0.0000,    2.4405,     1.9986,     0.0002
     1.469,    0.0000,    0.0000,    0.0000,    0.0000,    2.5612,    0.0000,    2.5612,    0.0000,    2.4411,     1.9975,     0.0002
     1.470,    0.0000,    0.0000,    0.0000,    0.0000,    2.5615,    0.0000,    2.5615,    0.0000,    2.4413,     1.9961,     0.0002
     1.471,    0.0000,    0.0000,    0.0000,    0.0000,    2.5613,    0.0000,    2.5613,    0.0000,    2.4412,     1.9945,     0.0002
     1.472,    0.0000,    0.0000,    0.0000,    0.0000,    2.5613,    0.0000,    2.5613,    0.0000,    2.4412,     1.9929,     0.0002
     1.473,    0.0000,    0.0000,    0.0000,    0.0000,    2.5619,    0.0000,    2.5619,    0.0000,    2.4418,     1.9918,     0.0003
