romanisim/data/roman-technical-information/data/WideFieldInstrument/Imaging/EffectiveAreas/Roman_effarea_v8_SCA02_20240301.ecsv
# %ECSV 1.0
# ---
# Effective area for Roman (m^2) - parameters as of 2024 03 01
# datatype:
# - {name: Wave, datatype: float32}
# - {name: F062, datatype: float32}
# - {name: F087, datatype: float32}
# - {name: F106, datatype: float32}
# - {name: F129, datatype: float32}
# - {name: F158, datatype: float32}
# - {name: F184, datatype: float32}
# - {name: F146, datatype: float32}
# - {name: F213, datatype: float32}
# - {name: Prism, datatype: float32}
# - {name: Grism_1stOrder, datatype: float32}
# - {name: Grism_0thOrder, datatype: float32}
# schema: astropy-2.0
Wave, F062, F087, F106, F129, F158, F184, F146, F213, Prism, Grism_1stOrder, Grism_0thOrder
[from data line 956]
     1.356,    0.0000,    0.0000,    0.0000,    2.4756,    0.0000,    0.0000,    2.4756,    0.0000,    2.3601,     2.1715,     0.0000
     1.357,    0.0000,    0.0000,    0.0000,    2.4753,    0.0000,    0.0000,    2.4753,    0.0000,    2.3598,     2.1709,     0.0000
     1.358,    0.0000,    0.0000,    0.0000,    2.4752,    0.0000,    0.0000,    2.4752,    0.0000,    2.3597,     2.1704,     0.0000
     1.359,    0.0000,    0.0000,    0.0000,    2.4757,    0.0000,    0.0000,    2.4757,    0.0000,    2.3602,     2.1705,     0.0000
     1.360,    0.0000,    0.0000,    0.0000,    2.4763,    0.0000,    0.0000,    2.4763,    0.0000,    2.3608,     2.1706,     0.0000
     1.361,    0.0000,    0.0000,    0.0000,    2.4763,    0.0000,    0.0000,    2.4763,    0.0000,    2.3607,     2.1701,     0.0000
     1.362,    0.0000,    0.0000,    0.0000,    2.4758,    0.0000,    0.0000,    2.4758,    0.0000,    2.3603,     2.1692,     0.0000
     1.363,    0.0000,    0.0000,    0.0000,    2.4755,    0.0000,    0.0000,    2.4755,    0.0000,    2.3600,     2.1685,     0.0000
     1.364,    0.0000,    0.0000,    0.0000,    2.4753,    0.0000,    0.0000,    2.4753,    0.0000,    2.3598,     2.1679,     0.0000
     1.365,    0.0000,    0.0000,    0.0000,    2.4753,    0.0000,    0.0000,    2.4753,    0.0000,    2.3598,     2.1673,     0.0000
     1.366,    0.0000,    0.0000,    0.0000,    2.4754,    0.0000,    0.0000,    2.4754,    0.0000,    2.3599,     2.1669,     0.0000
     1.367,    0.0000,    0.0000,    0.0000,    2.4760,    0.0000,    0.0000,    2.4760,    0.0000,    2.3604,     2.1669,     0.0000
     1.368,    0.0000,    0.0000,    0.0000,    2.4765,    0.0000,    0.0000,    2.4765,    0.0000,    2.3609,     2.1668,     0.0000
     1.369,    0.0000,    0.0000,    0.0000,    2.4766,    0.0000,    0.0000,    2.4766,    0.0000,    2.3611,     2.1664,     0.0000
     1.370,    0.0000,    0.0000,    0.0000,    2.4765,    0.0000,    0.0000,    2.4765,    0.0000,    2.3609,     2.1657,     0.0000
     1.371,    0.0000,    0.0000,    0.0000,    2.4762,    0.0000,    0.0000,    2.4762,    0.0000,    2.3607,     2.1649,     0.0000
     1.372,    0.0000,    0.0000,    0.0000,    2.4761,    0.0000,    0.0000,    2.4761,    0.0000,    2.3605,     2.1641,     0.0000
     1.373,    0.0000,    0.0000,    0.0000,    2.4760,    0.0001,    0.0000,    2.4760,    0.0000,    2.3605,     2.1635,     0.0000
     1.374,    0.0000,    0.0000,    0.0000,    2.4761,    0.0003,    0.0000,    2.4761,    0.0000,    2.3605,     2.1629,     0.0000
     1.375,    0.0000,    0.0000,    0.0000,    2.4763,    0.0010,    0.0000,    2.4763,    0.0000,    2.3607,     2.1625,     0.0000
     1.376,    0.0000,    0.0000,    0.0000,    2.4765,    0.0029,    0.0000,    2.4765,    0.0000,    2.3609,     2.1620,     0.0000
     1.377,    0.0000,    0.0000,    0.0000,    2.4766,    0.0077,    0.0000,    2.4766,    0.0000,    2.3610,     2.1614,     0.0000
     1.378,    0.0000,    0.0000,    0.0000,    2.4764,    0.0189,    0.0000,    2.4764,    0.0000,    2.3609,     2.1606,     0.0000
     1.379,    0.0000,    0.0000,    0.0000,    2.4760,    0.0425,    0.0000,    2.4760,    0.0000,    2.3605,     2.1596,     0.0000
     1.380,    0.0000,    0.0000,    0.0000,    2.4756,    0.0877,    0.0000,    2.4756,    0.0000,    2.3601,     2.1585,     0.0000
     1.381,    0.0000,    0.0000,    0.0000,    2.4754,    0.1665,    0.0000,    2.4754,    0.0000,    2.3599,     2.1577,     0.0000
     1.382,    0.0000,    0.0000,    0.0000,    2.4754,    0.2913,    0.0000,    2.4754,    0.0000,    2.3599,     2.1569,     0.0000
     1.383,    0.0000,    0.0000,    0.0000,    2.4751,    0.4710,    0.0000,    2.4751,    0.0000,    2.3596,     2.1559,     0.0000
     1.384,    0.0000,    0.0000,    0.0000,    2.4745,    0.7061,    0.0000,    2.4745,    0.0000,    2.3590,     2.1547,     0.0000
     1.385,    0.0000,    0.0000,    0.0000,    2.4736,    0.9858,    0.0000,    2.4736,    0.0000,    2.3582,     2.1531,     0.0000
     1.386,    0.0000,    0.0000,    0.0000,    2.4730,    1.2885,    0.0000,    2.4730,    0.0000,    2.3576,     2.1518,     0.0000
     1.387,    0.0000,    0.0000,    0.0000,    2.4730,    1.5865,    0.0000,    2.4730,    0.0000,    2.3576,     2.1510,     0.0000
     1.388,    0.0000,    0.0000,    0.0000,    2.4731,    1.8532,    0.0000,    2.4731,    0.0000,    2.3577,     2.1503,     0.0000
     1.389,    0.0000,    0.0000,    0.0000,    2.4728,    2.0698,    0.0000,    2.4728,    0.0000,    2.3574,     2.1493,     0.0000
     1.390,    0.0000,    0.0000,    0.0000,    2.4728,    2.2301,    0.0000,    2.4728,    0.0000,    2.3574,     2.1484,     0.0000
     1.391,    0.0000,    0.0000,    0.0000,    2.4737,    2.3386,    0.0000,    2.4737,    0.0000,    2.3582,     2.1483,     0.0000
     1.392,    0.0000,    0.0000,    0.0000,    2.4744,    2.4052,    0.0000,    2.4744,    0.0000,    2.3589,     2.1481,     0.0000
     1.393,    0.0000,    0.0000,    0.0000,    2.4740,    2.4415,    0.0000,    2.4740,    0.0000,    2.3586,     2.1470,     0.0000
     1.394,    0.0000,    0.0000,    0.0000,    2.4732,    2.4592,    0.0000,    2.4732,    0.0000,    2.3578,     2.1454,     0.0000
     1.395,    0.0000,    0.0000,    0.0000,    2.4727,    2.4672,    0.0000,    2.4727,    0.0000,    2.3574,     2.1441,     0.0000
     1.396,    0.0000,    0.0000,    0.0000,    2.4728,    2.4708,    0.0000,    2.4728,    0.0000,    2.3574,     2.1433,     0.0000
     1.397,    0.0000,    0.0000,    0.0000,    2.4732,    2.4726,    0.0000,    2.4732,    0.0000,    2.3578,     2.1427,     0.0000
     1.398,    0.0000,    0.0000,    0.0000,    2.4734,    2.4732,    0.0000,    2.4734,    0.0000,    2.3580,     2.1420,     0.0000
     1.399,    0.0000,    0.0000,    0.0000,    2.4727,    2.4727,    0.0000,    2.4727,    0.0000,    2.3573,     2.1404,     0.0000
     1.400,    0.0000,    0.0000,    0.0000,    2.4717,    2.4717,    0.0000,    2.4717,    0.0000,    2.3564,     2.1387,     0.0000
     1.401,    0.0000,    0.0000,    0.0000,    2.4711,    2.4711,    0.0000,    2.4711,    0.0000,    2.3558,     2.1372,     0.0000
     1.402,    0.0000,    0.0000,    0.0000,    2.4710,    2.4710,    0.0000,    2.4710,    0.0000,    2.3557,     2.1361,     0.0000
     1.403,    0.0000,    0.0000,    0.0000,    2.4711,    2.4711,    0.0000,    2.4711,    0.0000,    2.3558,     2.1353,     0.0000
     1.404,    0.0000,    0.0000,    0.0000,    2.4712,    2.4712,    0.0000,    2.4712,    0.0000,    2.3559,     2.1344,     0.0000
     1.405,    0.0000,    0.0000,    0.0000,    2.4709,    2.4709,    0.0000,    2.4709,    0.0000,    2.3556,     2.1331,     0.0000
     1.406,    0.0000,    0.0000,    0.0000,    2.4702,    2.4702,    0.0000,    2.4702,    0.0000,    2.3550,     2.1315,     0.0000
     1.407,    0.0000,    0.0000,    0.0000,    2.4695,    2.4695,    0.0000,    2.4695,    0.0000,    2.3542,     2.1298,     0.0000
     1.408,    0.0000,    0.0000,    0.0000,    2.4688,    2.4688,    0.0000,    2.4688,    0.0000,    2.3536,     2.1282,     0.0000
     1.409,    0.0000,    0.0000,    0.0000,    2.4682,    2.4682,    0.0000,    2.4682,    0.0000,    2.3530,     2.1267,     0.0000
     1.410,    0.0000,    0.0000,    0.0000,    2.4674,    2.4674,    0.0000,    2.4674,    0.0000,    2.3522,     2.1249,     0.0000
     1.411,    0.0000,    0.0000,    0.0000,    2.4660,    2.4660,    0.0000,    2.4660,    0.0000,    2.3509,     2.1227,     0.0000
     1.412,    0.0000,    0.0000,    0.0000,    2.4649,    2.4649,    0.0000,    2.4649,    0.0000,    2.3499,     2.1207,     0.0000
     1.413,    0.0000,    0.0000,    0.0000,    2.4648,    2.4648,    0.0000,    2.4648,    0.0000,    2.3498,     2.1195,     0.0000
     1.414,    0.0000,    0.0000,    0.0000,    2.4648,    2.4648,    0.0000,    2.4648,    0.0000,    2.3498,     2.1184,     0.0000
     1.415,    0.0000,    0.0000,    0.0000,    2.4642,    2.4642,    0.0000,    2.4642,    0.0000,    2.3492,     2.1168,     0.0000
     1.416,    0.0000,    0.0000,    0.0000,    2.4632,    2.4632,    0.0000,    2.4632,    0.0000,    2.3483,     2.1149,     0.0000
     1.417,    0.0000,    0.0000,    0.0000,    2.4625,    2.4625,    0.0000,    2.4625,    0.0000,    2.3476,     2.1131,     0.0000
     1.418,    0.0000,    0.0000,    0.0000,    2.4622,    2.4622,    0.0000,    2.4622,    0.0000,    2.3473,     2.1117,     0.0000
     1.419,    0.0000,    0.0000,    0.0000,    2.4623,    2.4623,    0.0000,    2.4623,    0.0000,    2.3474,     2.1107,     0.0000
     1.420,    0.0000,    0.0000,    0.0000,    2.4625,    2.4625,    0.0000,    2.4625,    0.0000,    2.3476,     2.1097,     0.0000
     1.421,    0.0000,    0.0000,    0.0000,    2.4625,    2.4625,    0.0000,    2.4625,    0.0000,    2.3476,     2.1086,     0.0000
     1.422,    0.0000,    0.0000,    0.0000,    2.4629,    2.4629,    0.0000,    2.4629,    0.0000,    2.3480,     2.1077,     0.0000
     1.423,    0.0000,    0.0000,    0.0000,    2.4643,    2.4643,    0.0000,    2.4643,    0.0000,    2.3493,     2.1078,     0.0000
     1.424,    0.0000,    0.0000,    0.0000,    2.4661,    2.4661,    0.0000,    2.4661,    0.0000,    2.3510,     2.1081,     0.0000
     1.425,    0.0000,    0.0000,    0.0000,    2.4675,    2.4675,    0.0000,    2.4675,    0.0000,    2.3523,     2.1081,     0.0001
     1.426,    0.0000,    0.0000,    0.0000,    2.4681,    2.4681,    0.0000,    2.4681,    0.0000,    2.3529,     2.1074,     0.0001
     1.427,    0.0000,    0.0000,    0.0000,    2.4681,    2.4681,    0.0000,    2.4681,    0.0000,    2.3529,     2.1062,     0.0001
     1.428,    0.0000,    0.0000,    0.0000,    2.4680,    2.4680,    0.0000,    2.4680,    0.0000,    2.3528,     2.1049,     0.0001
     1.429,    0.0000,    0.0000,    0.0000,    2.4684,    2.4684,    0.0000,    2.4684,    0.0000,    2.3532,     2.1040,     0.0001
     1.430,    0.0000,    0.0000,    0.0000,    2.4690,    2.4690,    0.0000,    2.4690,    0.0000,    2.3537,     2.1032,     0.0001
     1.431,    0.0000,    0.0000,    0.0000,    2.4693,    2.4693,    0.0000,    2.4693,    0.0000,    2.3541,     2.1022,     0.0001
     1.432,    0.0000,    0.0000,    0.0000,    2.4695,    2.4695,    0.0000,    2.4695,    0.0000,    2.3542,     2.1011,     0.0001
     1.433,    0.0000,    0.0000,    0.0000,    2.4697,    2.4697,    0.0000,    2.4697,    0.0000,    2.3544,     2.1000,     0.0001
     1.434,    0.0000,    0.0000,    0.0000,    2.4700,    2.4700,    0.0000,    2.4700,    0.0000,    2.3548,     2.0990,     0.0001
     1.435,    0.0000,    0.0000,    0.0000,    2.4705,    2.4705,    0.0000,    2.4705,    0.0000,    2.3552,     2.0981,     0.0001
     1.436,    0.0000,    0.0000,    0.0000,    2.4709,    2.4709,    0.0000,    2.4709,    0.0000,    2.3556,     2.0972,     0.0001
     1.437,    0.0000,    0.0000,    0.0000,    2.4712,    2.4712,    0.0000,    2.4712,    0.0000,    2.3559,     2.0961,     0.0001
     1.438,    0.0000,    0.0000,    0.0000,    2.4713,    2.4713,    0.0000,    2.4713,    0.0000,    2.3560,     2.0949,     0.0001
     1.439,    0.0000,    0.0000,    0.0000,    2.4712,    2.4712,    0.0000,    2.4712,    0.0000,    2.3559,     2.0935,     0.0001
     1.440,    0.0000,    0.0000,    0.0000,    2.4713,    2.4713,    0.0000,    2.4713,    0.0000,    2.3560,     2.0922,     0.0001
     1.441,    0.0000,    0.0000,    0.0000,    2.4720,    2.4720,    0.0000,    2.4720,    0.0000,    2.3566,     2.0914,     0.0001
     1.442,    0.0000,    0.0000,    0.0000,    2.4727,    2.4727,    0.0000,    2.4727,    0.0000,    2.3574,     2.0907,     0.0001
     1.443,    0.0000,    0.0000,    0.0000,    2.4732,    2.4732,    0.0000,    2.4732,    0.0000,    2.3578,     2.0898,     0.0001
     1.444,    0.0000,    0.0000,    0.0000,    2.4733,    2.4734,    0.0000,    2.4734,    0.0000,    2.3580,     2.0885,     0.0001
     1.445,    0.0000,    0.0000,    0.0000,    2.4728,    2.4733,    0.0000,    2.4733,    0.0000,    2.3579,     2.0871,     0.0001
     1.446,    0.0000,    0.0000,    0.0000,    2.4708,    2.4733,    0.0000,    2.4733,    0.0000,    2.3579,     2.0857,     0.0001
     1.447,    0.0000,    0.0000,    0.0000,    2.4638,    2.4736,    0.0000,    2.4736,    0.0000,    2.3581,     2.0845,     0.0001
     1.448,    0.0000,    0.0000,    0.0000,    2.4419,    2.4741,    0.0000,    2.4741,    0.0000,    2.3586,     2.0835,     0.0001
     1.449,    0.0000,    0.0000,    0.0000,    2.3851,    2.4748,    0.0000,    2.4748,    0.0000,    2.3593,     2.0827,     0.0001
     1.450,    0.0000,    0.0000,    0.0000,    2.2624,    2.4755,    0.0000,    2.4755,    0.0000,    2.3600,     2.0819,     0.0001
     1.451,    0.0000,    0.0000,    0.0000,    2.0430,    2.4763,    0.0000,    2.4763,    0.0000,    2.3608,     2.0811,     0.0001
     1.452,    0.0000,    0.0000,    0.0000,    1.7161,    2.4768,    0.0000,    2.4768,    0.0000,    2.3613,     2.0801,     0.0001
     1.453,    0.0000,    0.0000,    0.0000,    1.3108,    2.4769,    0.0000,    2.4769,    0.0000,    2.3614,     2.0787,     0.0001
     1.454,    0.0000,    0.0000,    0.0000,    0.8927,    2.4771,    0.0000,    2.4771,    0.0000,    2.3615,     2.0774,     0.0001
     1.455,    0.0000,    0.0000,    0.0000,    0.5335,    2.4777,    0.0000,    2.4777,    0.0000,    2.3621,     2.0764,     0.0002
     1.456,    0.0000,    0.0000,    0.0000,    0.2762,    2.4784,    0.0000,    2.4784,    0.0000,    2.3627,     2.0755,     0.0002
     1.457,    0.0000,    0.0000,    0.0000,    0.1228,    2.4789,    0.0000,    2.4789,    0.0000,    2.3632,     2.0745,     0.0002
     1.458,    0.0000,    0.0000,    0.0000,    0.0465,    2.4794,    0.0000,    2.4794,    0.0000,    2.3637,     2.0734,     0.0002
     1.459,    0.0000,    0.0000,    0.0000,    0.0149,    2.4803,    0.0000,    2.4803,    0.0000,    2.3645,     2.0726,     0.0002
     1.460,    0.0000,    0.0000,    0.0000,    0.0041,    2.4811,    0.0000,    2.4811,    0.0000,    2.3653,     2.0718,     0.0002
     1.461,    0.0000,    0.0000,    0.0000,    0.0009,    2.4815,    0.0000,    2.4815,    0.0000,    2.3657,     2.0707,     0.0002
     1.462,    0.0000,    0.0000,    0.0000,    0.0002,    2.4819,    0.0000,    2.4819,    0.0000,    2.3661,     2.0695,     0.0002
     1.463,    0.0000,    0.0000,    0.0000,    0.0000,    2.4826,    0.0000,    2.4826,    0.0000,    2.3668,     2.0685,     0.0002
     1.464,    0.0000,    0.0000,    0.0000,    0.0000,    2.4832,    0.0000,    2.4832,    0.0000,    2.3674,     2.0675,     0.0002
     1.465,    0.0000,    0.0000,    0.0000,    0.0000,    2.4836,    0.0000,    2.4836,    0.0000,    2.3677,     2.0662,     0.0002
     1.466,    0.0000,    0.0000,    0.0000,    0.0000,    2.4839,    0.0000,    2.4839,    0.0000,    2.3680,     2.0649,     0.0002
     1.467,    0.0000,    0.0000,    0.0000,    0.0000,    2.4848,    0.0000,    2.4848,    0.0000,    2.3688,     2.0641,     0.0002
     1.468,    0.0000,    0.0000,    0.0000,    0.0000,    2.4858,    0.0000,    2.4858,    0.0000,    2.3698,     2.0634,     0.0002
     1.469,    0.0000,    0.0000,    0.0000,    0.0000,    2.4868,    0.0000,    2.4868,    0.0000,    2.3707,     2.0626,     0.0002
     1.470,    0.0000,    0.0000,    0.0000,    0.0000,    2.4874,    0.0000,    2.4874,    0.0000,    2.3713,     2.0615,     0.0002
     1.471,    0.0000,    0.0000,    0.0000,    0.0000,    2.4876,    0.0000,    2.4876,    0.0000,    2.3715,     2.0600,     0.0002
     1.472,    0.0000,    0.0000,    0.0000,    0.0000,    2.4879,    0.0000,    2.4879,    0.0000,    2.3718,     2.0587,     0.0003
     1.473,    0.0000,    0.0000,    0.0000,    0.0000,    2.4889,    0.0000,    2.4889,    0.0000,    2.3728,     2.0579,     0.0003
