romanisim/data/roman-technical-information/data/WideFieldInstrument/Imaging/EffectiveAreas/Roman_effarea_v8_SCA16_20240301.ecsv
# %ECSV 1.0
# ---
# Effective area for Roman (m^2) - parameters as of 2024 03 01
# datatype:
# - {name: Wave, datatype: float32}
# - {name: F062, datatype: float32}
# - {name: F087, datatype: float32}
# - {name: F106, datatype: float32}
# - {name: F129, datatype: float32}
# - {name: F158, datatype: float32}
# - {name: F184, datatype: float32}
# - {name: F146, datatype: float32}
# - {name: F213, datatype: float32}
# - {name: Prism, datatype: float32}
# - {name: Grism_1stOrder, datatype: float32}
# - {name: Grism_0thOrder, datatype: float32}
# schema: astropy-2.0
Wave, F062, F087, F106, F129, F158, F184, F146, F213, Prism, Grism_1stOrder, Grism_0thOrder
[from data line 717]
     1.117,    0.0000,    0.0000,    2.4296,    0.0283,    0.0000,    0.0000,    2.4296,    0.0000,    2.4348,     1.5899,     0.0011
     1.118,    0.0000,    0.0000,    2.4290,    0.0756,    0.0000,    0.0000,    2.4290,    0.0000,    2.4343,     1.5939,     0.0011
     1.119,    0.0000,    0.0000,    2.4294,    0.1750,    0.0000,    0.0000,    2.4294,    0.0000,    2.4347,     1.5986,     0.0010
     1.120,    0.0000,    0.0000,    2.4300,    0.3528,    0.0000,    0.0000,    2.4300,    0.0000,    2.4353,     1.6033,     0.0010
     1.121,    0.0000,    0.0000,    2.4300,    0.6236,    0.0000,    0.0000,    2.4300,    0.0000,    2.4352,     1.6076,     0.0010
     1.122,    0.0000,    0.0000,    2.4298,    0.9749,    0.0000,    0.0000,    2.4298,    0.0000,    2.4351,     1.6119,     0.0010
     1.123,    0.0000,    0.0000,    2.4302,    1.3632,    0.0000,    0.0000,    2.4302,    0.0000,    2.4355,     1.6164,     0.0010
     1.124,    0.0000,    0.0000,    2.4304,    1.7285,    0.0000,    0.0000,    2.4304,    0.0000,    2.4357,     1.6208,     0.0010
     1.125,    0.0000,    0.0000,    2.4298,    2.0206,    0.0000,    0.0000,    2.4298,    0.0000,    2.4351,     1.6247,     0.0009
     1.126,    0.0000,    0.0000,    2.4290,    2.2195,    0.0000,    0.0000,    2.4290,    0.0000,    2.4343,     1.6284,     0.0009
     1.127,    0.0000,    0.0000,    2.4289,    2.3352,    0.0000,    0.0000,    2.4289,    0.0000,    2.4341,     1.6325,     0.0009
     1.128,    0.0000,    0.0000,    2.4290,    2.3927,    0.0000,    0.0000,    2.4290,    0.0000,    2.4343,     1.6368,     0.0009
     1.129,    0.0000,    0.0000,    2.4292,    2.4170,    0.0000,    0.0000,    2.4292,    0.0000,    2.4345,     1.6411,     0.0009
     1.130,    0.0000,    0.0000,    2.4294,    2.4259,    0.0000,    0.0000,    2.4294,    0.0000,    2.4347,     1.6454,     0.0009
     1.131,    0.0000,    0.0000,    2.4298,    2.4289,    0.0000,    0.0000,    2.4298,    0.0000,    2.4351,     1.6497,     0.0009
     1.132,    0.0000,    0.0000,    2.4301,    2.4299,    0.0000,    0.0000,    2.4301,    0.0000,    2.4354,     1.6540,     0.0008
     1.133,    0.0000,    0.0000,    2.4301,    2.4300,    0.0000,    0.0000,    2.4301,    0.0000,    2.4354,     1.6581,     0.0008
     1.134,    0.0000,    0.0000,    2.4300,    2.4300,    0.0000,    0.0000,    2.4300,    0.0000,    2.4353,     1.6621,     0.0008
     1.135,    0.0000,    0.0000,    2.4300,    2.4300,    0.0000,    0.0000,    2.4300,    0.0000,    2.4353,     1.6661,     0.0008
     1.136,    0.0000,    0.0000,    2.4300,    2.4300,    0.0000,    0.0000,    2.4300,    0.0000,    2.4353,     1.6701,     0.0008
     1.137,    0.0000,    0.0000,    2.4298,    2.4298,    0.0000,    0.0000,    2.4298,    0.0000,    2.4351,     1.6740,     0.0008
     1.138,    0.0000,    0.0000,    2.4297,    2.4297,    0.0000,    0.0000,    2.4297,    0.0000,    2.4350,     1.6779,     0.0008
     1.139,    0.0000,    0.0000,    2.4300,    2.4300,    0.0000,    0.0000,    2.4300,    0.0000,    2.4353,     1.6821,     0.0007
     1.140,    0.0000,    0.0000,    2.4305,    2.4305,    0.0000,    0.0000,    2.4305,    0.0000,    2.4358,     1.6863,     0.0007
     1.141,    0.0000,    0.0000,    2.4310,    2.4310,    0.0000,    0.0000,    2.4310,    0.0000,    2.4363,     1.6905,     0.0007
     1.142,    0.0000,    0.0000,    2.4311,    2.4311,    0.0000,    0.0000,    2.4311,    0.0000,    2.4364,     1.6945,     0.0007
     1.143,    0.0000,    0.0000,    2.4308,    2.4308,    0.0000,    0.0000,    2.4308,    0.0000,    2.4360,     1.6981,     0.0007
     1.144,    0.0000,    0.0000,    2.4305,    2.4305,    0.0000,    0.0000,    2.4305,    0.0000,    2.4357,     1.7017,     0.0007
     1.145,    0.0000,    0.0000,    2.4306,    2.4306,    0.0000,    0.0000,    2.4306,    0.0000,    2.4359,     1.7057,     0.0007
     1.146,    0.0000,    0.0000,    2.4309,    2.4309,    0.0000,    0.0000,    2.4309,    0.0000,    2.4362,     1.7096,     0.0007
     1.147,    0.0000,    0.0000,    2.4309,    2.4309,    0.0000,    0.0000,    2.4309,    0.0000,    2.4362,     1.7134,     0.0006
     1.148,    0.0000,    0.0000,    2.4308,    2.4308,    0.0000,    0.0000,    2.4308,    0.0000,    2.4361,     1.7171,     0.0006
     1.149,    0.0000,    0.0000,    2.4305,    2.4305,    0.0000,    0.0000,    2.4305,    0.0000,    2.4358,     1.7206,     0.0006
     1.150,    0.0000,    0.0000,    2.4303,    2.4303,    0.0000,    0.0000,    2.4303,    0.0000,    2.4356,     1.7242,     0.0006
     1.151,    0.0000,    0.0000,    2.4303,    2.4303,    0.0000,    0.0000,    2.4303,    0.0000,    2.4356,     1.7278,     0.0006
     1.152,    0.0000,    0.0000,    2.4301,    2.4301,    0.0000,    0.0000,    2.4301,    0.0000,    2.4354,     1.7313,     0.0006
     1.153,    0.0000,    0.0000,    2.4297,    2.4297,    0.0000,    0.0000,    2.4297,    0.0000,    2.4349,     1.7346,     0.0006
     1.154,    0.0000,    0.0000,    2.4294,    2.4294,    0.0000,    0.0000,    2.4294,    0.0000,    2.4347,     1.7380,     0.0006
     1.155,    0.0000,    0.0000,    2.4296,    2.4296,    0.0000,    0.0000,    2.4296,    0.0000,    2.4349,     1.7418,     0.0005
     1.156,    0.0000,    0.0000,    2.4297,    2.4297,    0.0000,    0.0000,    2.4297,    0.0000,    2.4350,     1.7454,     0.0005
     1.157,    0.0000,    0.0000,    2.4291,    2.4291,    0.0000,    0.0000,    2.4291,    0.0000,    2.4344,     1.7485,     0.0005
     1.158,    0.0000,    0.0000,    2.4284,    2.4284,    0.0000,    0.0000,    2.4284,    0.0000,    2.4337,     1.7515,     0.0005
     1.159,    0.0000,    0.0000,    2.4282,    2.4282,    0.0000,    0.0000,    2.4282,    0.0000,    2.4335,     1.7549,     0.0005
     1.160,    0.0000,    0.0000,    2.4284,    2.4284,    0.0000,    0.0000,    2.4284,    0.0000,    2.4337,     1.7584,     0.0005
     1.161,    0.0000,    0.0000,    2.4283,    2.4283,    0.0000,    0.0000,    2.4283,    0.0000,    2.4336,     1.7618,     0.0005
     1.162,    0.0000,    0.0000,    2.4279,    2.4279,    0.0000,    0.0000,    2.4279,    0.0000,    2.4332,     1.7649,     0.0005
     1.163,    0.0000,    0.0000,    2.4272,    2.4272,    0.0000,    0.0000,    2.4272,    0.0000,    2.4325,     1.7678,     0.0005
     1.164,    0.0000,    0.0000,    2.4265,    2.4265,    0.0000,    0.0000,    2.4265,    0.0000,    2.4318,     1.7707,     0.0004
     1.165,    0.0000,    0.0000,    2.4262,    2.4262,    0.0000,    0.0000,    2.4262,    0.0000,    2.4315,     1.7738,     0.0004
     1.166,    0.0000,    0.0000,    2.4260,    2.4260,    0.0000,    0.0000,    2.4260,    0.0000,    2.4313,     1.7770,     0.0004
     1.167,    0.0000,    0.0000,    2.4256,    2.4256,    0.0000,    0.0000,    2.4256,    0.0000,    2.4309,     1.7800,     0.0004
     1.168,    0.0000,    0.0000,    2.4254,    2.4254,    0.0000,    0.0000,    2.4254,    0.0000,    2.4307,     1.7831,     0.0004
     1.169,    0.0000,    0.0000,    2.4255,    2.4255,    0.0000,    0.0000,    2.4255,    0.0000,    2.4308,     1.7864,     0.0004
     1.170,    0.0000,    0.0000,    2.4254,    2.4254,    0.0000,    0.0000,    2.4254,    0.0000,    2.4307,     1.7896,     0.0004
     1.171,    0.0000,    0.0000,    2.4245,    2.4245,    0.0000,    0.0000,    2.4245,    0.0000,    2.4298,     1.7921,     0.0004
     1.172,    0.0000,    0.0000,    2.4234,    2.4234,    0.0000,    0.0000,    2.4234,    0.0000,    2.4286,     1.7944,     0.0004
     1.173,    0.0000,    0.0000,    2.4227,    2.4227,    0.0000,    0.0000,    2.4227,    0.0000,    2.4280,     1.7971,     0.0004
     1.174,    0.0000,    0.0000,    2.4223,    2.4223,    0.0000,    0.0000,    2.4223,    0.0000,    2.4276,     1.7999,     0.0004
     1.175,    0.0000,    0.0000,    2.4219,    2.4219,    0.0000,    0.0000,    2.4219,    0.0000,    2.4272,     1.8028,     0.0003
     1.176,    0.0000,    0.0000,    2.4215,    2.4215,    0.0000,    0.0000,    2.4215,    0.0000,    2.4267,     1.8055,     0.0003
     1.177,    0.0000,    0.0000,    2.4210,    2.4210,    0.0000,    0.0000,    2.4210,    0.0000,    2.4263,     1.8082,     0.0003
     1.178,    0.0000,    0.0000,    2.4207,    2.4207,    0.0000,    0.0000,    2.4207,    0.0000,    2.4260,     1.8111,     0.0003
     1.179,    0.0000,    0.0000,    2.4209,    2.4209,    0.0000,    0.0000,    2.4209,    0.0000,    2.4262,     1.8142,     0.0003
     1.180,    0.0000,    0.0000,    2.4210,    2.4210,    0.0000,    0.0000,    2.4210,    0.0000,    2.4263,     1.8173,     0.0003
     1.181,    0.0000,    0.0000,    2.4205,    2.4205,    0.0000,    0.0000,    2.4205,    0.0000,    2.4258,     1.8199,     0.0003
     1.182,    0.0000,    0.0000,    2.4198,    2.4199,    0.0000,    0.0000,    2.4199,    0.0000,    2.4251,     1.8223,     0.0003
     1.183,    0.0000,    0.0000,    2.4194,    2.4195,    0.0000,    0.0000,    2.4195,    0.0000,    2.4248,     1.8250,     0.0003
     1.184,    0.0000,    0.0000,    2.4187,    2.4192,    0.0000,    0.0000,    2.4192,    0.0000,    2.4245,     1.8277,     0.0003
     1.185,    0.0000,    0.0000,    2.4170,    2.4186,    0.0000,    0.0000,    2.4186,    0.0000,    2.4238,     1.8301,     0.0003
     1.186,    0.0000,    0.0000,    2.4129,    2.4177,    0.0000,    0.0000,    2.4177,    0.0000,    2.4230,     1.8323,     0.0003
     1.187,    0.0000,    0.0000,    2.4040,    2.4169,    0.0000,    0.0000,    2.4169,    0.0000,    2.4222,     1.8345,     0.0003
     1.188,    0.0000,    0.0000,    2.3847,    2.4164,    0.0000,    0.0000,    2.4164,    0.0000,    2.4216,     1.8369,     0.0003
     1.189,    0.0000,    0.0000,    2.3459,    2.4162,    0.0000,    0.0000,    2.4162,    0.0000,    2.4215,     1.8396,     0.0002
     1.190,    0.0000,    0.0000,    2.2738,    2.4160,    0.0000,    0.0000,    2.4160,    0.0000,    2.4212,     1.8421,     0.0002
     1.191,    0.0000,    0.0000,    2.1533,    2.4151,    0.0000,    0.0000,    2.4151,    0.0000,    2.4204,     1.8442,     0.0002
     1.192,    0.0000,    0.0000,    1.9736,    2.4143,    0.0000,    0.0000,    2.4143,    0.0000,    2.4195,     1.8463,     0.0002
     1.193,    0.0000,    0.0000,    1.7328,    2.4140,    0.0000,    0.0000,    2.4140,    0.0000,    2.4193,     1.8488,     0.0002
     1.194,    0.0000,    0.0000,    1.4424,    2.4138,    0.0000,    0.0000,    2.4138,    0.0000,    2.4190,     1.8513,     0.0002
     1.195,    0.0000,    0.0000,    1.1273,    2.4130,    0.0000,    0.0000,    2.4130,    0.0000,    2.4182,     1.8533,     0.0002
     1.196,    0.0000,    0.0000,    0.8207,    2.4121,    0.0000,    0.0000,    2.4121,    0.0000,    2.4174,     1.8552,     0.0002
     1.197,    0.0000,    0.0000,    0.5531,    2.4119,    0.0000,    0.0000,    2.4119,    0.0000,    2.4172,     1.8577,     0.0002
     1.198,    0.0000,    0.0000,    0.3429,    2.4118,    0.0000,    0.0000,    2.4118,    0.0000,    2.4171,     1.8602,     0.0002
     1.199,    0.0000,    0.0000,    0.1948,    2.4112,    0.0000,    0.0000,    2.4112,    0.0000,    2.4164,     1.8622,     0.0002
     1.200,    0.0000,    0.0000,    0.1010,    2.4105,    0.0000,    0.0000,    2.4105,    0.0000,    2.4157,     1.8642,     0.0002
     1.201,    0.0000,    0.0000,    0.0476,    2.4101,    0.0000,    0.0000,    2.4101,    0.0000,    2.4153,     1.8664,     0.0002
     1.202,    0.0000,    0.0000,    0.0204,    2.4099,    0.0000,    0.0000,    2.4099,    0.0000,    2.4151,     1.8687,     0.0002
     1.203,    0.0000,    0.0000,    0.0079,    2.4095,    0.0000,    0.0000,    2.4095,    0.0000,    2.4148,     1.8709,     0.0002
     1.204,    0.0000,    0.0000,    0.0028,    2.4093,    0.0000,    0.0000,    2.4093,    0.0000,    2.4145,     1.8732,     0.0002
     1.205,    0.0000,    0.0000,    0.0009,    2.4093,    0.0000,    0.0000,    2.4093,    0.0000,    2.4145,     1.8756,     0.0002
     1.206,    0.0000,    0.0000,    0.0003,    2.4091,    0.0000,    0.0000,    2.4091,    0.0000,    2.4144,     1.8779,     0.0002
     1.207,    0.0000,    0.0000,    0.0001,    2.4085,    0.0000,    0.0000,    2.4085,    0.0000,    2.4137,     1.8797,     0.0001
     1.208,    0.0000,    0.0000,    0.0000,    2.4075,    0.0000,    0.0000,    2.4075,    0.0000,    2.4128,     1.8813,     0.0001
     1.209,    0.0000,    0.0000,    0.0000,    2.4067,    0.0000,    0.0000,    2.4067,    0.0000,    2.4119,     1.8830,     0.0001
     1.210,    0.0000,    0.0000,    0.0000,    2.4062,    0.0000,    0.0000,    2.4062,    0.0000,    2.4115,     1.8849,     0.0001
     1.211,    0.0000,    0.0000,    0.0000,    2.4062,    0.0000,    0.0000,    2.4062,    0.0000,    2.4114,     1.8872,     0.0001
     1.212,    0.0000,    0.0000,    0.0000,    2.4060,    0.0000,    0.0000,    2.4060,    0.0000,    2.4113,     1.8893,     0.0001
     1.213,    0.0000,    0.0000,    0.0000,    2.4052,    0.0000,    0.0000,    2.4052,    0.0000,    2.4105,     1.8909,     0.0001
     1.214,    0.0000,    0.0000,    0.0000,    2.4044,    0.0000,    0.0000,    2.4044,    0.0000,    2.4096,     1.8925,     0.0001
     1.215,    0.0000,    0.0000,    0.0000,    2.4041,    0.0000,    0.0000,    2.4041,    0.0000,    2.4093,     1.8944,     0.0001
     1.216,    0.0000,    0.0000,    0.0000,    2.4042,    0.0000,    0.0000,    2.4042,    0.0000,    2.4095,     1.8967,     0.0001
     1.217,    0.0000,    0.0000,    0.0000,    2.4044,    0.0000,    0.0000,    2.4044,    0.0000,    2.4096,     1.8990,     0.0001
     1.218,    0.0000,    0.0000,    0.0000,    2.4042,    0.0000,    0.0000,    2.4042,    0.0000,    2.4095,     1.9010,     0.0001
     1.219,    0.0000,    0.0000,    0.0000,    2.4035,    0.0000,    0.0000,    2.4035,    0.0000,    2.4087,     1.9025,     0.0001
     1.220,    0.0000,    0.0000,    0.0000,    2.4028,    0.0000,    0.0000,    2.4028,    0.0000,    2.4080,     1.9040,     0.0001
     1.221,    0.0000,    0.0000,    0.0000,    2.4028,    0.0000,    0.0000,    2.4028,    0.0000,    2.4080,     1.9061,     0.0001
     1.222,    0.0000,    0.0000,    0.0000,    2.4029,    0.0000,    0.0000,    2.4029,    0.0000,    2.4082,     1.9082,     0.0001
     1.223,    0.0000,    0.0000,    0.0000,    2.4026,    0.0000,    0.0000,    2.4026,    0.0000,    2.4078,     1.9099,     0.0001
     1.224,    0.0000,    0.0000,    0.0000,    2.4021,    0.0000,    0.0000,    2.4021,    0.0000,    2.4073,     1.9116,     0.0001
     1.225,    0.0000,    0.0000,    0.0000,    2.4021,    0.0000,    0.0000,    2.4021,    0.0000,    2.4073,     1.9135,     0.0001
     1.226,    0.0000,    0.0000,    0.0000,    2.4021,    0.0000,    0.0000,    2.4021,    0.0000,    2.4073,     1.9155,     0.0001
     1.227,    0.0000,    0.0000,    0.0000,    2.4016,    0.0000,    0.0000,    2.4016,    0.0000,    2.4069,     1.9170,     0.0001
     1.228,    0.0000,    0.0000,    0.0000,    2.4012,    0.0000,    0.0000,    2.4012,    0.0000,    2.4064,     1.9186,     0.0001
     1.229,    0.0000,    0.0000,    0.0000,    2.4010,    0.0000,    0.0000,    2.4010,    0.0000,    2.4062,     1.9203,     0.0001
     1.230,    0.0000,    0.0000,    0.0000,    2.4009,    0.0000,    0.0000,    2.4009,    0.0000,    2.4061,     1.9221,     0.0001
     1.231,    0.0000,    0.0000,    0.0000,    2.4003,    0.0000,    0.0000,    2.4003,    0.0000,    2.4055,     1.9235,     0.0001
     1.232,    0.0000,    0.0000,    0.0000,    2.3996,    0.0000,    0.0000,    2.3996,    0.0000,    2.4048,     1.9247,     0.0001
     1.233,    0.0000,    0.0000,    0.0000,    2.3991,    0.0000,    0.0000,    2.3991,    0.0000,    2.4043,     1.9261,     0.0001
     1.234,    0.0000,    0.0000,    0.0000,    2.3987,    0.0000,    0.0000,    2.3987,    0.0000,    2.4040,     1.9276,     0.0001
