romanisim/data/roman-technical-information/data/WideFieldInstrument/Imaging/EffectiveAreas/Roman_effarea_v8_SCA14_20240301.ecsv
# %ECSV 1.0
# ---
# Effective area for Roman (m^2) - parameters as of 2024 03 01
# datatype:
# - {name: Wave, datatype: float32}
# - {name: F062, datatype: float32}
# - {name: F087, datatype: float32}
# - {name: F106, datatype: float32}
# - {name: F129, datatype: float32}
# - {name: F158, datatype: float32}
# - {name: F184, datatype: float32}
# - {name: F146, datatype: float32}
# - {name: F213, datatype: float32}
# - {name: Prism, datatype: float32}
# - {name: Grism_1stOrder, datatype: float32}
# - {name: Grism_0thOrder, datatype: float32}
# schema: astropy-2.0
Wave, F062, F087, F106, F129, F158, F184, F146, F213, Prism, Grism_1stOrder, Grism_0thOrder
[from data line 1195]
     1.595,    0.0000,    0.0000,    0.0000,    0.0000,    2.5867,    0.0000,    2.5867,    0.0000,    2.4733,     1.8505,     0.0028
     1.596,    0.0000,    0.0000,    0.0000,    0.0000,    2.5868,    0.0000,    2.5868,    0.0000,    2.4734,     1.8484,     0.0029
     1.597,    0.0000,    0.0000,    0.0000,    0.0000,    2.5870,    0.0000,    2.5870,    0.0000,    2.4736,     1.8464,     0.0029
     1.598,    0.0000,    0.0000,    0.0000,    0.0000,    2.5876,    0.0000,    2.5876,    0.0000,    2.4741,     1.8447,     0.0030
     1.599,    0.0000,    0.0000,    0.0000,    0.0000,    2.5886,    0.0000,    2.5886,    0.0000,    2.4751,     1.8432,     0.0030
     1.600,    0.0000,    0.0000,    0.0000,    0.0000,    2.5896,    0.0000,    2.5896,    0.0000,    2.4761,     1.8418,     0.0030
     1.601,    0.0000,    0.0000,    0.0000,    0.0000,    2.5901,    0.0000,    2.5901,    0.0000,    2.4765,     1.8400,     0.0031
     1.602,    0.0000,    0.0000,    0.0000,    0.0000,    2.5904,    0.0000,    2.5904,    0.0000,    2.4768,     1.8380,     0.0031
     1.603,    0.0000,    0.0000,    0.0000,    0.0000,    2.5909,    0.0000,    2.5909,    0.0000,    2.4773,     1.8362,     0.0032
     1.604,    0.0000,    0.0000,    0.0000,    0.0000,    2.5915,    0.0000,    2.5915,    0.0000,    2.4779,     1.8344,     0.0032
     1.605,    0.0000,    0.0000,    0.0000,    0.0000,    2.5922,    0.0000,    2.5922,    0.0000,    2.4786,     1.8328,     0.0033
     1.606,    0.0000,    0.0000,    0.0000,    0.0000,    2.5931,    0.0000,    2.5931,    0.0000,    2.4794,     1.8312,     0.0033
     1.607,    0.0000,    0.0000,    0.0000,    0.0000,    2.5940,    0.0000,    2.5940,    0.0000,    2.4803,     1.8297,     0.0033
     1.608,    0.0000,    0.0000,    0.0000,    0.0000,    2.5948,    0.0000,    2.5948,    0.0000,    2.4810,     1.8281,     0.0034
     1.609,    0.0000,    0.0000,    0.0000,    0.0000,    2.5953,    0.0000,    2.5953,    0.0000,    2.4815,     1.8262,     0.0034
     1.610,    0.0000,    0.0000,    0.0000,    0.0000,    2.5959,    0.0000,    2.5959,    0.0000,    2.4821,     1.8245,     0.0035
     1.611,    0.0000,    0.0000,    0.0000,    0.0000,    2.5970,    0.0000,    2.5970,    0.0000,    2.4831,     1.8230,     0.0035
     1.612,    0.0000,    0.0000,    0.0000,    0.0000,    2.5979,    0.0000,    2.5979,    0.0000,    2.4840,     1.8215,     0.0036
     1.613,    0.0000,    0.0000,    0.0000,    0.0000,    2.5983,    0.0000,    2.5983,    0.0000,    2.4844,     1.8196,     0.0036
     1.614,    0.0000,    0.0000,    0.0000,    0.0000,    2.5987,    0.0000,    2.5987,    0.0000,    2.4848,     1.8176,     0.0037
     1.615,    0.0000,    0.0000,    0.0000,    0.0000,    2.5996,    0.0000,    2.5996,    0.0000,    2.4857,     1.8161,     0.0037
     1.616,    0.0000,    0.0000,    0.0000,    0.0000,    2.6009,    0.0000,    2.6009,    0.0000,    2.4868,     1.8148,     0.0038
     1.617,    0.0000,    0.0000,    0.0000,    0.0000,    2.6021,    0.0000,    2.6021,    0.0000,    2.4880,     1.8134,     0.0038
     1.618,    0.0000,    0.0000,    0.0000,    0.0000,    2.6031,    0.0000,    2.6031,    0.0000,    2.4889,     1.8119,     0.0039
     1.619,    0.0000,    0.0000,    0.0000,    0.0000,    2.6038,    0.0000,    2.6038,    0.0000,    2.4897,     1.8102,     0.0039
     1.620,    0.0000,    0.0000,    0.0000,    0.0000,    2.6045,    0.0000,    2.6045,    0.0000,    2.4903,     1.8084,     0.0040
     1.621,    0.0000,    0.0000,    0.0000,    0.0000,    2.6051,    0.0000,    2.6051,    0.0000,    2.4909,     1.8067,     0.0040
     1.622,    0.0000,    0.0000,    0.0000,    0.0000,    2.6059,    0.0000,    2.6059,    0.0000,    2.4916,     1.8050,     0.0041
     1.623,    0.0000,    0.0000,    0.0000,    0.0000,    2.6068,    0.0000,    2.6068,    0.0000,    2.4925,     1.8034,     0.0041
     1.624,    0.0000,    0.0000,    0.0000,    0.0000,    2.6076,    0.0000,    2.6076,    0.0000,    2.4933,     1.8018,     0.0042
     1.625,    0.0000,    0.0000,    0.0000,    0.0000,    2.6081,    0.0000,    2.6081,    0.0000,    2.4938,     1.7999,     0.0042
     1.626,    0.0000,    0.0000,    0.0000,    0.0000,    2.6088,    0.0000,    2.6088,    0.0000,    2.4944,     1.7982,     0.0043
     1.627,    0.0000,    0.0000,    0.0000,    0.0000,    2.6100,    0.0000,    2.6100,    0.0000,    2.4955,     1.7967,     0.0044
     1.628,    0.0000,    0.0000,    0.0000,    0.0000,    2.6110,    0.0000,    2.6110,    0.0000,    2.4966,     1.7953,     0.0044
     1.629,    0.0000,    0.0000,    0.0000,    0.0000,    2.6115,    0.0000,    2.6115,    0.0000,    2.4970,     1.7933,     0.0045
     1.630,    0.0000,    0.0000,    0.0000,    0.0000,    2.6118,    0.0000,    2.6118,    0.0000,    2.4973,     1.7914,     0.0045
     1.631,    0.0000,    0.0000,    0.0000,    0.0000,    2.6127,    0.0000,    2.6127,    0.0000,    2.4982,     1.7897,     0.0046
     1.632,    0.0000,    0.0000,    0.0000,    0.0000,    2.6139,    0.0000,    2.6139,    0.0000,    2.4993,     1.7883,     0.0046
     1.633,    0.0000,    0.0000,    0.0000,    0.0000,    2.6151,    0.0000,    2.6151,    0.0000,    2.5004,     1.7869,     0.0047
     1.634,    0.0000,    0.0000,    0.0000,    0.0000,    2.6160,    0.0000,    2.6160,    0.0000,    2.5013,     1.7853,     0.0048
     1.635,    0.0000,    0.0000,    0.0000,    0.0000,    2.6168,    0.0000,    2.6168,    0.0000,    2.5021,     1.7836,     0.0048
     1.636,    0.0000,    0.0000,    0.0000,    0.0000,    2.6176,    0.0000,    2.6176,    0.0000,    2.5028,     1.7819,     0.0049
     1.637,    0.0000,    0.0000,    0.0000,    0.0000,    2.6185,    0.0000,    2.6185,    0.0000,    2.5037,     1.7803,     0.0049
     1.638,    0.0000,    0.0000,    0.0000,    0.0000,    2.6195,    0.0000,    2.6195,    0.0000,    2.5046,     1.7787,     0.0050
     1.639,    0.0000,    0.0000,    0.0000,    0.0000,    2.6204,    0.0000,    2.6204,    0.0000,    2.5055,     1.7771,     0.0051
     1.640,    0.0000,    0.0000,    0.0000,    0.0000,    2.6211,    0.0000,    2.6211,    0.0000,    2.5062,     1.7753,     0.0051
     1.641,    0.0000,    0.0000,    0.0000,    0.0000,    2.6215,    0.0000,    2.6215,    0.0000,    2.5066,     1.7734,     0.0052
     1.642,    0.0000,    0.0000,    0.0000,    0.0000,    2.6222,    0.0000,    2.6222,    0.0000,    2.5072,     1.7716,     0.0052
     1.643,    0.0000,    0.0000,    0.0000,    0.0000,    2.6234,    0.0000,    2.6234,    0.0000,    2.5083,     1.7701,     0.0053
     1.644,    0.0000,    0.0000,    0.0000,    0.0000,    2.6245,    0.0000,    2.6245,    0.0000,    2.5094,     1.7687,     0.0054
     1.645,    0.0000,    0.0000,    0.0000,    0.0000,    2.6250,    0.0000,    2.6250,    0.0000,    2.5099,     1.7668,     0.0054
     1.646,    0.0000,    0.0000,    0.0000,    0.0000,    2.6252,    0.0000,    2.6252,    0.0000,    2.5101,     1.7647,     0.0055
     1.647,    0.0000,    0.0000,    0.0000,    0.0000,    2.6257,    0.0000,    2.6257,    0.0000,    2.5106,     1.7627,     0.0056
     1.648,    0.0000,    0.0000,    0.0000,    0.0000,    2.6263,    0.0000,    2.6263,    0.0000,    2.5111,     1.7609,     0.0056
     1.649,    0.0000,    0.0000,    0.0000,    0.0000,    2.6268,    0.0000,    2.6268,    0.0000,    2.5116,     1.7590,     0.0057
     1.650,    0.0000,    0.0000,    0.0000,    0.0000,    2.6276,    0.0000,    2.6276,    0.0000,    2.5124,     1.7572,     0.0058
     1.651,    0.0000,    0.0000,    0.0000,    0.0000,    2.6289,    0.0000,    2.6289,    0.0000,    2.5136,     1.7559,     0.0058
     1.652,    0.0000,    0.0000,    0.0000,    0.0000,    2.6299,    0.0000,    2.6299,    0.0000,    2.5146,     1.7543,     0.0059
     1.653,    0.0000,    0.0000,    0.0000,    0.0000,    2.6296,    0.0000,    2.6296,    0.0000,    2.5143,     1.7519,     0.0060
     1.654,    0.0000,    0.0000,    0.0000,    0.0000,    2.6294,    0.0000,    2.6294,    0.0000,    2.5141,     1.7495,     0.0060
     1.655,    0.0000,    0.0000,    0.0000,    0.0000,    2.6304,    0.0000,    2.6304,    0.0000,    2.5151,     1.7478,     0.0061
     1.656,    0.0000,    0.0000,    0.0000,    0.0000,    2.6317,    0.0000,    2.6317,    0.0000,    2.5164,     1.7465,     0.0062
     1.657,    0.0000,    0.0000,    0.0000,    0.0000,    2.6325,    0.0000,    2.6325,    0.0000,    2.5171,     1.7448,     0.0062
     1.658,    0.0000,    0.0000,    0.0000,    0.0000,    2.6330,    0.0000,    2.6330,    0.0000,    2.5175,     1.7428,     0.0063
     1.659,    0.0000,    0.0000,    0.0000,    0.0000,    2.6334,    0.0000,    2.6334,    0.0000,    2.5180,     1.7408,     0.0064
     1.660,    0.0000,    0.0000,    0.0000,    0.0000,    2.6343,    0.0000,    2.6343,    0.0000,    2.5188,     1.7391,     0.0064
     1.661,    0.0000,    0.0000,    0.0000,    0.0000,    2.6355,    0.0000,    2.6355,    0.0000,    2.5200,     1.7377,     0.0065
     1.662,    0.0000,    0.0000,    0.0000,    0.0000,    2.6363,    0.0000,    2.6363,    0.0000,    2.5207,     1.7360,     0.0066
     1.663,    0.0000,    0.0000,    0.0000,    0.0000,    2.6359,    0.0000,    2.6359,    0.0000,    2.5204,     1.7335,     0.0067
     1.664,    0.0000,    0.0000,    0.0000,    0.0000,    2.6356,    0.0000,    2.6356,    0.0000,    2.5200,     1.7309,     0.0067
     1.665,    0.0000,    0.0000,    0.0000,    0.0000,    2.6364,    0.0000,    2.6364,    0.0000,    2.5208,     1.7292,     0.0068
     1.666,    0.0000,    0.0000,    0.0000,    0.0000,    2.6377,    0.0001,    2.6377,    0.0000,    2.5221,     1.7278,     0.0069
     1.667,    0.0000,    0.0000,    0.0000,    0.0000,    2.6386,    0.0004,    2.6386,    0.0000,    2.5230,     1.7262,     0.0070
     1.668,    0.0000,    0.0000,    0.0000,    0.0000,    2.6389,    0.0009,    2.6389,    0.0000,    2.5232,     1.7241,     0.0070
     1.669,    0.0000,    0.0000,    0.0000,    0.0000,    2.6386,    0.0023,    2.6386,    0.0000,    2.5229,     1.7216,     0.0071
     1.670,    0.0000,    0.0000,    0.0000,    0.0000,    2.6385,    0.0053,    2.6385,    0.0000,    2.5228,     1.7193,     0.0072
     1.671,    0.0000,    0.0000,    0.0000,    0.0000,    2.6391,    0.0117,    2.6391,    0.0000,    2.5234,     1.7174,     0.0073
     1.672,    0.0000,    0.0000,    0.0000,    0.0000,    2.6398,    0.0240,    2.6398,    0.0000,    2.5241,     1.7156,     0.0073
     1.673,    0.0000,    0.0000,    0.0000,    0.0000,    2.6399,    0.0464,    2.6399,    0.0000,    2.5242,     1.7134,     0.0074
     1.674,    0.0000,    0.0000,    0.0000,    0.0000,    2.6400,    0.0845,    2.6400,    0.0000,    2.5243,     1.7112,     0.0075
     1.675,    0.0000,    0.0000,    0.0000,    0.0000,    2.6408,    0.1453,    2.6408,    0.0000,    2.5250,     1.7095,     0.0076
     1.676,    0.0000,    0.0000,    0.0000,    0.0000,    2.6417,    0.2359,    2.6417,    0.0000,    2.5259,     1.7078,     0.0077
     1.677,    0.0000,    0.0000,    0.0000,    0.0000,    2.6422,    0.3622,    2.6422,    0.0000,    2.5264,     1.7058,     0.0077
     1.678,    0.0000,    0.0000,    0.0000,    0.0000,    2.6426,    0.5268,    2.6426,    0.0000,    2.5268,     1.7038,     0.0078
     1.679,    0.0000,    0.0000,    0.0000,    0.0000,    2.6434,    0.7277,    2.6434,    0.0000,    2.5275,     1.7021,     0.0079
     1.680,    0.0000,    0.0000,    0.0000,    0.0000,    2.6443,    0.9569,    2.6443,    0.0000,    2.5284,     1.7004,     0.0080
     1.681,    0.0000,    0.0000,    0.0000,    0.0000,    2.6449,    1.2015,    2.6449,    0.0000,    2.5290,     1.6985,     0.0081
     1.682,    0.0000,    0.0000,    0.0000,    0.0000,    2.6454,    1.4456,    2.6454,    0.0000,    2.5294,     1.6965,     0.0082
     1.683,    0.0000,    0.0000,    0.0000,    0.0000,    2.6459,    1.6737,    2.6459,    0.0000,    2.5299,     1.6946,     0.0082
     1.684,    0.0000,    0.0000,    0.0000,    0.0000,    2.6465,    1.8729,    2.6465,    0.0000,    2.5304,     1.6927,     0.0083
     1.685,    0.0000,    0.0000,    0.0000,    0.0000,    2.6467,    2.0356,    2.6467,    0.0000,    2.5307,     1.6906,     0.0084
     1.686,    0.0000,    0.0000,    0.0000,    0.0000,    2.6470,    2.1600,    2.6470,    0.0000,    2.5310,     1.6885,     0.0085
     1.687,    0.0000,    0.0000,    0.0000,    0.0000,    2.6475,    2.2492,    2.6475,    0.0000,    2.5314,     1.6866,     0.0086
     1.688,    0.0000,    0.0000,    0.0000,    0.0000,    2.6481,    2.3091,    2.6481,    0.0000,    2.5320,     1.6847,     0.0087
     1.689,    0.0000,    0.0000,    0.0000,    0.0000,    2.6487,    2.3467,    2.6487,    0.0000,    2.5326,     1.6828,     0.0088
     1.690,    0.0000,    0.0000,    0.0000,    0.0000,    2.6491,    2.3688,    2.6491,    0.0000,    2.5330,     1.6808,     0.0088
     1.691,    0.0000,    0.0000,    0.0000,    0.0000,    2.6495,    2.3811,    2.6495,    0.0000,    2.5334,     1.6788,     0.0089
     1.692,    0.0000,    0.0000,    0.0000,    0.0000,    2.6502,    2.3878,    2.6502,    0.0000,    2.5340,     1.6769,     0.0090
     1.693,    0.0000,    0.0000,    0.0000,    0.0000,    2.6513,    2.3917,    2.6513,    0.0000,    2.5351,     1.6754,     0.0091
     1.694,    0.0000,    0.0000,    0.0000,    0.0000,    2.6522,    2.3938,    2.6522,    0.0000,    2.5360,     1.6737,     0.0092
     1.695,    0.0000,    0.0000,    0.0000,    0.0000,    2.6524,    2.3945,    2.6524,    0.0000,    2.5361,     1.6715,     0.0093
     1.696,    0.0000,    0.0000,    0.0000,    0.0000,    2.6527,    2.3950,    2.6527,    0.0000,    2.5364,     1.6694,     0.0094
     1.697,    0.0000,    0.0000,    0.0000,    0.0000,    2.6541,    2.3963,    2.6541,    0.0000,    2.5377,     1.6680,     0.0095
     1.698,    0.0000,    0.0000,    0.0000,    0.0000,    2.6552,    2.3974,    2.6552,    0.0000,    2.5388,     1.6665,     0.0096
     1.699,    0.0000,    0.0000,    0.0000,    0.0000,    2.6551,    2.3973,    2.6551,    0.0000,    2.5387,     1.6642,     0.0097
     1.700,    0.0000,    0.0000,    0.0000,    0.0000,    2.6550,    2.3972,    2.6550,    0.0000,    2.5386,     1.6618,     0.0098
     1.701,    0.0000,    0.0000,    0.0000,    0.0000,    2.6562,    2.3983,    2.6562,    0.0000,    2.5397,     1.6603,     0.0099
     1.702,    0.0000,    0.0000,    0.0000,    0.0000,    2.6579,    2.3999,    2.6579,    0.0000,    2.5414,     1.6591,     0.0100
     1.703,    0.0000,    0.0000,    0.0000,    0.0000,    2.6591,    2.4009,    2.6591,    0.0000,    2.5426,     1.6576,     0.0101
     1.704,    0.0000,    0.0000,    0.0000,    0.0000,    2.6597,    2.4014,    2.6597,    0.0000,    2.5431,     1.6557,     0.0102
     1.705,    0.0000,    0.0000,    0.0000,    0.0000,    2.6598,    2.4015,    2.6598,    0.0000,    2.5431,     1.6534,     0.0103
     1.706,    0.0000,    0.0000,    0.0000,    0.0000,    2.6600,    2.4017,    2.6600,    0.0000,    2.5434,     1.6513,     0.0104
     1.707,    0.0000,    0.0000,    0.0000,    0.0000,    2.6610,    2.4026,    2.6610,    0.0000,    2.5443,     1.6497,     0.0105
     1.708,    0.0000,    0.0000,    0.0000,    0.0000,    2.6621,    2.4037,    2.6621,    0.0000,    2.5454,     1.6481,     0.0106
     1.709,    0.0000,    0.0000,    0.0000,    0.0000,    2.6629,    2.4043,    2.6629,    0.0000,    2.5461,     1.6463,     0.0107
     1.710,    0.0000,    0.0000,    0.0000,    0.0000,    2.6633,    2.4047,    2.6633,    0.0000,    2.5466,     1.6443,     0.0108
     1.711,    0.0000,    0.0000,    0.0000,    0.0000,    2.6639,    2.4053,    2.6639,    0.0000,    2.5472,     1.6424,     0.0109
     1.712,    0.0000,    0.0000,    0.0000,    0.0000,    2.6647,    2.4060,    2.6647,    0.0000,    2.5479,     1.6406,     0.0110
