romanisim/data/roman-technical-information/data/WideFieldInstrument/Imaging/EffectiveAreas/Roman_effarea_v8_SCA16_20240301.ecsv
# %ECSV 1.0
# ---
# Effective area for Roman (m^2) - parameters as of 2024 03 01
# datatype:
# - {name: Wave, datatype: float32}
# - {name: F062, datatype: float32}
# - {name: F087, datatype: float32}
# - {name: F106, datatype: float32}
# - {name: F129, datatype: float32}
# - {name: F158, datatype: float32}
# - {name: F184, datatype: float32}
# - {name: F146, datatype: float32}
# - {name: F213, datatype: float32}
# - {name: Prism, datatype: float32}
# - {name: Grism_1stOrder, datatype: float32}
# - {name: Grism_0thOrder, datatype: float32}
# schema: astropy-2.0
Wave, F062, F087, F106, F129, F158, F184, F146, F213, Prism, Grism_1stOrder, Grism_0thOrder
[from data line 1195]
     1.595,    0.0000,    0.0000,    0.0000,    0.0000,    2.4874,    0.0000,    2.4874,    0.0000,    2.4928,     1.7360,     0.0027
     1.596,    0.0000,    0.0000,    0.0000,    0.0000,    2.4875,    0.0000,    2.4875,    0.0000,    2.4929,     1.7341,     0.0027
     1.597,    0.0000,    0.0000,    0.0000,    0.0000,    2.4877,    0.0000,    2.4877,    0.0000,    2.4931,     1.7322,     0.0027
     1.598,    0.0000,    0.0000,    0.0000,    0.0000,    2.4882,    0.0000,    2.4882,    0.0000,    2.4936,     1.7306,     0.0028
     1.599,    0.0000,    0.0000,    0.0000,    0.0000,    2.4892,    0.0000,    2.4892,    0.0000,    2.4946,     1.7292,     0.0028
     1.600,    0.0000,    0.0000,    0.0000,    0.0000,    2.4902,    0.0000,    2.4902,    0.0000,    2.4956,     1.7278,     0.0029
     1.601,    0.0000,    0.0000,    0.0000,    0.0000,    2.4906,    0.0000,    2.4906,    0.0000,    2.4960,     1.7261,     0.0029
     1.602,    0.0000,    0.0000,    0.0000,    0.0000,    2.4909,    0.0000,    2.4909,    0.0000,    2.4963,     1.7243,     0.0029
     1.603,    0.0000,    0.0000,    0.0000,    0.0000,    2.4913,    0.0000,    2.4913,    0.0000,    2.4967,     1.7225,     0.0030
     1.604,    0.0000,    0.0000,    0.0000,    0.0000,    2.4919,    0.0000,    2.4919,    0.0000,    2.4973,     1.7209,     0.0030
     1.605,    0.0000,    0.0000,    0.0000,    0.0000,    2.4926,    0.0000,    2.4926,    0.0000,    2.4980,     1.7193,     0.0031
     1.606,    0.0000,    0.0000,    0.0000,    0.0000,    2.4934,    0.0000,    2.4934,    0.0000,    2.4988,     1.7178,     0.0031
     1.607,    0.0000,    0.0000,    0.0000,    0.0000,    2.4942,    0.0000,    2.4942,    0.0000,    2.4997,     1.7164,     0.0031
     1.608,    0.0000,    0.0000,    0.0000,    0.0000,    2.4950,    0.0000,    2.4950,    0.0000,    2.5004,     1.7148,     0.0032
     1.609,    0.0000,    0.0000,    0.0000,    0.0000,    2.4955,    0.0000,    2.4955,    0.0000,    2.5009,     1.7131,     0.0032
     1.610,    0.0000,    0.0000,    0.0000,    0.0000,    2.4960,    0.0000,    2.4960,    0.0000,    2.5015,     1.7114,     0.0033
     1.611,    0.0000,    0.0000,    0.0000,    0.0000,    2.4970,    0.0000,    2.4970,    0.0000,    2.5024,     1.7100,     0.0033
     1.612,    0.0000,    0.0000,    0.0000,    0.0000,    2.4978,    0.0000,    2.4978,    0.0000,    2.5033,     1.7086,     0.0034
     1.613,    0.0000,    0.0000,    0.0000,    0.0000,    2.4982,    0.0000,    2.4982,    0.0000,    2.5037,     1.7068,     0.0034
     1.614,    0.0000,    0.0000,    0.0000,    0.0000,    2.4986,    0.0000,    2.4986,    0.0000,    2.5040,     1.7050,     0.0034
     1.615,    0.0000,    0.0000,    0.0000,    0.0000,    2.4994,    0.0000,    2.4994,    0.0000,    2.5049,     1.7035,     0.0035
     1.616,    0.0000,    0.0000,    0.0000,    0.0000,    2.5006,    0.0000,    2.5006,    0.0000,    2.5060,     1.7022,     0.0035
     1.617,    0.0000,    0.0000,    0.0000,    0.0000,    2.5017,    0.0000,    2.5017,    0.0000,    2.5072,     1.7009,     0.0036
     1.618,    0.0000,    0.0000,    0.0000,    0.0000,    2.5026,    0.0000,    2.5026,    0.0000,    2.5081,     1.6995,     0.0036
     1.619,    0.0000,    0.0000,    0.0000,    0.0000,    2.5034,    0.0000,    2.5034,    0.0000,    2.5088,     1.6979,     0.0037
     1.620,    0.0000,    0.0000,    0.0000,    0.0000,    2.5040,    0.0000,    2.5040,    0.0000,    2.5094,     1.6962,     0.0037
     1.621,    0.0000,    0.0000,    0.0000,    0.0000,    2.5046,    0.0000,    2.5046,    0.0000,    2.5100,     1.6946,     0.0038
     1.622,    0.0000,    0.0000,    0.0000,    0.0000,    2.5053,    0.0000,    2.5053,    0.0000,    2.5107,     1.6930,     0.0038
     1.623,    0.0000,    0.0000,    0.0000,    0.0000,    2.5061,    0.0000,    2.5061,    0.0000,    2.5116,     1.6915,     0.0039
     1.624,    0.0000,    0.0000,    0.0000,    0.0000,    2.5069,    0.0000,    2.5069,    0.0000,    2.5123,     1.6899,     0.0039
     1.625,    0.0000,    0.0000,    0.0000,    0.0000,    2.5074,    0.0000,    2.5074,    0.0000,    2.5128,     1.6882,     0.0040
     1.626,    0.0000,    0.0000,    0.0000,    0.0000,    2.5080,    0.0000,    2.5080,    0.0000,    2.5134,     1.6865,     0.0040
     1.627,    0.0000,    0.0000,    0.0000,    0.0000,    2.5091,    0.0000,    2.5091,    0.0000,    2.5146,     1.6852,     0.0041
     1.628,    0.0000,    0.0000,    0.0000,    0.0000,    2.5101,    0.0000,    2.5101,    0.0000,    2.5156,     1.6838,     0.0041
     1.629,    0.0000,    0.0000,    0.0000,    0.0000,    2.5105,    0.0000,    2.5105,    0.0000,    2.5160,     1.6819,     0.0042
     1.630,    0.0000,    0.0000,    0.0000,    0.0000,    2.5109,    0.0000,    2.5109,    0.0000,    2.5163,     1.6801,     0.0042
     1.631,    0.0000,    0.0000,    0.0000,    0.0000,    2.5117,    0.0000,    2.5117,    0.0000,    2.5172,     1.6786,     0.0043
     1.632,    0.0000,    0.0000,    0.0000,    0.0000,    2.5129,    0.0000,    2.5129,    0.0000,    2.5183,     1.6772,     0.0043
     1.633,    0.0000,    0.0000,    0.0000,    0.0000,    2.5140,    0.0000,    2.5140,    0.0000,    2.5194,     1.6759,     0.0044
     1.634,    0.0000,    0.0000,    0.0000,    0.0000,    2.5149,    0.0000,    2.5149,    0.0000,    2.5204,     1.6744,     0.0045
     1.635,    0.0000,    0.0000,    0.0000,    0.0000,    2.5156,    0.0000,    2.5156,    0.0000,    2.5211,     1.6728,     0.0045
     1.636,    0.0000,    0.0000,    0.0000,    0.0000,    2.5164,    0.0000,    2.5164,    0.0000,    2.5218,     1.6712,     0.0046
     1.637,    0.0000,    0.0000,    0.0000,    0.0000,    2.5173,    0.0000,    2.5173,    0.0000,    2.5227,     1.6697,     0.0046
     1.638,    0.0000,    0.0000,    0.0000,    0.0000,    2.5182,    0.0000,    2.5182,    0.0000,    2.5237,     1.6683,     0.0047
     1.639,    0.0000,    0.0000,    0.0000,    0.0000,    2.5192,    0.0000,    2.5192,    0.0000,    2.5246,     1.6668,     0.0047
     1.640,    0.0000,    0.0000,    0.0000,    0.0000,    2.5198,    0.0000,    2.5198,    0.0000,    2.5253,     1.6651,     0.0048
     1.641,    0.0000,    0.0000,    0.0000,    0.0000,    2.5203,    0.0000,    2.5203,    0.0000,    2.5258,     1.6633,     0.0049
     1.642,    0.0000,    0.0000,    0.0000,    0.0000,    2.5209,    0.0000,    2.5209,    0.0000,    2.5264,     1.6616,     0.0049
     1.643,    0.0000,    0.0000,    0.0000,    0.0000,    2.5221,    0.0000,    2.5221,    0.0000,    2.5276,     1.6603,     0.0050
     1.644,    0.0000,    0.0000,    0.0000,    0.0000,    2.5233,    0.0000,    2.5233,    0.0000,    2.5287,     1.6589,     0.0050
     1.645,    0.0000,    0.0000,    0.0000,    0.0000,    2.5238,    0.0000,    2.5238,    0.0000,    2.5293,     1.6572,     0.0051
     1.646,    0.0000,    0.0000,    0.0000,    0.0000,    2.5240,    0.0000,    2.5240,    0.0000,    2.5295,     1.6552,     0.0052
     1.647,    0.0000,    0.0000,    0.0000,    0.0000,    2.5246,    0.0000,    2.5246,    0.0000,    2.5300,     1.6535,     0.0052
     1.648,    0.0000,    0.0000,    0.0000,    0.0000,    2.5252,    0.0000,    2.5252,    0.0000,    2.5307,     1.6518,     0.0053
     1.649,    0.0000,    0.0000,    0.0000,    0.0000,    2.5257,    0.0000,    2.5257,    0.0000,    2.5312,     1.6500,     0.0053
     1.650,    0.0000,    0.0000,    0.0000,    0.0000,    2.5265,    0.0000,    2.5265,    0.0000,    2.5320,     1.6484,     0.0054
     1.651,    0.0000,    0.0000,    0.0000,    0.0000,    2.5279,    0.0000,    2.5279,    0.0000,    2.5334,     1.6472,     0.0055
     1.652,    0.0000,    0.0000,    0.0000,    0.0000,    2.5289,    0.0000,    2.5289,    0.0000,    2.5344,     1.6457,     0.0055
     1.653,    0.0000,    0.0000,    0.0000,    0.0000,    2.5288,    0.0000,    2.5288,    0.0000,    2.5343,     1.6435,     0.0056
     1.654,    0.0000,    0.0000,    0.0000,    0.0000,    2.5286,    0.0000,    2.5286,    0.0000,    2.5341,     1.6414,     0.0056
     1.655,    0.0000,    0.0000,    0.0000,    0.0000,    2.5297,    0.0000,    2.5297,    0.0000,    2.5352,     1.6399,     0.0057
     1.656,    0.0000,    0.0000,    0.0000,    0.0000,    2.5311,    0.0000,    2.5311,    0.0000,    2.5366,     1.6387,     0.0058
     1.657,    0.0000,    0.0000,    0.0000,    0.0000,    2.5319,    0.0000,    2.5319,    0.0000,    2.5374,     1.6371,     0.0058
     1.658,    0.0000,    0.0000,    0.0000,    0.0000,    2.5324,    0.0000,    2.5324,    0.0000,    2.5380,     1.6353,     0.0059
     1.659,    0.0000,    0.0000,    0.0000,    0.0000,    2.5330,    0.0001,    2.5330,    0.0000,    2.5385,     1.6336,     0.0060
     1.660,    0.0000,    0.0000,    0.0000,    0.0000,    2.5339,    0.0002,    2.5339,    0.0000,    2.5394,     1.6321,     0.0060
     1.661,    0.0000,    0.0000,    0.0000,    0.0000,    2.5353,    0.0005,    2.5353,    0.0000,    2.5408,     1.6308,     0.0061
     1.662,    0.0000,    0.0000,    0.0000,    0.0000,    2.5362,    0.0012,    2.5362,    0.0000,    2.5417,     1.6293,     0.0062
     1.663,    0.0000,    0.0000,    0.0000,    0.0000,    2.5359,    0.0028,    2.5359,    0.0000,    2.5414,     1.6270,     0.0063
     1.664,    0.0000,    0.0000,    0.0000,    0.0000,    2.5357,    0.0062,    2.5357,    0.0000,    2.5412,     1.6247,     0.0063
     1.665,    0.0000,    0.0000,    0.0000,    0.0000,    2.5366,    0.0129,    2.5366,    0.0000,    2.5421,     1.6232,     0.0064
     1.666,    0.0000,    0.0000,    0.0000,    0.0000,    2.5380,    0.0254,    2.5380,    0.0000,    2.5436,     1.6220,     0.0065
     1.667,    0.0000,    0.0000,    0.0000,    0.0000,    2.5391,    0.0474,    2.5391,    0.0000,    2.5446,     1.6205,     0.0065
     1.668,    0.0000,    0.0000,    0.0000,    0.0000,    2.5395,    0.0839,    2.5395,    0.0000,    2.5450,     1.6186,     0.0066
     1.669,    0.0000,    0.0000,    0.0000,    0.0000,    2.5393,    0.1405,    2.5393,    0.0000,    2.5449,     1.6164,     0.0067
     1.670,    0.0000,    0.0000,    0.0000,    0.0000,    2.5394,    0.2234,    2.5394,    0.0000,    2.5449,     1.6143,     0.0067
     1.671,    0.0000,    0.0000,    0.0000,    0.0000,    2.5401,    0.3376,    2.5401,    0.0000,    2.5456,     1.6127,     0.0068
     1.672,    0.0000,    0.0000,    0.0000,    0.0000,    2.5409,    0.4856,    2.5409,    0.0000,    2.5464,     1.6110,     0.0069
     1.673,    0.0000,    0.0000,    0.0000,    0.0000,    2.5412,    0.6658,    2.5412,    0.0000,    2.5467,     1.6091,     0.0070
     1.674,    0.0000,    0.0000,    0.0000,    0.0000,    2.5415,    0.8723,    2.5415,    0.0000,    2.5470,     1.6071,     0.0070
     1.675,    0.0000,    0.0000,    0.0000,    0.0000,    2.5424,    1.0953,    2.5424,    0.0000,    2.5479,     1.6056,     0.0071
     1.676,    0.0000,    0.0000,    0.0000,    0.0000,    2.5434,    1.3216,    2.5434,    0.0000,    2.5489,     1.6041,     0.0072
     1.677,    0.0000,    0.0000,    0.0000,    0.0000,    2.5440,    1.5375,    2.5440,    0.0000,    2.5496,     1.6024,     0.0073
     1.678,    0.0000,    0.0000,    0.0000,    0.0000,    2.5446,    1.7314,    2.5446,    0.0000,    2.5501,     1.6006,     0.0073
     1.679,    0.0000,    0.0000,    0.0000,    0.0000,    2.5456,    1.8955,    2.5456,    0.0000,    2.5511,     1.5991,     0.0074
     1.680,    0.0000,    0.0000,    0.0000,    0.0000,    2.5466,    2.0261,    2.5466,    0.0000,    2.5521,     1.5976,     0.0075
     1.681,    0.0000,    0.0000,    0.0000,    0.0000,    2.5473,    2.1238,    2.5473,    0.0000,    2.5529,     1.5959,     0.0076
     1.682,    0.0000,    0.0000,    0.0000,    0.0000,    2.5479,    2.1925,    2.5479,    0.0000,    2.5535,     1.5942,     0.0077
     1.683,    0.0000,    0.0000,    0.0000,    0.0000,    2.5487,    2.2383,    2.5487,    0.0000,    2.5542,     1.5925,     0.0077
     1.684,    0.0000,    0.0000,    0.0000,    0.0000,    2.5493,    2.2669,    2.5493,    0.0000,    2.5549,     1.5908,     0.0078
     1.685,    0.0000,    0.0000,    0.0000,    0.0000,    2.5497,    2.2837,    2.5497,    0.0000,    2.5553,     1.5889,     0.0079
     1.686,    0.0000,    0.0000,    0.0000,    0.0000,    2.5502,    2.2932,    2.5502,    0.0000,    2.5557,     1.5871,     0.0080
     1.687,    0.0000,    0.0000,    0.0000,    0.0000,    2.5508,    2.2985,    2.5508,    0.0000,    2.5564,     1.5853,     0.0081
     1.688,    0.0000,    0.0000,    0.0000,    0.0000,    2.5516,    2.3014,    2.5516,    0.0000,    2.5572,     1.5837,     0.0081
     1.689,    0.0000,    0.0000,    0.0000,    0.0000,    2.5523,    2.3031,    2.5523,    0.0000,    2.5579,     1.5820,     0.0082
     1.690,    0.0000,    0.0000,    0.0000,    0.0000,    2.5529,    2.3041,    2.5529,    0.0000,    2.5585,     1.5802,     0.0083
     1.691,    0.0000,    0.0000,    0.0000,    0.0000,    2.5535,    2.3048,    2.5535,    0.0000,    2.5590,     1.5784,     0.0084
     1.692,    0.0000,    0.0000,    0.0000,    0.0000,    2.5543,    2.3056,    2.5543,    0.0000,    2.5598,     1.5768,     0.0085
     1.693,    0.0000,    0.0000,    0.0000,    0.0000,    2.5555,    2.3068,    2.5555,    0.0000,    2.5611,     1.5754,     0.0086
     1.694,    0.0000,    0.0000,    0.0000,    0.0000,    2.5566,    2.3077,    2.5566,    0.0000,    2.5621,     1.5740,     0.0087
     1.695,    0.0000,    0.0000,    0.0000,    0.0000,    2.5569,    2.3080,    2.5569,    0.0000,    2.5624,     1.5720,     0.0087
     1.696,    0.0000,    0.0000,    0.0000,    0.0000,    2.5574,    2.3084,    2.5574,    0.0000,    2.5629,     1.5702,     0.0088
     1.697,    0.0000,    0.0000,    0.0000,    0.0000,    2.5588,    2.3097,    2.5588,    0.0000,    2.5644,     1.5689,     0.0089
     1.698,    0.0000,    0.0000,    0.0000,    0.0000,    2.5601,    2.3109,    2.5601,    0.0000,    2.5657,     1.5676,     0.0090
     1.699,    0.0000,    0.0000,    0.0000,    0.0000,    2.5602,    2.3110,    2.5602,    0.0000,    2.5657,     1.5655,     0.0091
     1.700,    0.0000,    0.0000,    0.0000,    0.0000,    2.5602,    2.3110,    2.5602,    0.0000,    2.5658,     1.5634,     0.0092
     1.701,    0.0000,    0.0000,    0.0000,    0.0000,    2.5615,    2.3122,    2.5615,    0.0000,    2.5671,     1.5620,     0.0093
     1.702,    0.0000,    0.0000,    0.0000,    0.0000,    2.5633,    2.3138,    2.5633,    0.0000,    2.5689,     1.5610,     0.0094
     1.703,    0.0000,    0.0000,    0.0000,    0.0000,    2.5647,    2.3150,    2.5647,    0.0000,    2.5702,     1.5597,     0.0095
     1.704,    0.0000,    0.0000,    0.0000,    0.0000,    2.5653,    2.3156,    2.5653,    0.0000,    2.5709,     1.5580,     0.0096
     1.705,    0.0000,    0.0000,    0.0000,    0.0000,    2.5655,    2.3158,    2.5655,    0.0000,    2.5711,     1.5560,     0.0097
     1.706,    0.0000,    0.0000,    0.0000,    0.0000,    2.5659,    2.3161,    2.5659,    0.0000,    2.5715,     1.5541,     0.0097
     1.707,    0.0000,    0.0000,    0.0000,    0.0000,    2.5670,    2.3171,    2.5670,    0.0000,    2.5726,     1.5526,     0.0098
     1.708,    0.0000,    0.0000,    0.0000,    0.0000,    2.5683,    2.3182,    2.5683,    0.0000,    2.5738,     1.5512,     0.0099
     1.709,    0.0000,    0.0000,    0.0000,    0.0000,    2.5691,    2.3190,    2.5691,    0.0000,    2.5747,     1.5496,     0.0100
     1.710,    0.0000,    0.0000,    0.0000,    0.0000,    2.5697,    2.3196,    2.5697,    0.0000,    2.5753,     1.5478,     0.0101
     1.711,    0.0000,    0.0000,    0.0000,    0.0000,    2.5704,    2.3202,    2.5704,    0.0000,    2.5760,     1.5461,     0.0102
     1.712,    0.0000,    0.0000,    0.0000,    0.0000,    2.5713,    2.3210,    2.5713,    0.0000,    2.5769,     1.5445,     0.0103
