romanisim/data/roman-technical-information/data/WideFieldInstrument/Imaging/EffectiveAreas/Roman_effarea_v8_SCA08_20240301.ecsv
# %ECSV 1.0
# ---
# Effective area for Roman (m^2) - parameters as of 2024 03 01
# datatype:
# - {name: Wave, datatype: float32}
# - {name: F062, datatype: float32}
# - {name: F087, datatype: float32}
# - {name: F106, datatype: float32}
# - {name: F129, datatype: float32}
# - {name: F158, datatype: float32}
# - {name: F184, datatype: float32}
# - {name: F146, datatype: float32}
# - {name: F213, datatype: float32}
# - {name: Prism, datatype: float32}
# - {name: Grism_1stOrder, datatype: float32}
# - {name: Grism_0thOrder, datatype: float32}
# schema: astropy-2.0
Wave, F062, F087, F106, F129, F158, F184, F146, F213, Prism, Grism_1stOrder, Grism_0thOrder
[from data line 598]
     0.998,    0.0000,    0.0000,    2.5397,    0.0000,    0.0000,    0.0000,    2.5397,    0.0000,    2.4300,     0.8867,     0.0035
     0.999,    0.0000,    0.0000,    2.5404,    0.0000,    0.0000,    0.0000,    2.5404,    0.0000,    2.4307,     0.9500,     0.0037
     1.000,    0.0000,    0.0000,    2.5412,    0.0000,    0.0000,    0.0000,    2.5412,    0.0000,    2.4314,     0.9808,     0.0038
     1.001,    0.0000,    0.0000,    2.5416,    0.0000,    0.0000,    0.0000,    2.5416,    0.0000,    2.4318,     0.9954,     0.0038
     1.002,    0.0000,    0.0000,    2.5417,    0.0000,    0.0000,    0.0000,    2.5417,    0.0000,    2.4319,     1.0039,     0.0038
     1.003,    0.0000,    0.0000,    2.5416,    0.0000,    0.0000,    0.0000,    2.5416,    0.0000,    2.4318,     1.0106,     0.0038
     1.004,    0.0000,    0.0000,    2.5415,    0.0000,    0.0000,    0.0000,    2.5415,    0.0000,    2.4317,     1.0169,     0.0037
     1.005,    0.0000,    0.0000,    2.5416,    0.0000,    0.0000,    0.0000,    2.5416,    0.0000,    2.4318,     1.0232,     0.0037
     1.006,    0.0000,    0.0000,    2.5418,    0.0000,    0.0000,    0.0000,    2.5418,    0.0000,    2.4320,     1.0295,     0.0037
     1.007,    0.0000,    0.0000,    2.5421,    0.0000,    0.0000,    0.0000,    2.5421,    0.0000,    2.4323,     1.0359,     0.0037
     1.008,    0.0000,    0.0000,    2.5423,    0.0000,    0.0000,    0.0000,    2.5423,    0.0000,    2.4325,     1.0422,     0.0036
     1.009,    0.0000,    0.0000,    2.5422,    0.0000,    0.0000,    0.0000,    2.5422,    0.0000,    2.4324,     1.0484,     0.0036
     1.010,    0.0000,    0.0000,    2.5422,    0.0000,    0.0000,    0.0000,    2.5422,    0.0000,    2.4324,     1.0546,     0.0036
     1.011,    0.0000,    0.0000,    2.5426,    0.0000,    0.0000,    0.0000,    2.5426,    0.0000,    2.4328,     1.0610,     0.0036
     1.012,    0.0000,    0.0000,    2.5432,    0.0000,    0.0000,    0.0000,    2.5432,    0.0000,    2.4333,     1.0674,     0.0035
     1.013,    0.0000,    0.0000,    2.5435,    0.0000,    0.0000,    0.0000,    2.5435,    0.0000,    2.4336,     1.0737,     0.0035
     1.014,    0.0000,    0.0000,    2.5434,    0.0000,    0.0000,    0.0000,    2.5434,    0.0000,    2.4335,     1.0799,     0.0035
     1.015,    0.0000,    0.0000,    2.5431,    0.0000,    0.0000,    0.0000,    2.5431,    0.0000,    2.4332,     1.0860,     0.0035
     1.016,    0.0000,    0.0000,    2.5429,    0.0000,    0.0000,    0.0000,    2.5429,    0.0000,    2.4330,     1.0921,     0.0035
     1.017,    0.0000,    0.0000,    2.5431,    0.0000,    0.0000,    0.0000,    2.5431,    0.0000,    2.4333,     1.0984,     0.0034
     1.018,    0.0000,    0.0000,    2.5435,    0.0000,    0.0000,    0.0000,    2.5435,    0.0000,    2.4337,     1.1047,     0.0034
     1.019,    0.0000,    0.0000,    2.5438,    0.0000,    0.0000,    0.0000,    2.5438,    0.0000,    2.4339,     1.1110,     0.0034
     1.020,    0.0000,    0.0000,    2.5439,    0.0000,    0.0000,    0.0000,    2.5439,    0.0000,    2.4340,     1.1172,     0.0034
     1.021,    0.0000,    0.0000,    2.5439,    0.0000,    0.0000,    0.0000,    2.5439,    0.0000,    2.4340,     1.1234,     0.0033
     1.022,    0.0000,    0.0000,    2.5439,    0.0000,    0.0000,    0.0000,    2.5439,    0.0000,    2.4340,     1.1295,     0.0033
     1.023,    0.0000,    0.0000,    2.5440,    0.0000,    0.0000,    0.0000,    2.5440,    0.0000,    2.4341,     1.1357,     0.0033
     1.024,    0.0000,    0.0000,    2.5442,    0.0000,    0.0000,    0.0000,    2.5442,    0.0000,    2.4343,     1.1419,     0.0033
     1.025,    0.0000,    0.0000,    2.5441,    0.0000,    0.0000,    0.0000,    2.5441,    0.0000,    2.4342,     1.1480,     0.0032
     1.026,    0.0000,    0.0000,    2.5438,    0.0000,    0.0000,    0.0000,    2.5438,    0.0000,    2.4340,     1.1540,     0.0032
     1.027,    0.0000,    0.0000,    2.5435,    0.0000,    0.0000,    0.0000,    2.5435,    0.0000,    2.4337,     1.1600,     0.0032
     1.028,    0.0000,    0.0000,    2.5435,    0.0000,    0.0000,    0.0000,    2.5435,    0.0000,    2.4336,     1.1661,     0.0032
     1.029,    0.0000,    0.0000,    2.5438,    0.0000,    0.0000,    0.0000,    2.5438,    0.0000,    2.4340,     1.1723,     0.0031
     1.030,    0.0000,    0.0000,    2.5441,    0.0000,    0.0000,    0.0000,    2.5441,    0.0000,    2.4342,     1.1785,     0.0031
     1.031,    0.0000,    0.0000,    2.5438,    0.0000,    0.0000,    0.0000,    2.5438,    0.0000,    2.4339,     1.1845,     0.0031
     1.032,    0.0000,    0.0000,    2.5434,    0.0000,    0.0000,    0.0000,    2.5434,    0.0000,    2.4335,     1.1903,     0.0031
     1.033,    0.0000,    0.0000,    2.5433,    0.0000,    0.0000,    0.0000,    2.5433,    0.0000,    2.4335,     1.1963,     0.0030
     1.034,    0.0000,    0.0000,    2.5434,    0.0000,    0.0000,    0.0000,    2.5434,    0.0000,    2.4335,     1.2024,     0.0030
     1.035,    0.0000,    0.0000,    2.5434,    0.0000,    0.0000,    0.0000,    2.5434,    0.0000,    2.4335,     1.2084,     0.0030
     1.036,    0.0000,    0.0000,    2.5432,    0.0000,    0.0000,    0.0000,    2.5432,    0.0000,    2.4334,     1.2144,     0.0030
     1.037,    0.0000,    0.0000,    2.5430,    0.0000,    0.0000,    0.0000,    2.5430,    0.0000,    2.4332,     1.2203,     0.0029
     1.038,    0.0000,    0.0000,    2.5427,    0.0000,    0.0000,    0.0000,    2.5427,    0.0000,    2.4329,     1.2261,     0.0029
     1.039,    0.0000,    0.0000,    2.5424,    0.0000,    0.0000,    0.0000,    2.5424,    0.0000,    2.4326,     1.2319,     0.0029
     1.040,    0.0000,    0.0000,    2.5419,    0.0000,    0.0000,    0.0000,    2.5419,    0.0000,    2.4321,     1.2377,     0.0029
     1.041,    0.0000,    0.0000,    2.5414,    0.0000,    0.0000,    0.0000,    2.5414,    0.0000,    2.4316,     1.2434,     0.0028
     1.042,    0.0000,    0.0000,    2.5412,    0.0000,    0.0000,    0.0000,    2.5412,    0.0000,    2.4314,     1.2492,     0.0028
     1.043,    0.0000,    0.0000,    2.5414,    0.0000,    0.0000,    0.0000,    2.5414,    0.0000,    2.4316,     1.2553,     0.0028
     1.044,    0.0000,    0.0000,    2.5414,    0.0000,    0.0000,    0.0000,    2.5414,    0.0000,    2.4316,     1.2612,     0.0028
     1.045,    0.0000,    0.0000,    2.5405,    0.0000,    0.0000,    0.0000,    2.5405,    0.0000,    2.4308,     1.2667,     0.0027
     1.046,    0.0000,    0.0000,    2.5395,    0.0000,    0.0000,    0.0000,    2.5395,    0.0000,    2.4298,     1.2720,     0.0027
     1.047,    0.0000,    0.0000,    2.5391,    0.0000,    0.0000,    0.0000,    2.5391,    0.0000,    2.4294,     1.2777,     0.0027
     1.048,    0.0000,    0.0000,    2.5392,    0.0000,    0.0000,    0.0000,    2.5392,    0.0000,    2.4295,     1.2836,     0.0027
     1.049,    0.0000,    0.0000,    2.5394,    0.0000,    0.0000,    0.0000,    2.5394,    0.0000,    2.4297,     1.2896,     0.0026
     1.050,    0.0000,    0.0000,    2.5392,    0.0000,    0.0000,    0.0000,    2.5392,    0.0000,    2.4295,     1.2953,     0.0026
     1.051,    0.0000,    0.0000,    2.5383,    0.0000,    0.0000,    0.0000,    2.5383,    0.0000,    2.4287,     1.3007,     0.0026
     1.052,    0.0000,    0.0000,    2.5374,    0.0000,    0.0000,    0.0000,    2.5374,    0.0000,    2.4278,     1.3060,     0.0025
     1.053,    0.0000,    0.0000,    2.5370,    0.0000,    0.0000,    0.0000,    2.5370,    0.0000,    2.4274,     1.3116,     0.0025
     1.054,    0.0000,    0.0000,    2.5370,    0.0000,    0.0000,    0.0000,    2.5370,    0.0000,    2.4274,     1.3173,     0.0025
     1.055,    0.0000,    0.0000,    2.5369,    0.0000,    0.0000,    0.0000,    2.5369,    0.0000,    2.4273,     1.3230,     0.0025
     1.056,    0.0000,    0.0000,    2.5367,    0.0000,    0.0000,    0.0000,    2.5367,    0.0000,    2.4271,     1.3287,     0.0024
     1.057,    0.0000,    0.0000,    2.5363,    0.0000,    0.0000,    0.0000,    2.5363,    0.0000,    2.4267,     1.3342,     0.0024
     1.058,    0.0000,    0.0000,    2.5354,    0.0000,    0.0000,    0.0000,    2.5354,    0.0000,    2.4259,     1.3394,     0.0024
     1.059,    0.0000,    0.0000,    2.5341,    0.0000,    0.0000,    0.0000,    2.5341,    0.0000,    2.4246,     1.3444,     0.0024
     1.060,    0.0000,    0.0000,    2.5329,    0.0000,    0.0000,    0.0000,    2.5329,    0.0000,    2.4235,     1.3495,     0.0023
     1.061,    0.0000,    0.0000,    2.5325,    0.0000,    0.0000,    0.0000,    2.5325,    0.0000,    2.4231,     1.3549,     0.0023
     1.062,    0.0000,    0.0000,    2.5323,    0.0000,    0.0000,    0.0000,    2.5323,    0.0000,    2.4230,     1.3605,     0.0023
     1.063,    0.0000,    0.0000,    2.5320,    0.0000,    0.0000,    0.0000,    2.5320,    0.0000,    2.4226,     1.3659,     0.0023
     1.064,    0.0000,    0.0000,    2.5312,    0.0000,    0.0000,    0.0000,    2.5312,    0.0000,    2.4219,     1.3711,     0.0022
     1.065,    0.0000,    0.0000,    2.5300,    0.0000,    0.0000,    0.0000,    2.5300,    0.0000,    2.4207,     1.3760,     0.0022
     1.066,    0.0000,    0.0000,    2.5289,    0.0000,    0.0000,    0.0000,    2.5289,    0.0000,    2.4196,     1.3809,     0.0022
     1.067,    0.0000,    0.0000,    2.5281,    0.0000,    0.0000,    0.0000,    2.5281,    0.0000,    2.4189,     1.3861,     0.0022
     1.068,    0.0000,    0.0000,    2.5275,    0.0000,    0.0000,    0.0000,    2.5275,    0.0000,    2.4183,     1.3913,     0.0021
     1.069,    0.0000,    0.0000,    2.5267,    0.0000,    0.0000,    0.0000,    2.5267,    0.0000,    2.4175,     1.3964,     0.0021
     1.070,    0.0000,    0.0000,    2.5259,    0.0000,    0.0000,    0.0000,    2.5259,    0.0000,    2.4168,     1.4014,     0.0021
     1.071,    0.0000,    0.0000,    2.5253,    0.0000,    0.0000,    0.0000,    2.5253,    0.0000,    2.4162,     1.4066,     0.0021
     1.072,    0.0000,    0.0000,    2.5249,    0.0000,    0.0000,    0.0000,    2.5249,    0.0000,    2.4158,     1.4118,     0.0020
     1.073,    0.0000,    0.0000,    2.5243,    0.0000,    0.0000,    0.0000,    2.5243,    0.0000,    2.4153,     1.4169,     0.0020
     1.074,    0.0000,    0.0000,    2.5239,    0.0000,    0.0000,    0.0000,    2.5239,    0.0000,    2.4148,     1.4221,     0.0020
     1.075,    0.0000,    0.0000,    2.5236,    0.0000,    0.0000,    0.0000,    2.5236,    0.0000,    2.4146,     1.4273,     0.0020
     1.076,    0.0000,    0.0000,    2.5231,    0.0000,    0.0000,    0.0000,    2.5231,    0.0000,    2.4141,     1.4324,     0.0020
     1.077,    0.0000,    0.0000,    2.5222,    0.0000,    0.0000,    0.0000,    2.5222,    0.0000,    2.4132,     1.4373,     0.0019
     1.078,    0.0000,    0.0000,    2.5210,    0.0000,    0.0000,    0.0000,    2.5210,    0.0000,    2.4121,     1.4419,     0.0019
     1.079,    0.0000,    0.0000,    2.5200,    0.0000,    0.0000,    0.0000,    2.5200,    0.0000,    2.4111,     1.4467,     0.0019
     1.080,    0.0000,    0.0000,    2.5194,    0.0000,    0.0000,    0.0000,    2.5194,    0.0000,    2.4105,     1.4516,     0.0019
     1.081,    0.0000,    0.0000,    2.5193,    0.0000,    0.0000,    0.0000,    2.5193,    0.0000,    2.4105,     1.4568,     0.0018
     1.082,    0.0000,    0.0000,    2.5190,    0.0000,    0.0000,    0.0000,    2.5190,    0.0000,    2.4102,     1.4619,     0.0018
     1.083,    0.0000,    0.0000,    2.5180,    0.0000,    0.0000,    0.0000,    2.5180,    0.0000,    2.4092,     1.4666,     0.0018
     1.084,    0.0000,    0.0000,    2.5170,    0.0000,    0.0000,    0.0000,    2.5170,    0.0000,    2.4082,     1.4712,     0.0018
     1.085,    0.0000,    0.0000,    2.5167,    0.0000,    0.0000,    0.0000,    2.5167,    0.0000,    2.4080,     1.4763,     0.0017
     1.086,    0.0000,    0.0000,    2.5165,    0.0000,    0.0000,    0.0000,    2.5165,    0.0000,    2.4078,     1.4813,     0.0017
     1.087,    0.0000,    0.0000,    2.5157,    0.0000,    0.0000,    0.0000,    2.5157,    0.0000,    2.4070,     1.4860,     0.0017
     1.088,    0.0000,    0.0000,    2.5146,    0.0000,    0.0000,    0.0000,    2.5146,    0.0000,    2.4060,     1.4905,     0.0017
     1.089,    0.0000,    0.0000,    2.5139,    0.0000,    0.0000,    0.0000,    2.5139,    0.0000,    2.4053,     1.4952,     0.0017
     1.090,    0.0000,    0.0000,    2.5134,    0.0000,    0.0000,    0.0000,    2.5134,    0.0000,    2.4049,     1.5000,     0.0016
     1.091,    0.0000,    0.0000,    2.5129,    0.0000,    0.0000,    0.0000,    2.5129,    0.0000,    2.4044,     1.5048,     0.0016
     1.092,    0.0000,    0.0000,    2.5123,    0.0000,    0.0000,    0.0000,    2.5123,    0.0000,    2.4037,     1.5095,     0.0016
     1.093,    0.0000,    0.0000,    2.5115,    0.0000,    0.0000,    0.0000,    2.5115,    0.0000,    2.4030,     1.5141,     0.0016
     1.094,    0.0000,    0.0000,    2.5107,    0.0000,    0.0000,    0.0000,    2.5107,    0.0000,    2.4023,     1.5186,     0.0015
     1.095,    0.0000,    0.0000,    2.5102,    0.0000,    0.0000,    0.0000,    2.5102,    0.0000,    2.4018,     1.5233,     0.0015
     1.096,    0.0000,    0.0000,    2.5097,    0.0000,    0.0000,    0.0000,    2.5097,    0.0000,    2.4013,     1.5279,     0.0015
     1.097,    0.0000,    0.0000,    2.5089,    0.0000,    0.0000,    0.0000,    2.5089,    0.0000,    2.4006,     1.5324,     0.0015
     1.098,    0.0000,    0.0000,    2.5091,    0.0000,    0.0000,    0.0000,    2.5091,    0.0000,    2.4008,     1.5375,     0.0015
     1.099,    0.0000,    0.0000,    2.5111,    0.0000,    0.0000,    0.0000,    2.5111,    0.0000,    2.4026,     1.5436,     0.0014
     1.100,    0.0000,    0.0000,    2.5129,    0.0000,    0.0000,    0.0000,    2.5129,    0.0000,    2.4044,     1.5496,     0.0014
     1.101,    0.0000,    0.0000,    2.5129,    0.0000,    0.0000,    0.0000,    2.5129,    0.0000,    2.4044,     1.5545,     0.0014
     1.102,    0.0000,    0.0000,    2.5121,    0.0000,    0.0000,    0.0000,    2.5121,    0.0000,    2.4036,     1.5589,     0.0014
     1.103,    0.0000,    0.0000,    2.5118,    0.0000,    0.0000,    0.0000,    2.5118,    0.0000,    2.4033,     1.5635,     0.0014
     1.104,    0.0000,    0.0000,    2.5119,    0.0000,    0.0000,    0.0000,    2.5119,    0.0000,    2.4034,     1.5684,     0.0013
     1.105,    0.0000,    0.0000,    2.5120,    0.0000,    0.0000,    0.0000,    2.5120,    0.0000,    2.4034,     1.5732,     0.0013
     1.106,    0.0000,    0.0000,    2.5121,    0.0000,    0.0000,    0.0000,    2.5121,    0.0000,    2.4036,     1.5781,     0.0013
     1.107,    0.0000,    0.0000,    2.5123,    0.0000,    0.0000,    0.0000,    2.5123,    0.0000,    2.4038,     1.5830,     0.0013
     1.108,    0.0000,    0.0000,    2.5122,    0.0000,    0.0000,    0.0000,    2.5122,    0.0000,    2.4037,     1.5876,     0.0013
     1.109,    0.0000,    0.0000,    2.5116,    0.0000,    0.0000,    0.0000,    2.5116,    0.0000,    2.4031,     1.5919,     0.0013
     1.110,    0.0000,    0.0000,    2.5111,    0.0000,    0.0000,    0.0000,    2.5111,    0.0000,    2.4026,     1.5963,     0.0012
     1.111,    0.0000,    0.0000,    2.5114,    0.0000,    0.0000,    0.0000,    2.5114,    0.0000,    2.4029,     1.6012,     0.0012
     1.112,    0.0000,    0.0000,    2.5119,    0.0000,    0.0000,    0.0000,    2.5119,    0.0000,    2.4034,     1.6062,     0.0012
     1.113,    0.0000,    0.0000,    2.5120,    0.0000,    0.0000,    0.0000,    2.5120,    0.0000,    2.4034,     1.6108,     0.0012
     1.114,    0.0000,    0.0000,    2.5120,    0.0001,    0.0000,    0.0000,    2.5120,    0.0000,    2.4035,     1.6154,     0.0012
     1.115,    0.0000,    0.0000,    2.5126,    0.0005,    0.0000,    0.0000,    2.5126,    0.0000,    2.4041,     1.6204,     0.0011
