romanisim/data/roman-technical-information/data/WideFieldInstrument/Imaging/EffectiveAreas/Roman_effarea_v8_SCA11_20240301.ecsv
# %ECSV 1.0
# ---
# Effective area for Roman (m^2) - parameters as of 2024 03 01
# datatype:
# - {name: Wave, datatype: float32}
# - {name: F062, datatype: float32}
# - {name: F087, datatype: float32}
# - {name: F106, datatype: float32}
# - {name: F129, datatype: float32}
# - {name: F158, datatype: float32}
# - {name: F184, datatype: float32}
# - {name: F146, datatype: float32}
# - {name: F213, datatype: float32}
# - {name: Prism, datatype: float32}
# - {name: Grism_1stOrder, datatype: float32}
# - {name: Grism_0thOrder, datatype: float32}
# schema: astropy-2.0
Wave, F062, F087, F106, F129, F158, F184, F146, F213, Prism, Grism_1stOrder, Grism_0thOrder
[from data line 956]
     1.356,    0.0000,    0.0000,    0.0000,    2.4894,    0.0000,    0.0000,    2.4894,    0.0000,    2.3735,     2.1828,     0.0000
     1.357,    0.0000,    0.0000,    0.0000,    2.4890,    0.0000,    0.0000,    2.4890,    0.0000,    2.3731,     2.1821,     0.0000
     1.358,    0.0000,    0.0000,    0.0000,    2.4887,    0.0000,    0.0000,    2.4887,    0.0000,    2.3729,     2.1814,     0.0000
     1.359,    0.0000,    0.0000,    0.0000,    2.4891,    0.0000,    0.0000,    2.4891,    0.0000,    2.3733,     2.1814,     0.0000
     1.360,    0.0000,    0.0000,    0.0000,    2.4896,    0.0000,    0.0000,    2.4896,    0.0000,    2.3737,     2.1814,     0.0000
     1.361,    0.0000,    0.0000,    0.0000,    2.4893,    0.0000,    0.0000,    2.4893,    0.0000,    2.3735,     2.1807,     0.0000
     1.362,    0.0000,    0.0000,    0.0000,    2.4888,    0.0000,    0.0000,    2.4888,    0.0000,    2.3729,     2.1798,     0.0000
     1.363,    0.0000,    0.0000,    0.0000,    2.4883,    0.0000,    0.0000,    2.4883,    0.0000,    2.3725,     2.1789,     0.0000
     1.364,    0.0000,    0.0000,    0.0000,    2.4880,    0.0000,    0.0000,    2.4880,    0.0000,    2.3722,     2.1782,     0.0000
     1.365,    0.0000,    0.0000,    0.0000,    2.4878,    0.0000,    0.0000,    2.4878,    0.0000,    2.3721,     2.1775,     0.0000
     1.366,    0.0000,    0.0000,    0.0000,    2.4879,    0.0000,    0.0000,    2.4879,    0.0000,    2.3721,     2.1770,     0.0000
     1.367,    0.0000,    0.0000,    0.0000,    2.4883,    0.0000,    0.0000,    2.4883,    0.0000,    2.3725,     2.1769,     0.0000
     1.368,    0.0000,    0.0000,    0.0000,    2.4887,    0.0000,    0.0000,    2.4887,    0.0000,    2.3729,     2.1767,     0.0000
     1.369,    0.0000,    0.0000,    0.0000,    2.4888,    0.0000,    0.0000,    2.4888,    0.0000,    2.3729,     2.1762,     0.0000
     1.370,    0.0000,    0.0000,    0.0000,    2.4885,    0.0000,    0.0000,    2.4885,    0.0000,    2.3727,     2.1754,     0.0000
     1.371,    0.0000,    0.0000,    0.0000,    2.4882,    0.0000,    0.0000,    2.4882,    0.0000,    2.3724,     2.1745,     0.0000
     1.372,    0.0000,    0.0000,    0.0000,    2.4879,    0.0000,    0.0000,    2.4879,    0.0000,    2.3721,     2.1737,     0.0000
     1.373,    0.0000,    0.0000,    0.0000,    2.4878,    0.0001,    0.0000,    2.4878,    0.0000,    2.3720,     2.1729,     0.0000
     1.374,    0.0000,    0.0000,    0.0000,    2.4878,    0.0003,    0.0000,    2.4878,    0.0000,    2.3720,     2.1723,     0.0000
     1.375,    0.0000,    0.0000,    0.0000,    2.4879,    0.0010,    0.0000,    2.4879,    0.0000,    2.3721,     2.1718,     0.0000
     1.376,    0.0000,    0.0000,    0.0000,    2.4880,    0.0029,    0.0000,    2.4880,    0.0000,    2.3722,     2.1712,     0.0000
     1.377,    0.0000,    0.0000,    0.0000,    2.4880,    0.0077,    0.0000,    2.4880,    0.0000,    2.3722,     2.1706,     0.0000
     1.378,    0.0000,    0.0000,    0.0000,    2.4878,    0.0190,    0.0000,    2.4878,    0.0000,    2.3721,     2.1698,     0.0000
     1.379,    0.0000,    0.0000,    0.0000,    2.4874,    0.0427,    0.0000,    2.4874,    0.0000,    2.3716,     2.1687,     0.0000
     1.380,    0.0000,    0.0000,    0.0000,    2.4869,    0.0881,    0.0000,    2.4869,    0.0000,    2.3712,     2.1676,     0.0000
     1.381,    0.0000,    0.0000,    0.0000,    2.4867,    0.1672,    0.0000,    2.4867,    0.0000,    2.3710,     2.1667,     0.0000
     1.382,    0.0000,    0.0000,    0.0000,    2.4866,    0.2926,    0.0000,    2.4866,    0.0000,    2.3709,     2.1659,     0.0000
     1.383,    0.0000,    0.0000,    0.0000,    2.4863,    0.4731,    0.0000,    2.4863,    0.0000,    2.3706,     2.1649,     0.0000
     1.384,    0.0000,    0.0000,    0.0000,    2.4857,    0.7093,    0.0000,    2.4857,    0.0000,    2.3700,     2.1636,     0.0000
     1.385,    0.0000,    0.0000,    0.0000,    2.4848,    0.9903,    0.0000,    2.4848,    0.0000,    2.3692,     2.1620,     0.0000
     1.386,    0.0000,    0.0000,    0.0000,    2.4841,    1.2943,    0.0000,    2.4841,    0.0000,    2.3685,     2.1607,     0.0000
     1.387,    0.0000,    0.0000,    0.0000,    2.4841,    1.5937,    0.0000,    2.4841,    0.0000,    2.3685,     2.1599,     0.0000
     1.388,    0.0000,    0.0000,    0.0000,    2.4843,    1.8616,    0.0000,    2.4843,    0.0000,    2.3686,     2.1592,     0.0000
     1.389,    0.0000,    0.0000,    0.0000,    2.4840,    2.0792,    0.0000,    2.4840,    0.0000,    2.3684,     2.1581,     0.0000
     1.390,    0.0000,    0.0000,    0.0000,    2.4840,    2.2402,    0.0000,    2.4840,    0.0000,    2.3684,     2.1573,     0.0000
     1.391,    0.0000,    0.0000,    0.0000,    2.4849,    2.3493,    0.0000,    2.4849,    0.0000,    2.3692,     2.1573,     0.0000
     1.392,    0.0000,    0.0000,    0.0000,    2.4857,    2.4162,    0.0000,    2.4857,    0.0000,    2.3700,     2.1571,     0.0000
     1.393,    0.0000,    0.0000,    0.0000,    2.4854,    2.4527,    0.0000,    2.4854,    0.0000,    2.3697,     2.1560,     0.0000
     1.394,    0.0000,    0.0000,    0.0000,    2.4846,    2.4705,    0.0000,    2.4846,    0.0000,    2.3689,     2.1544,     0.0000
     1.395,    0.0000,    0.0000,    0.0000,    2.4842,    2.4786,    0.0000,    2.4842,    0.0000,    2.3685,     2.1532,     0.0000
     1.396,    0.0000,    0.0000,    0.0000,    2.4843,    2.4823,    0.0000,    2.4843,    0.0000,    2.3687,     2.1524,     0.0000
     1.397,    0.0000,    0.0000,    0.0000,    2.4848,    2.4841,    0.0000,    2.4848,    0.0000,    2.3692,     2.1519,     0.0000
     1.398,    0.0000,    0.0000,    0.0000,    2.4850,    2.4848,    0.0000,    2.4850,    0.0000,    2.3694,     2.1512,     0.0000
     1.399,    0.0000,    0.0000,    0.0000,    2.4844,    2.4844,    0.0000,    2.4844,    0.0000,    2.3688,     2.1498,     0.0000
     1.400,    0.0000,    0.0000,    0.0000,    2.4836,    2.4835,    0.0000,    2.4836,    0.0000,    2.3680,     2.1481,     0.0000
     1.401,    0.0000,    0.0000,    0.0000,    2.4830,    2.4830,    0.0000,    2.4830,    0.0000,    2.3675,     2.1467,     0.0000
     1.402,    0.0000,    0.0000,    0.0000,    2.4830,    2.4830,    0.0000,    2.4830,    0.0000,    2.3674,     2.1457,     0.0000
     1.403,    0.0000,    0.0000,    0.0000,    2.4833,    2.4833,    0.0000,    2.4833,    0.0000,    2.3677,     2.1450,     0.0000
     1.404,    0.0000,    0.0000,    0.0000,    2.4835,    2.4835,    0.0000,    2.4835,    0.0000,    2.3679,     2.1442,     0.0000
     1.405,    0.0000,    0.0000,    0.0000,    2.4833,    2.4833,    0.0000,    2.4833,    0.0000,    2.3677,     2.1430,     0.0000
     1.406,    0.0000,    0.0000,    0.0000,    2.4828,    2.4828,    0.0000,    2.4828,    0.0000,    2.3673,     2.1415,     0.0000
     1.407,    0.0000,    0.0000,    0.0000,    2.4822,    2.4822,    0.0000,    2.4822,    0.0000,    2.3667,     2.1400,     0.0000
     1.408,    0.0000,    0.0000,    0.0000,    2.4816,    2.4816,    0.0000,    2.4816,    0.0000,    2.3661,     2.1385,     0.0000
     1.409,    0.0000,    0.0000,    0.0000,    2.4812,    2.4812,    0.0000,    2.4812,    0.0000,    2.3657,     2.1371,     0.0000
     1.410,    0.0000,    0.0000,    0.0000,    2.4805,    2.4805,    0.0000,    2.4805,    0.0000,    2.3651,     2.1354,     0.0000
     1.411,    0.0000,    0.0000,    0.0000,    2.4793,    2.4793,    0.0000,    2.4793,    0.0000,    2.3640,     2.1334,     0.0000
     1.412,    0.0000,    0.0000,    0.0000,    2.4784,    2.4784,    0.0000,    2.4784,    0.0000,    2.3631,     2.1315,     0.0000
     1.413,    0.0000,    0.0000,    0.0000,    2.4785,    2.4785,    0.0000,    2.4785,    0.0000,    2.3631,     2.1304,     0.0000
     1.414,    0.0000,    0.0000,    0.0000,    2.4787,    2.4787,    0.0000,    2.4787,    0.0000,    2.3633,     2.1295,     0.0000
     1.415,    0.0000,    0.0000,    0.0000,    2.4782,    2.4782,    0.0000,    2.4782,    0.0000,    2.3629,     2.1280,     0.0000
     1.416,    0.0000,    0.0000,    0.0000,    2.4774,    2.4774,    0.0000,    2.4774,    0.0000,    2.3621,     2.1262,     0.0000
     1.417,    0.0000,    0.0000,    0.0000,    2.4768,    2.4768,    0.0000,    2.4768,    0.0000,    2.3615,     2.1246,     0.0000
     1.418,    0.0000,    0.0000,    0.0000,    2.4767,    2.4767,    0.0000,    2.4767,    0.0000,    2.3614,     2.1234,     0.0000
     1.419,    0.0000,    0.0000,    0.0000,    2.4770,    2.4770,    0.0000,    2.4770,    0.0000,    2.3617,     2.1225,     0.0000
     1.420,    0.0000,    0.0000,    0.0000,    2.4774,    2.4774,    0.0000,    2.4774,    0.0000,    2.3621,     2.1217,     0.0000
     1.421,    0.0000,    0.0000,    0.0000,    2.4775,    2.4775,    0.0000,    2.4775,    0.0000,    2.3622,     2.1206,     0.0000
     1.422,    0.0000,    0.0000,    0.0000,    2.4781,    2.4781,    0.0000,    2.4781,    0.0000,    2.3628,     2.1200,     0.0000
     1.423,    0.0000,    0.0000,    0.0000,    2.4797,    2.4797,    0.0000,    2.4797,    0.0000,    2.3643,     2.1201,     0.0000
     1.424,    0.0000,    0.0000,    0.0000,    2.4817,    2.4817,    0.0000,    2.4817,    0.0000,    2.3662,     2.1206,     0.0000
     1.425,    0.0000,    0.0000,    0.0000,    2.4832,    2.4832,    0.0000,    2.4832,    0.0000,    2.3676,     2.1207,     0.0001
     1.426,    0.0000,    0.0000,    0.0000,    2.4840,    2.4840,    0.0000,    2.4840,    0.0000,    2.3684,     2.1202,     0.0001
     1.427,    0.0000,    0.0000,    0.0000,    2.4841,    2.4841,    0.0000,    2.4841,    0.0000,    2.3685,     2.1190,     0.0001
     1.428,    0.0000,    0.0000,    0.0000,    2.4842,    2.4842,    0.0000,    2.4842,    0.0000,    2.3686,     2.1179,     0.0001
     1.429,    0.0000,    0.0000,    0.0000,    2.4847,    2.4847,    0.0000,    2.4847,    0.0000,    2.3691,     2.1171,     0.0001
     1.430,    0.0000,    0.0000,    0.0000,    2.4854,    2.4854,    0.0000,    2.4854,    0.0000,    2.3697,     2.1164,     0.0001
     1.431,    0.0000,    0.0000,    0.0000,    2.4859,    2.4859,    0.0000,    2.4859,    0.0000,    2.3702,     2.1155,     0.0001
     1.432,    0.0000,    0.0000,    0.0000,    2.4862,    2.4862,    0.0000,    2.4862,    0.0000,    2.3705,     2.1145,     0.0001
     1.433,    0.0000,    0.0000,    0.0000,    2.4865,    2.4865,    0.0000,    2.4865,    0.0000,    2.3708,     2.1135,     0.0001
     1.434,    0.0000,    0.0000,    0.0000,    2.4870,    2.4870,    0.0000,    2.4870,    0.0000,    2.3712,     2.1126,     0.0001
     1.435,    0.0000,    0.0000,    0.0000,    2.4875,    2.4875,    0.0000,    2.4875,    0.0000,    2.3717,     2.1118,     0.0001
     1.436,    0.0000,    0.0000,    0.0000,    2.4880,    2.4880,    0.0000,    2.4880,    0.0000,    2.3722,     2.1109,     0.0001
     1.437,    0.0000,    0.0000,    0.0000,    2.4884,    2.4884,    0.0000,    2.4884,    0.0000,    2.3726,     2.1099,     0.0001
     1.438,    0.0000,    0.0000,    0.0000,    2.4886,    2.4886,    0.0000,    2.4886,    0.0000,    2.3728,     2.1087,     0.0001
     1.439,    0.0000,    0.0000,    0.0000,    2.4886,    2.4886,    0.0000,    2.4886,    0.0000,    2.3727,     2.1074,     0.0001
     1.440,    0.0000,    0.0000,    0.0000,    2.4887,    2.4887,    0.0000,    2.4887,    0.0000,    2.3729,     2.1061,     0.0001
     1.441,    0.0000,    0.0000,    0.0000,    2.4894,    2.4894,    0.0000,    2.4894,    0.0000,    2.3735,     2.1053,     0.0001
     1.442,    0.0000,    0.0000,    0.0000,    2.4902,    2.4902,    0.0000,    2.4902,    0.0000,    2.3743,     2.1047,     0.0001
     1.443,    0.0000,    0.0000,    0.0000,    2.4907,    2.4907,    0.0000,    2.4907,    0.0000,    2.3748,     2.1037,     0.0001
     1.444,    0.0000,    0.0000,    0.0000,    2.4907,    2.4908,    0.0000,    2.4908,    0.0000,    2.3749,     2.1024,     0.0001
     1.445,    0.0000,    0.0000,    0.0000,    2.4902,    2.4908,    0.0000,    2.4908,    0.0000,    2.3748,     2.1010,     0.0001
     1.446,    0.0000,    0.0000,    0.0000,    2.4882,    2.4907,    0.0000,    2.4907,    0.0000,    2.3748,     2.0996,     0.0001
     1.447,    0.0000,    0.0000,    0.0000,    2.4811,    2.4909,    0.0000,    2.4909,    0.0000,    2.3750,     2.0983,     0.0001
     1.448,    0.0000,    0.0000,    0.0000,    2.4590,    2.4914,    0.0000,    2.4914,    0.0000,    2.3754,     2.0973,     0.0001
     1.449,    0.0000,    0.0000,    0.0000,    2.4017,    2.4920,    0.0000,    2.4920,    0.0000,    2.3760,     2.0964,     0.0001
     1.450,    0.0000,    0.0000,    0.0000,    2.2781,    2.4927,    0.0000,    2.4927,    0.0000,    2.3767,     2.0955,     0.0001
     1.451,    0.0000,    0.0000,    0.0000,    2.0570,    2.4934,    0.0000,    2.4934,    0.0000,    2.3773,     2.0946,     0.0001
     1.452,    0.0000,    0.0000,    0.0000,    1.7278,    2.4938,    0.0000,    2.4938,    0.0000,    2.3777,     2.0935,     0.0001
     1.453,    0.0000,    0.0000,    0.0000,    1.3196,    2.4937,    0.0000,    2.4937,    0.0000,    2.3777,     2.0920,     0.0001
     1.454,    0.0000,    0.0000,    0.0000,    0.8987,    2.4937,    0.0000,    2.4937,    0.0000,    2.3776,     2.0905,     0.0001
     1.455,    0.0000,    0.0000,    0.0000,    0.5370,    2.4941,    0.0000,    2.4941,    0.0000,    2.3780,     2.0894,     0.0002
     1.456,    0.0000,    0.0000,    0.0000,    0.2781,    2.4947,    0.0000,    2.4947,    0.0000,    2.3786,     2.0884,     0.0002
     1.457,    0.0000,    0.0000,    0.0000,    0.1236,    2.4949,    0.0000,    2.4949,    0.0000,    2.3788,     2.0871,     0.0002
     1.458,    0.0000,    0.0000,    0.0000,    0.0468,    2.4953,    0.0000,    2.4953,    0.0000,    2.3791,     2.0859,     0.0002
     1.459,    0.0000,    0.0000,    0.0000,    0.0150,    2.4959,    0.0000,    2.4959,    0.0000,    2.3797,     2.0849,     0.0002
     1.460,    0.0000,    0.0000,    0.0000,    0.0041,    2.4965,    0.0000,    2.4965,    0.0000,    2.3803,     2.0839,     0.0002
     1.461,    0.0000,    0.0000,    0.0000,    0.0009,    2.4967,    0.0000,    2.4967,    0.0000,    2.3805,     2.0825,     0.0002
     1.462,    0.0000,    0.0000,    0.0000,    0.0002,    2.4969,    0.0000,    2.4969,    0.0000,    2.3807,     2.0811,     0.0002
     1.463,    0.0000,    0.0000,    0.0000,    0.0000,    2.4973,    0.0000,    2.4973,    0.0000,    2.3810,     2.0799,     0.0002
     1.464,    0.0000,    0.0000,    0.0000,    0.0000,    2.4976,    0.0000,    2.4976,    0.0000,    2.3814,     2.0787,     0.0002
     1.465,    0.0000,    0.0000,    0.0000,    0.0000,    2.4977,    0.0000,    2.4977,    0.0000,    2.3814,     2.0771,     0.0002
     1.466,    0.0000,    0.0000,    0.0000,    0.0000,    2.4978,    0.0000,    2.4978,    0.0000,    2.3815,     2.0756,     0.0002
     1.467,    0.0000,    0.0000,    0.0000,    0.0000,    2.4983,    0.0000,    2.4983,    0.0000,    2.3820,     2.0745,     0.0002
     1.468,    0.0000,    0.0000,    0.0000,    0.0000,    2.4991,    0.0000,    2.4991,    0.0000,    2.3828,     2.0736,     0.0002
     1.469,    0.0000,    0.0000,    0.0000,    0.0000,    2.4997,    0.0000,    2.4997,    0.0000,    2.3834,     2.0725,     0.0002
     1.470,    0.0000,    0.0000,    0.0000,    0.0000,    2.5000,    0.0000,    2.5000,    0.0000,    2.3836,     2.0711,     0.0002
     1.471,    0.0000,    0.0000,    0.0000,    0.0000,    2.4999,    0.0000,    2.4999,    0.0000,    2.3835,     2.0695,     0.0002
     1.472,    0.0000,    0.0000,    0.0000,    0.0000,    2.4999,    0.0000,    2.4999,    0.0000,    2.3836,     2.0679,     0.0003
     1.473,    0.0000,    0.0000,    0.0000,    0.0000,    2.5006,    0.0000,    2.5006,    0.0000,    2.3842,     2.0668,     0.0003
