romanisim/data/roman-technical-information/data/WideFieldInstrument/Imaging/EffectiveAreas/Roman_effarea_v8_SCA07_20240301.ecsv
# %ECSV 1.0
# ---
# Effective area for Roman (m^2) - parameters as of 2024 03 01
# datatype:
# - {name: Wave, datatype: float32}
# - {name: F062, datatype: float32}
# - {name: F087, datatype: float32}
# - {name: F106, datatype: float32}
# - {name: F129, datatype: float32}
# - {name: F158, datatype: float32}
# - {name: F184, datatype: float32}
# - {name: F146, datatype: float32}
# - {name: F213, datatype: float32}
# - {name: Prism, datatype: float32}
# - {name: Grism_1stOrder, datatype: float32}
# - {name: Grism_0thOrder, datatype: float32}
# schema: astropy-2.0
Wave, F062, F087, F106, F129, F158, F184, F146, F213, Prism, Grism_1stOrder, Grism_0thOrder
[from data line 1195]
     1.595,    0.0000,    0.0000,    0.0000,    0.0000,    2.5310,    0.0000,    2.5310,    0.0000,    2.5549,     1.7636,     0.0027
     1.596,    0.0000,    0.0000,    0.0000,    0.0000,    2.5311,    0.0000,    2.5311,    0.0000,    2.5549,     1.7616,     0.0027
     1.597,    0.0000,    0.0000,    0.0000,    0.0000,    2.5312,    0.0000,    2.5312,    0.0000,    2.5550,     1.7596,     0.0028
     1.598,    0.0000,    0.0000,    0.0000,    0.0000,    2.5317,    0.0000,    2.5317,    0.0000,    2.5555,     1.7579,     0.0028
     1.599,    0.0000,    0.0000,    0.0000,    0.0000,    2.5326,    0.0000,    2.5326,    0.0000,    2.5565,     1.7565,     0.0029
     1.600,    0.0000,    0.0000,    0.0000,    0.0000,    2.5335,    0.0000,    2.5335,    0.0000,    2.5574,     1.7550,     0.0029
     1.601,    0.0000,    0.0000,    0.0000,    0.0000,    2.5339,    0.0000,    2.5339,    0.0000,    2.5578,     1.7532,     0.0029
     1.602,    0.0000,    0.0000,    0.0000,    0.0000,    2.5341,    0.0000,    2.5341,    0.0000,    2.5580,     1.7513,     0.0030
     1.603,    0.0000,    0.0000,    0.0000,    0.0000,    2.5345,    0.0000,    2.5345,    0.0000,    2.5583,     1.7495,     0.0030
     1.604,    0.0000,    0.0000,    0.0000,    0.0000,    2.5350,    0.0000,    2.5350,    0.0000,    2.5588,     1.7477,     0.0031
     1.605,    0.0000,    0.0000,    0.0000,    0.0000,    2.5356,    0.0000,    2.5356,    0.0000,    2.5594,     1.7461,     0.0031
     1.606,    0.0000,    0.0000,    0.0000,    0.0000,    2.5363,    0.0000,    2.5363,    0.0000,    2.5601,     1.7445,     0.0031
     1.607,    0.0000,    0.0000,    0.0000,    0.0000,    2.5370,    0.0000,    2.5370,    0.0000,    2.5609,     1.7429,     0.0032
     1.608,    0.0000,    0.0000,    0.0000,    0.0000,    2.5377,    0.0000,    2.5377,    0.0000,    2.5616,     1.7413,     0.0032
     1.609,    0.0000,    0.0000,    0.0000,    0.0000,    2.5381,    0.0000,    2.5381,    0.0000,    2.5620,     1.7395,     0.0033
     1.610,    0.0000,    0.0000,    0.0000,    0.0000,    2.5385,    0.0000,    2.5385,    0.0000,    2.5624,     1.7377,     0.0033
     1.611,    0.0000,    0.0000,    0.0000,    0.0000,    2.5394,    0.0000,    2.5394,    0.0000,    2.5633,     1.7362,     0.0034
     1.612,    0.0000,    0.0000,    0.0000,    0.0000,    2.5402,    0.0000,    2.5402,    0.0000,    2.5641,     1.7346,     0.0034
     1.613,    0.0000,    0.0000,    0.0000,    0.0000,    2.5404,    0.0000,    2.5404,    0.0000,    2.5643,     1.7327,     0.0035
     1.614,    0.0000,    0.0000,    0.0000,    0.0000,    2.5406,    0.0000,    2.5406,    0.0000,    2.5646,     1.7308,     0.0035
     1.615,    0.0000,    0.0000,    0.0000,    0.0000,    2.5414,    0.0000,    2.5414,    0.0000,    2.5653,     1.7292,     0.0035
     1.616,    0.0000,    0.0000,    0.0000,    0.0000,    2.5424,    0.0000,    2.5424,    0.0000,    2.5664,     1.7278,     0.0036
     1.617,    0.0000,    0.0000,    0.0000,    0.0000,    2.5434,    0.0000,    2.5434,    0.0000,    2.5674,     1.7264,     0.0036
     1.618,    0.0000,    0.0000,    0.0000,    0.0000,    2.5443,    0.0000,    2.5443,    0.0000,    2.5682,     1.7249,     0.0037
     1.619,    0.0000,    0.0000,    0.0000,    0.0000,    2.5448,    0.0000,    2.5448,    0.0000,    2.5688,     1.7232,     0.0037
     1.620,    0.0000,    0.0000,    0.0000,    0.0000,    2.5453,    0.0000,    2.5453,    0.0000,    2.5693,     1.7214,     0.0038
     1.621,    0.0000,    0.0000,    0.0000,    0.0000,    2.5458,    0.0000,    2.5458,    0.0000,    2.5698,     1.7196,     0.0038
     1.622,    0.0000,    0.0000,    0.0000,    0.0000,    2.5464,    0.0000,    2.5464,    0.0000,    2.5704,     1.7179,     0.0039
     1.623,    0.0000,    0.0000,    0.0000,    0.0000,    2.5471,    0.0000,    2.5471,    0.0000,    2.5711,     1.7163,     0.0039
     1.624,    0.0000,    0.0000,    0.0000,    0.0000,    2.5477,    0.0000,    2.5477,    0.0000,    2.5717,     1.7146,     0.0040
     1.625,    0.0000,    0.0000,    0.0000,    0.0000,    2.5481,    0.0000,    2.5481,    0.0000,    2.5721,     1.7127,     0.0040
     1.626,    0.0000,    0.0000,    0.0000,    0.0000,    2.5486,    0.0000,    2.5486,    0.0000,    2.5726,     1.7109,     0.0041
     1.627,    0.0000,    0.0000,    0.0000,    0.0000,    2.5496,    0.0000,    2.5496,    0.0000,    2.5736,     1.7095,     0.0041
     1.628,    0.0000,    0.0000,    0.0000,    0.0000,    2.5505,    0.0000,    2.5505,    0.0000,    2.5745,     1.7080,     0.0042
     1.629,    0.0000,    0.0000,    0.0000,    0.0000,    2.5507,    0.0000,    2.5507,    0.0000,    2.5747,     1.7060,     0.0042
     1.630,    0.0000,    0.0000,    0.0000,    0.0000,    2.5509,    0.0000,    2.5509,    0.0000,    2.5749,     1.7041,     0.0043
     1.631,    0.0000,    0.0000,    0.0000,    0.0000,    2.5516,    0.0000,    2.5516,    0.0000,    2.5757,     1.7024,     0.0044
     1.632,    0.0000,    0.0000,    0.0000,    0.0000,    2.5527,    0.0000,    2.5527,    0.0000,    2.5767,     1.7010,     0.0044
     1.633,    0.0000,    0.0000,    0.0000,    0.0000,    2.5537,    0.0000,    2.5537,    0.0000,    2.5777,     1.6995,     0.0045
     1.634,    0.0000,    0.0000,    0.0000,    0.0000,    2.5545,    0.0000,    2.5545,    0.0000,    2.5785,     1.6979,     0.0045
     1.635,    0.0000,    0.0000,    0.0000,    0.0000,    2.5551,    0.0000,    2.5551,    0.0000,    2.5791,     1.6962,     0.0046
     1.636,    0.0000,    0.0000,    0.0000,    0.0000,    2.5557,    0.0000,    2.5557,    0.0000,    2.5798,     1.6945,     0.0046
     1.637,    0.0000,    0.0000,    0.0000,    0.0000,    2.5565,    0.0000,    2.5565,    0.0000,    2.5806,     1.6929,     0.0047
     1.638,    0.0000,    0.0000,    0.0000,    0.0000,    2.5573,    0.0000,    2.5573,    0.0000,    2.5814,     1.6913,     0.0047
     1.639,    0.0000,    0.0000,    0.0000,    0.0000,    2.5581,    0.0000,    2.5581,    0.0000,    2.5822,     1.6897,     0.0048
     1.640,    0.0000,    0.0000,    0.0000,    0.0000,    2.5587,    0.0000,    2.5587,    0.0000,    2.5828,     1.6880,     0.0049
     1.641,    0.0000,    0.0000,    0.0000,    0.0000,    2.5590,    0.0000,    2.5590,    0.0000,    2.5831,     1.6861,     0.0049
     1.642,    0.0000,    0.0000,    0.0000,    0.0000,    2.5596,    0.0000,    2.5596,    0.0000,    2.5837,     1.6843,     0.0050
     1.643,    0.0000,    0.0000,    0.0000,    0.0000,    2.5607,    0.0000,    2.5607,    0.0000,    2.5848,     1.6829,     0.0050
     1.644,    0.0000,    0.0000,    0.0000,    0.0000,    2.5617,    0.0000,    2.5617,    0.0000,    2.5858,     1.6814,     0.0051
     1.645,    0.0000,    0.0000,    0.0000,    0.0000,    2.5621,    0.0000,    2.5621,    0.0000,    2.5862,     1.6796,     0.0052
     1.646,    0.0000,    0.0000,    0.0000,    0.0000,    2.5623,    0.0000,    2.5623,    0.0000,    2.5864,     1.6775,     0.0052
     1.647,    0.0000,    0.0000,    0.0000,    0.0000,    2.5627,    0.0000,    2.5627,    0.0000,    2.5868,     1.6757,     0.0053
     1.648,    0.0000,    0.0000,    0.0000,    0.0000,    2.5632,    0.0000,    2.5632,    0.0000,    2.5874,     1.6739,     0.0053
     1.649,    0.0000,    0.0000,    0.0000,    0.0000,    2.5637,    0.0000,    2.5637,    0.0000,    2.5878,     1.6720,     0.0054
     1.650,    0.0000,    0.0000,    0.0000,    0.0000,    2.5644,    0.0000,    2.5644,    0.0000,    2.5886,     1.6704,     0.0055
     1.651,    0.0000,    0.0000,    0.0000,    0.0000,    2.5658,    0.0000,    2.5658,    0.0000,    2.5899,     1.6691,     0.0055
     1.652,    0.0000,    0.0000,    0.0000,    0.0000,    2.5667,    0.0000,    2.5667,    0.0000,    2.5908,     1.6676,     0.0056
     1.653,    0.0000,    0.0000,    0.0000,    0.0000,    2.5665,    0.0000,    2.5665,    0.0000,    2.5906,     1.6653,     0.0057
     1.654,    0.0000,    0.0000,    0.0000,    0.0000,    2.5663,    0.0000,    2.5663,    0.0000,    2.5904,     1.6630,     0.0057
     1.655,    0.0000,    0.0000,    0.0000,    0.0000,    2.5673,    0.0000,    2.5673,    0.0000,    2.5914,     1.6615,     0.0058
     1.656,    0.0000,    0.0000,    0.0000,    0.0000,    2.5686,    0.0000,    2.5686,    0.0000,    2.5928,     1.6603,     0.0059
     1.657,    0.0000,    0.0000,    0.0000,    0.0000,    2.5694,    0.0000,    2.5694,    0.0000,    2.5936,     1.6586,     0.0059
     1.658,    0.0000,    0.0000,    0.0000,    0.0000,    2.5699,    0.0000,    2.5699,    0.0000,    2.5941,     1.6568,     0.0060
     1.659,    0.0000,    0.0000,    0.0000,    0.0000,    2.5704,    0.0001,    2.5704,    0.0000,    2.5946,     1.6550,     0.0061
     1.660,    0.0000,    0.0000,    0.0000,    0.0000,    2.5713,    0.0002,    2.5713,    0.0000,    2.5955,     1.6534,     0.0061
     1.661,    0.0000,    0.0000,    0.0000,    0.0000,    2.5726,    0.0006,    2.5726,    0.0000,    2.5968,     1.6521,     0.0062
     1.662,    0.0000,    0.0000,    0.0000,    0.0000,    2.5735,    0.0014,    2.5735,    0.0000,    2.5977,     1.6505,     0.0063
     1.663,    0.0000,    0.0000,    0.0000,    0.0000,    2.5732,    0.0032,    2.5732,    0.0000,    2.5974,     1.6482,     0.0063
     1.664,    0.0000,    0.0000,    0.0000,    0.0000,    2.5729,    0.0070,    2.5729,    0.0000,    2.5971,     1.6458,     0.0064
     1.665,    0.0000,    0.0000,    0.0000,    0.0000,    2.5738,    0.0145,    2.5738,    0.0000,    2.5980,     1.6443,     0.0065
     1.666,    0.0000,    0.0000,    0.0000,    0.0000,    2.5752,    0.0284,    2.5752,    0.0000,    2.5995,     1.6430,     0.0065
     1.667,    0.0000,    0.0000,    0.0000,    0.0000,    2.5762,    0.0524,    2.5762,    0.0000,    2.6005,     1.6415,     0.0066
     1.668,    0.0000,    0.0000,    0.0000,    0.0000,    2.5766,    0.0918,    2.5766,    0.0000,    2.6009,     1.6396,     0.0067
     1.669,    0.0000,    0.0000,    0.0000,    0.0000,    2.5764,    0.1523,    2.5764,    0.0000,    2.6007,     1.6373,     0.0068
     1.670,    0.0000,    0.0000,    0.0000,    0.0000,    2.5764,    0.2401,    2.5764,    0.0000,    2.6007,     1.6352,     0.0068
     1.671,    0.0000,    0.0000,    0.0000,    0.0000,    2.5772,    0.3598,    2.5772,    0.0000,    2.6014,     1.6335,     0.0069
     1.672,    0.0000,    0.0000,    0.0000,    0.0000,    2.5780,    0.5134,    2.5780,    0.0000,    2.6022,     1.6318,     0.0070
     1.673,    0.0000,    0.0000,    0.0000,    0.0000,    2.5782,    0.6988,    2.5782,    0.0000,    2.6025,     1.6298,     0.0071
     1.674,    0.0000,    0.0000,    0.0000,    0.0000,    2.5784,    0.9095,    2.5784,    0.0000,    2.6027,     1.6278,     0.0071
     1.675,    0.0000,    0.0000,    0.0000,    0.0000,    2.5793,    1.1351,    2.5793,    0.0000,    2.6036,     1.6262,     0.0072
     1.676,    0.0000,    0.0000,    0.0000,    0.0000,    2.5804,    1.3622,    2.5804,    0.0000,    2.6047,     1.6247,     0.0073
     1.677,    0.0000,    0.0000,    0.0000,    0.0000,    2.5810,    1.5772,    2.5810,    0.0000,    2.6053,     1.6229,     0.0074
     1.678,    0.0000,    0.0000,    0.0000,    0.0000,    2.5815,    1.7689,    2.5815,    0.0000,    2.6058,     1.6211,     0.0074
     1.679,    0.0000,    0.0000,    0.0000,    0.0000,    2.5825,    1.9300,    2.5825,    0.0000,    2.6068,     1.6196,     0.0075
     1.680,    0.0000,    0.0000,    0.0000,    0.0000,    2.5835,    2.0574,    2.5835,    0.0000,    2.6078,     1.6180,     0.0076
     1.681,    0.0000,    0.0000,    0.0000,    0.0000,    2.5842,    2.1521,    2.5842,    0.0000,    2.6085,     1.6163,     0.0077
     1.682,    0.0000,    0.0000,    0.0000,    0.0000,    2.5848,    2.2183,    2.5848,    0.0000,    2.6091,     1.6145,     0.0078
     1.683,    0.0000,    0.0000,    0.0000,    0.0000,    2.5855,    2.2622,    2.5855,    0.0000,    2.6098,     1.6128,     0.0078
     1.684,    0.0000,    0.0000,    0.0000,    0.0000,    2.5861,    2.2895,    2.5861,    0.0000,    2.6104,     1.6110,     0.0079
     1.685,    0.0000,    0.0000,    0.0000,    0.0000,    2.5865,    2.3054,    2.5865,    0.0000,    2.6108,     1.6091,     0.0080
     1.686,    0.0000,    0.0000,    0.0000,    0.0000,    2.5869,    2.3143,    2.5869,    0.0000,    2.6113,     1.6072,     0.0081
     1.687,    0.0000,    0.0000,    0.0000,    0.0000,    2.5875,    2.3193,    2.5875,    0.0000,    2.6119,     1.6055,     0.0082
     1.688,    0.0000,    0.0000,    0.0000,    0.0000,    2.5883,    2.3221,    2.5883,    0.0000,    2.6126,     1.6038,     0.0083
     1.689,    0.0000,    0.0000,    0.0000,    0.0000,    2.5889,    2.3237,    2.5889,    0.0000,    2.6133,     1.6020,     0.0083
     1.690,    0.0000,    0.0000,    0.0000,    0.0000,    2.5895,    2.3246,    2.5895,    0.0000,    2.6139,     1.6002,     0.0084
     1.691,    0.0000,    0.0000,    0.0000,    0.0000,    2.5900,    2.3252,    2.5900,    0.0000,    2.6144,     1.5984,     0.0085
     1.692,    0.0000,    0.0000,    0.0000,    0.0000,    2.5907,    2.3260,    2.5907,    0.0000,    2.6151,     1.5967,     0.0086
     1.693,    0.0000,    0.0000,    0.0000,    0.0000,    2.5920,    2.3271,    2.5920,    0.0000,    2.6164,     1.5952,     0.0087
     1.694,    0.0000,    0.0000,    0.0000,    0.0000,    2.5929,    2.3280,    2.5929,    0.0000,    2.6174,     1.5937,     0.0088
     1.695,    0.0000,    0.0000,    0.0000,    0.0000,    2.5932,    2.3282,    2.5932,    0.0000,    2.6176,     1.5917,     0.0089
     1.696,    0.0000,    0.0000,    0.0000,    0.0000,    2.5936,    2.3286,    2.5936,    0.0000,    2.6180,     1.5898,     0.0089
     1.697,    0.0000,    0.0000,    0.0000,    0.0000,    2.5950,    2.3298,    2.5950,    0.0000,    2.6194,     1.5885,     0.0090
     1.698,    0.0000,    0.0000,    0.0000,    0.0000,    2.5962,    2.3309,    2.5962,    0.0000,    2.6207,     1.5871,     0.0091
     1.699,    0.0000,    0.0000,    0.0000,    0.0000,    2.5962,    2.3309,    2.5962,    0.0000,    2.6207,     1.5849,     0.0092
     1.700,    0.0000,    0.0000,    0.0000,    0.0000,    2.5962,    2.3309,    2.5962,    0.0000,    2.6206,     1.5827,     0.0093
     1.701,    0.0000,    0.0000,    0.0000,    0.0000,    2.5974,    2.3320,    2.5974,    0.0000,    2.6218,     1.5813,     0.0094
     1.702,    0.0000,    0.0000,    0.0000,    0.0000,    2.5991,    2.3335,    2.5991,    0.0000,    2.6236,     1.5802,     0.0095
     1.703,    0.0000,    0.0000,    0.0000,    0.0000,    2.6004,    2.3346,    2.6004,    0.0000,    2.6248,     1.5788,     0.0096
     1.704,    0.0000,    0.0000,    0.0000,    0.0000,    2.6009,    2.3351,    2.6009,    0.0000,    2.6254,     1.5770,     0.0097
     1.705,    0.0000,    0.0000,    0.0000,    0.0000,    2.6010,    2.3352,    2.6010,    0.0000,    2.6255,     1.5749,     0.0098
     1.706,    0.0000,    0.0000,    0.0000,    0.0000,    2.6013,    2.3355,    2.6013,    0.0000,    2.6258,     1.5729,     0.0099
     1.707,    0.0000,    0.0000,    0.0000,    0.0000,    2.6023,    2.3364,    2.6023,    0.0000,    2.6268,     1.5713,     0.0100
     1.708,    0.0000,    0.0000,    0.0000,    0.0000,    2.6034,    2.3374,    2.6034,    0.0000,    2.6279,     1.5698,     0.0101
     1.709,    0.0000,    0.0000,    0.0000,    0.0000,    2.6041,    2.3380,    2.6041,    0.0000,    2.6286,     1.5681,     0.0102
     1.710,    0.0000,    0.0000,    0.0000,    0.0000,    2.6046,    2.3384,    2.6046,    0.0000,    2.6291,     1.5662,     0.0102
     1.711,    0.0000,    0.0000,    0.0000,    0.0000,    2.6052,    2.3390,    2.6052,    0.0000,    2.6297,     1.5644,     0.0103
     1.712,    0.0000,    0.0000,    0.0000,    0.0000,    2.6059,    2.3396,    2.6059,    0.0000,    2.6305,     1.5627,     0.0104
