romanisim/data/roman-technical-information/data/WideFieldInstrument/Imaging/EffectiveAreas/Roman_effarea_v8_SCA07_20240301.ecsv
# %ECSV 1.0
# ---
# Effective area for Roman (m^2) - parameters as of 2024 03 01
# datatype:
# - {name: Wave, datatype: float32}
# - {name: F062, datatype: float32}
# - {name: F087, datatype: float32}
# - {name: F106, datatype: float32}
# - {name: F129, datatype: float32}
# - {name: F158, datatype: float32}
# - {name: F184, datatype: float32}
# - {name: F146, datatype: float32}
# - {name: F213, datatype: float32}
# - {name: Prism, datatype: float32}
# - {name: Grism_1stOrder, datatype: float32}
# - {name: Grism_0thOrder, datatype: float32}
# schema: astropy-2.0
Wave, F062, F087, F106, F129, F158, F184, F146, F213, Prism, Grism_1stOrder, Grism_0thOrder
[from data line 717]
     1.117,    0.0000,    0.0000,    2.5186,    0.0294,    0.0000,    0.0000,    2.5186,    0.0000,    2.5423,     1.6454,     0.0011
     1.118,    0.0000,    0.0000,    2.5181,    0.0784,    0.0000,    0.0000,    2.5181,    0.0000,    2.5418,     1.6497,     0.0011
     1.119,    0.0000,    0.0000,    2.5186,    0.1814,    0.0000,    0.0000,    2.5186,    0.0000,    2.5423,     1.6545,     0.0011
     1.120,    0.0000,    0.0000,    2.5193,    0.3658,    0.0000,    0.0000,    2.5193,    0.0000,    2.5430,     1.6595,     0.0011
     1.121,    0.0000,    0.0000,    2.5193,    0.6466,    0.0000,    0.0000,    2.5193,    0.0000,    2.5430,     1.6640,     0.0010
     1.122,    0.0000,    0.0000,    2.5192,    1.0108,    0.0000,    0.0000,    2.5192,    0.0000,    2.5429,     1.6684,     0.0010
     1.123,    0.0000,    0.0000,    2.5197,    1.4134,    0.0000,    0.0000,    2.5197,    0.0000,    2.5434,     1.6731,     0.0010
     1.124,    0.0000,    0.0000,    2.5199,    1.7922,    0.0000,    0.0000,    2.5199,    0.0000,    2.5436,     1.6777,     0.0010
     1.125,    0.0000,    0.0000,    2.5193,    2.0950,    0.0000,    0.0000,    2.5193,    0.0000,    2.5430,     1.6818,     0.0010
     1.126,    0.0000,    0.0000,    2.5186,    2.3013,    0.0000,    0.0000,    2.5186,    0.0000,    2.5423,     1.6856,     0.0010
     1.127,    0.0000,    0.0000,    2.5184,    2.4213,    0.0000,    0.0000,    2.5184,    0.0000,    2.5421,     1.6899,     0.0009
     1.128,    0.0000,    0.0000,    2.5186,    2.4810,    0.0000,    0.0000,    2.5186,    0.0000,    2.5423,     1.6944,     0.0009
     1.129,    0.0000,    0.0000,    2.5188,    2.5062,    0.0000,    0.0000,    2.5188,    0.0000,    2.5426,     1.6988,     0.0009
     1.130,    0.0000,    0.0000,    2.5191,    2.5154,    0.0000,    0.0000,    2.5191,    0.0000,    2.5428,     1.7033,     0.0009
     1.131,    0.0000,    0.0000,    2.5195,    2.5186,    0.0000,    0.0000,    2.5195,    0.0000,    2.5432,     1.7078,     0.0009
     1.132,    0.0000,    0.0000,    2.5198,    2.5196,    0.0000,    0.0000,    2.5198,    0.0000,    2.5435,     1.7122,     0.0009
     1.133,    0.0000,    0.0000,    2.5198,    2.5198,    0.0000,    0.0000,    2.5198,    0.0000,    2.5435,     1.7165,     0.0009
     1.134,    0.0000,    0.0000,    2.5197,    2.5197,    0.0000,    0.0000,    2.5197,    0.0000,    2.5434,     1.7206,     0.0008
     1.135,    0.0000,    0.0000,    2.5197,    2.5197,    0.0000,    0.0000,    2.5197,    0.0000,    2.5434,     1.7248,     0.0008
     1.136,    0.0000,    0.0000,    2.5197,    2.5197,    0.0000,    0.0000,    2.5197,    0.0000,    2.5434,     1.7289,     0.0008
     1.137,    0.0000,    0.0000,    2.5195,    2.5195,    0.0000,    0.0000,    2.5195,    0.0000,    2.5432,     1.7329,     0.0008
     1.138,    0.0000,    0.0000,    2.5195,    2.5195,    0.0000,    0.0000,    2.5195,    0.0000,    2.5432,     1.7370,     0.0008
     1.139,    0.0000,    0.0000,    2.5198,    2.5198,    0.0000,    0.0000,    2.5198,    0.0000,    2.5435,     1.7413,     0.0008
     1.140,    0.0000,    0.0000,    2.5203,    2.5203,    0.0000,    0.0000,    2.5203,    0.0000,    2.5440,     1.7457,     0.0008
     1.141,    0.0000,    0.0000,    2.5208,    2.5208,    0.0000,    0.0000,    2.5208,    0.0000,    2.5445,     1.7501,     0.0007
     1.142,    0.0000,    0.0000,    2.5209,    2.5209,    0.0000,    0.0000,    2.5209,    0.0000,    2.5446,     1.7542,     0.0007
     1.143,    0.0000,    0.0000,    2.5206,    2.5206,    0.0000,    0.0000,    2.5206,    0.0000,    2.5443,     1.7579,     0.0007
     1.144,    0.0000,    0.0000,    2.5203,    2.5203,    0.0000,    0.0000,    2.5203,    0.0000,    2.5440,     1.7617,     0.0007
     1.145,    0.0000,    0.0000,    2.5204,    2.5204,    0.0000,    0.0000,    2.5204,    0.0000,    2.5441,     1.7657,     0.0007
     1.146,    0.0000,    0.0000,    2.5207,    2.5207,    0.0000,    0.0000,    2.5207,    0.0000,    2.5445,     1.7699,     0.0007
     1.147,    0.0000,    0.0000,    2.5208,    2.5208,    0.0000,    0.0000,    2.5208,    0.0000,    2.5445,     1.7738,     0.0007
     1.148,    0.0000,    0.0000,    2.5206,    2.5206,    0.0000,    0.0000,    2.5206,    0.0000,    2.5444,     1.7776,     0.0006
     1.149,    0.0000,    0.0000,    2.5204,    2.5204,    0.0000,    0.0000,    2.5204,    0.0000,    2.5441,     1.7813,     0.0006
     1.150,    0.0000,    0.0000,    2.5202,    2.5202,    0.0000,    0.0000,    2.5202,    0.0000,    2.5439,     1.7850,     0.0006
     1.151,    0.0000,    0.0000,    2.5202,    2.5202,    0.0000,    0.0000,    2.5202,    0.0000,    2.5439,     1.7887,     0.0006
     1.152,    0.0000,    0.0000,    2.5200,    2.5200,    0.0000,    0.0000,    2.5200,    0.0000,    2.5437,     1.7924,     0.0006
     1.153,    0.0000,    0.0000,    2.5196,    2.5196,    0.0000,    0.0000,    2.5196,    0.0000,    2.5433,     1.7958,     0.0006
     1.154,    0.0000,    0.0000,    2.5193,    2.5193,    0.0000,    0.0000,    2.5193,    0.0000,    2.5431,     1.7994,     0.0006
     1.155,    0.0000,    0.0000,    2.5196,    2.5196,    0.0000,    0.0000,    2.5196,    0.0000,    2.5433,     1.8033,     0.0006
     1.156,    0.0000,    0.0000,    2.5198,    2.5198,    0.0000,    0.0000,    2.5198,    0.0000,    2.5435,     1.8071,     0.0006
     1.157,    0.0000,    0.0000,    2.5192,    2.5192,    0.0000,    0.0000,    2.5192,    0.0000,    2.5429,     1.8103,     0.0005
     1.158,    0.0000,    0.0000,    2.5185,    2.5185,    0.0000,    0.0000,    2.5185,    0.0000,    2.5422,     1.8134,     0.0005
     1.159,    0.0000,    0.0000,    2.5184,    2.5184,    0.0000,    0.0000,    2.5184,    0.0000,    2.5421,     1.8170,     0.0005
     1.160,    0.0000,    0.0000,    2.5185,    2.5185,    0.0000,    0.0000,    2.5185,    0.0000,    2.5423,     1.8207,     0.0005
     1.161,    0.0000,    0.0000,    2.5185,    2.5185,    0.0000,    0.0000,    2.5185,    0.0000,    2.5422,     1.8242,     0.0005
     1.162,    0.0000,    0.0000,    2.5182,    2.5182,    0.0000,    0.0000,    2.5182,    0.0000,    2.5419,     1.8275,     0.0005
     1.163,    0.0000,    0.0000,    2.5175,    2.5175,    0.0000,    0.0000,    2.5175,    0.0000,    2.5412,     1.8305,     0.0005
     1.164,    0.0000,    0.0000,    2.5169,    2.5169,    0.0000,    0.0000,    2.5169,    0.0000,    2.5406,     1.8336,     0.0005
     1.165,    0.0000,    0.0000,    2.5166,    2.5166,    0.0000,    0.0000,    2.5166,    0.0000,    2.5403,     1.8368,     0.0005
     1.166,    0.0000,    0.0000,    2.5165,    2.5165,    0.0000,    0.0000,    2.5165,    0.0000,    2.5402,     1.8402,     0.0004
     1.167,    0.0000,    0.0000,    2.5162,    2.5162,    0.0000,    0.0000,    2.5162,    0.0000,    2.5398,     1.8434,     0.0004
     1.168,    0.0000,    0.0000,    2.5160,    2.5160,    0.0000,    0.0000,    2.5160,    0.0000,    2.5397,     1.8466,     0.0004
     1.169,    0.0000,    0.0000,    2.5162,    2.5162,    0.0000,    0.0000,    2.5162,    0.0000,    2.5399,     1.8501,     0.0004
     1.170,    0.0000,    0.0000,    2.5162,    2.5162,    0.0000,    0.0000,    2.5162,    0.0000,    2.5398,     1.8534,     0.0004
     1.171,    0.0000,    0.0000,    2.5153,    2.5153,    0.0000,    0.0000,    2.5153,    0.0000,    2.5390,     1.8561,     0.0004
     1.172,    0.0000,    0.0000,    2.5142,    2.5142,    0.0000,    0.0000,    2.5142,    0.0000,    2.5379,     1.8586,     0.0004
     1.173,    0.0000,    0.0000,    2.5136,    2.5136,    0.0000,    0.0000,    2.5136,    0.0000,    2.5373,     1.8615,     0.0004
     1.174,    0.0000,    0.0000,    2.5133,    2.5133,    0.0000,    0.0000,    2.5133,    0.0000,    2.5370,     1.8645,     0.0004
     1.175,    0.0000,    0.0000,    2.5130,    2.5130,    0.0000,    0.0000,    2.5130,    0.0000,    2.5367,     1.8675,     0.0004
     1.176,    0.0000,    0.0000,    2.5127,    2.5127,    0.0000,    0.0000,    2.5127,    0.0000,    2.5363,     1.8704,     0.0004
     1.177,    0.0000,    0.0000,    2.5123,    2.5123,    0.0000,    0.0000,    2.5123,    0.0000,    2.5359,     1.8733,     0.0003
     1.178,    0.0000,    0.0000,    2.5121,    2.5121,    0.0000,    0.0000,    2.5121,    0.0000,    2.5358,     1.8763,     0.0003
     1.179,    0.0000,    0.0000,    2.5124,    2.5124,    0.0000,    0.0000,    2.5124,    0.0000,    2.5361,     1.8797,     0.0003
     1.180,    0.0000,    0.0000,    2.5126,    2.5126,    0.0000,    0.0000,    2.5126,    0.0000,    2.5362,     1.8829,     0.0003
     1.181,    0.0000,    0.0000,    2.5122,    2.5122,    0.0000,    0.0000,    2.5122,    0.0000,    2.5359,     1.8857,     0.0003
     1.182,    0.0000,    0.0000,    2.5116,    2.5117,    0.0000,    0.0000,    2.5117,    0.0000,    2.5353,     1.8883,     0.0003
     1.183,    0.0000,    0.0000,    2.5113,    2.5115,    0.0000,    0.0000,    2.5115,    0.0000,    2.5351,     1.8912,     0.0003
     1.184,    0.0000,    0.0000,    2.5108,    2.5113,    0.0000,    0.0000,    2.5113,    0.0000,    2.5349,     1.8941,     0.0003
     1.185,    0.0000,    0.0000,    2.5091,    2.5107,    0.0000,    0.0000,    2.5107,    0.0000,    2.5344,     1.8966,     0.0003
     1.186,    0.0000,    0.0000,    2.5050,    2.5100,    0.0000,    0.0000,    2.5100,    0.0000,    2.5336,     1.8990,     0.0003
     1.187,    0.0000,    0.0000,    2.4958,    2.5092,    0.0000,    0.0000,    2.5092,    0.0000,    2.5329,     1.9014,     0.0003
     1.188,    0.0000,    0.0000,    2.4760,    2.5088,    0.0000,    0.0000,    2.5088,    0.0000,    2.5324,     1.9040,     0.0003
     1.189,    0.0000,    0.0000,    2.4358,    2.5088,    0.0000,    0.0000,    2.5088,    0.0000,    2.5325,     1.9069,     0.0003
     1.190,    0.0000,    0.0000,    2.3611,    2.5087,    0.0000,    0.0000,    2.5087,    0.0000,    2.5323,     1.9097,     0.0002
     1.191,    0.0000,    0.0000,    2.2361,    2.5080,    0.0000,    0.0000,    2.5080,    0.0000,    2.5316,     1.9119,     0.0002
     1.192,    0.0000,    0.0000,    2.0496,    2.5072,    0.0000,    0.0000,    2.5072,    0.0000,    2.5308,     1.9142,     0.0002
     1.193,    0.0000,    0.0000,    1.7997,    2.5071,    0.0000,    0.0000,    2.5071,    0.0000,    2.5307,     1.9169,     0.0002
     1.194,    0.0000,    0.0000,    1.4981,    2.5070,    0.0000,    0.0000,    2.5070,    0.0000,    2.5306,     1.9196,     0.0002
     1.195,    0.0000,    0.0000,    1.1709,    2.5063,    0.0000,    0.0000,    2.5063,    0.0000,    2.5299,     1.9218,     0.0002
     1.196,    0.0000,    0.0000,    0.8525,    2.5056,    0.0000,    0.0000,    2.5056,    0.0000,    2.5292,     1.9239,     0.0002
     1.197,    0.0000,    0.0000,    0.5746,    2.5056,    0.0000,    0.0000,    2.5056,    0.0000,    2.5292,     1.9266,     0.0002
     1.198,    0.0000,    0.0000,    0.3563,    2.5056,    0.0000,    0.0000,    2.5056,    0.0000,    2.5292,     1.9293,     0.0002
     1.199,    0.0000,    0.0000,    0.2024,    2.5052,    0.0000,    0.0000,    2.5052,    0.0000,    2.5287,     1.9316,     0.0002
     1.200,    0.0000,    0.0000,    0.1049,    2.5046,    0.0000,    0.0000,    2.5046,    0.0000,    2.5281,     1.9338,     0.0002
     1.201,    0.0000,    0.0000,    0.0495,    2.5043,    0.0000,    0.0000,    2.5043,    0.0000,    2.5279,     1.9362,     0.0002
     1.202,    0.0000,    0.0000,    0.0212,    2.5043,    0.0000,    0.0000,    2.5043,    0.0000,    2.5279,     1.9387,     0.0002
     1.203,    0.0000,    0.0000,    0.0082,    2.5041,    0.0000,    0.0000,    2.5041,    0.0000,    2.5277,     1.9412,     0.0002
     1.204,    0.0000,    0.0000,    0.0029,    2.5041,    0.0000,    0.0000,    2.5041,    0.0000,    2.5276,     1.9436,     0.0002
     1.205,    0.0000,    0.0000,    0.0009,    2.5042,    0.0000,    0.0000,    2.5042,    0.0000,    2.5278,     1.9463,     0.0002
     1.206,    0.0000,    0.0000,    0.0003,    2.5043,    0.0000,    0.0000,    2.5043,    0.0000,    2.5278,     1.9488,     0.0002
     1.207,    0.0000,    0.0000,    0.0001,    2.5038,    0.0000,    0.0000,    2.5038,    0.0000,    2.5273,     1.9508,     0.0002
     1.208,    0.0000,    0.0000,    0.0000,    2.5030,    0.0000,    0.0000,    2.5030,    0.0000,    2.5265,     1.9527,     0.0001
     1.209,    0.0000,    0.0000,    0.0000,    2.5023,    0.0000,    0.0000,    2.5023,    0.0000,    2.5258,     1.9545,     0.0001
     1.210,    0.0000,    0.0000,    0.0000,    2.5019,    0.0000,    0.0000,    2.5019,    0.0000,    2.5255,     1.9567,     0.0001
     1.211,    0.0000,    0.0000,    0.0000,    2.5021,    0.0000,    0.0000,    2.5021,    0.0000,    2.5256,     1.9591,     0.0001
     1.212,    0.0000,    0.0000,    0.0000,    2.5021,    0.0000,    0.0000,    2.5021,    0.0000,    2.5257,     1.9615,     0.0001
     1.213,    0.0000,    0.0000,    0.0000,    2.5015,    0.0000,    0.0000,    2.5015,    0.0000,    2.5250,     1.9633,     0.0001
     1.214,    0.0000,    0.0000,    0.0000,    2.5007,    0.0000,    0.0000,    2.5007,    0.0000,    2.5243,     1.9650,     0.0001
     1.215,    0.0000,    0.0000,    0.0000,    2.5006,    0.0000,    0.0000,    2.5006,    0.0000,    2.5242,     1.9672,     0.0001
     1.216,    0.0000,    0.0000,    0.0000,    2.5009,    0.0000,    0.0000,    2.5009,    0.0000,    2.5245,     1.9697,     0.0001
     1.217,    0.0000,    0.0000,    0.0000,    2.5013,    0.0000,    0.0000,    2.5013,    0.0000,    2.5248,     1.9722,     0.0001
     1.218,    0.0000,    0.0000,    0.0000,    2.5013,    0.0000,    0.0000,    2.5013,    0.0000,    2.5248,     1.9744,     0.0001
     1.219,    0.0000,    0.0000,    0.0000,    2.5006,    0.0000,    0.0000,    2.5006,    0.0000,    2.5241,     1.9761,     0.0001
     1.220,    0.0000,    0.0000,    0.0000,    2.5001,    0.0000,    0.0000,    2.5001,    0.0000,    2.5236,     1.9778,     0.0001
     1.221,    0.0000,    0.0000,    0.0000,    2.5002,    0.0000,    0.0000,    2.5002,    0.0000,    2.5238,     1.9801,     0.0001
     1.222,    0.0000,    0.0000,    0.0000,    2.5005,    0.0000,    0.0000,    2.5005,    0.0000,    2.5240,     1.9824,     0.0001
     1.223,    0.0000,    0.0000,    0.0000,    2.5003,    0.0000,    0.0000,    2.5003,    0.0000,    2.5238,     1.9843,     0.0001
     1.224,    0.0000,    0.0000,    0.0000,    2.4999,    0.0000,    0.0000,    2.4999,    0.0000,    2.5235,     1.9861,     0.0001
     1.225,    0.0000,    0.0000,    0.0000,    2.5000,    0.0000,    0.0000,    2.5000,    0.0000,    2.5236,     1.9882,     0.0001
     1.226,    0.0000,    0.0000,    0.0000,    2.5001,    0.0000,    0.0000,    2.5001,    0.0000,    2.5237,     1.9903,     0.0001
     1.227,    0.0000,    0.0000,    0.0000,    2.4998,    0.0000,    0.0000,    2.4998,    0.0000,    2.5233,     1.9921,     0.0001
     1.228,    0.0000,    0.0000,    0.0000,    2.4994,    0.0000,    0.0000,    2.4994,    0.0000,    2.5229,     1.9938,     0.0001
     1.229,    0.0000,    0.0000,    0.0000,    2.4994,    0.0000,    0.0000,    2.4994,    0.0000,    2.5229,     1.9957,     0.0001
     1.230,    0.0000,    0.0000,    0.0000,    2.4993,    0.0000,    0.0000,    2.4993,    0.0000,    2.5228,     1.9976,     0.0001
     1.231,    0.0000,    0.0000,    0.0000,    2.4988,    0.0000,    0.0000,    2.4988,    0.0000,    2.5223,     1.9991,     0.0001
     1.232,    0.0000,    0.0000,    0.0000,    2.4981,    0.0000,    0.0000,    2.4981,    0.0000,    2.5217,     2.0004,     0.0001
     1.233,    0.0000,    0.0000,    0.0000,    2.4977,    0.0000,    0.0000,    2.4977,    0.0000,    2.5212,     2.0019,     0.0001
     1.234,    0.0000,    0.0000,    0.0000,    2.4974,    0.0000,    0.0000,    2.4974,    0.0000,    2.5209,     2.0035,     0.0001
