romanisim/data/roman-technical-information/data/WideFieldInstrument/Imaging/EffectiveAreas/Roman_effarea_v8_SCA15_20240301.ecsv
# %ECSV 1.0
# ---
# Effective area for Roman (m^2) - parameters as of 2024 03 01
# datatype:
# - {name: Wave, datatype: float32}
# - {name: F062, datatype: float32}
# - {name: F087, datatype: float32}
# - {name: F106, datatype: float32}
# - {name: F129, datatype: float32}
# - {name: F158, datatype: float32}
# - {name: F184, datatype: float32}
# - {name: F146, datatype: float32}
# - {name: F213, datatype: float32}
# - {name: Prism, datatype: float32}
# - {name: Grism_1stOrder, datatype: float32}
# - {name: Grism_0thOrder, datatype: float32}
# schema: astropy-2.0
Wave, F062, F087, F106, F129, F158, F184, F146, F213, Prism, Grism_1stOrder, Grism_0thOrder
[from data line 1075]
     1.475,    0.0000,    0.0000,    0.0000,    0.0000,    2.4456,    0.0000,    2.4456,    0.0000,    2.3220,     1.9595,     0.0003
     1.476,    0.0000,    0.0000,    0.0000,    0.0000,    2.4459,    0.0000,    2.4459,    0.0000,    2.3223,     1.9582,     0.0003
     1.477,    0.0000,    0.0000,    0.0000,    0.0000,    2.4464,    0.0000,    2.4464,    0.0000,    2.3228,     1.9570,     0.0003
     1.478,    0.0000,    0.0000,    0.0000,    0.0000,    2.4469,    0.0000,    2.4469,    0.0000,    2.3233,     1.9559,     0.0003
     1.479,    0.0000,    0.0000,    0.0000,    0.0000,    2.4474,    0.0000,    2.4474,    0.0000,    2.3238,     1.9547,     0.0003
     1.480,    0.0000,    0.0000,    0.0000,    0.0000,    2.4480,    0.0000,    2.4480,    0.0000,    2.3243,     1.9536,     0.0003
     1.481,    0.0000,    0.0000,    0.0000,    0.0000,    2.4488,    0.0000,    2.4488,    0.0000,    2.3251,     1.9526,     0.0003
     1.482,    0.0000,    0.0000,    0.0000,    0.0000,    2.4494,    0.0000,    2.4494,    0.0000,    2.3257,     1.9515,     0.0003
     1.483,    0.0000,    0.0000,    0.0000,    0.0000,    2.4498,    0.0000,    2.4498,    0.0000,    2.3260,     1.9502,     0.0003
     1.484,    0.0000,    0.0000,    0.0000,    0.0000,    2.4501,    0.0000,    2.4501,    0.0000,    2.3263,     1.9488,     0.0003
     1.485,    0.0000,    0.0000,    0.0000,    0.0000,    2.4506,    0.0000,    2.4506,    0.0000,    2.3268,     1.9477,     0.0003
     1.486,    0.0000,    0.0000,    0.0000,    0.0000,    2.4512,    0.0000,    2.4512,    0.0000,    2.3274,     1.9465,     0.0003
     1.487,    0.0000,    0.0000,    0.0000,    0.0000,    2.4517,    0.0000,    2.4517,    0.0000,    2.3278,     1.9453,     0.0004
     1.488,    0.0000,    0.0000,    0.0000,    0.0000,    2.4520,    0.0000,    2.4520,    0.0000,    2.3282,     1.9439,     0.0004
     1.489,    0.0000,    0.0000,    0.0000,    0.0000,    2.4523,    0.0000,    2.4523,    0.0000,    2.3284,     1.9425,     0.0004
     1.490,    0.0000,    0.0000,    0.0000,    0.0000,    2.4527,    0.0000,    2.4527,    0.0000,    2.3288,     1.9412,     0.0004
     1.491,    0.0000,    0.0000,    0.0000,    0.0000,    2.4534,    0.0000,    2.4534,    0.0000,    2.3295,     1.9400,     0.0004
     1.492,    0.0000,    0.0000,    0.0000,    0.0000,    2.4540,    0.0000,    2.4540,    0.0000,    2.3301,     1.9389,     0.0004
     1.493,    0.0000,    0.0000,    0.0000,    0.0000,    2.4544,    0.0000,    2.4544,    0.0000,    2.3304,     1.9375,     0.0004
     1.494,    0.0000,    0.0000,    0.0000,    0.0000,    2.4549,    0.0000,    2.4549,    0.0000,    2.3309,     1.9362,     0.0004
     1.495,    0.0000,    0.0000,    0.0000,    0.0000,    2.4557,    0.0000,    2.4557,    0.0000,    2.3316,     1.9352,     0.0004
     1.496,    0.0000,    0.0000,    0.0000,    0.0000,    2.4566,    0.0000,    2.4566,    0.0000,    2.3325,     1.9342,     0.0004
     1.497,    0.0000,    0.0000,    0.0000,    0.0000,    2.4571,    0.0000,    2.4571,    0.0000,    2.3330,     1.9329,     0.0005
     1.498,    0.0000,    0.0000,    0.0000,    0.0000,    2.4574,    0.0000,    2.4574,    0.0000,    2.3333,     1.9315,     0.0005
     1.499,    0.0000,    0.0000,    0.0000,    0.0000,    2.4576,    0.0000,    2.4576,    0.0000,    2.3334,     1.9299,     0.0005
     1.500,    0.0000,    0.0000,    0.0000,    0.0000,    2.4579,    0.0000,    2.4579,    0.0000,    2.3337,     1.9284,     0.0005
     1.501,    0.0000,    0.0000,    0.0000,    0.0000,    2.4585,    0.0000,    2.4585,    0.0000,    2.3343,     1.9272,     0.0005
     1.502,    0.0000,    0.0000,    0.0000,    0.0000,    2.4594,    0.0000,    2.4594,    0.0000,    2.3351,     1.9261,     0.0005
     1.503,    0.0000,    0.0000,    0.0000,    0.0000,    2.4601,    0.0000,    2.4601,    0.0000,    2.3358,     1.9250,     0.0005
     1.504,    0.0000,    0.0000,    0.0000,    0.0000,    2.4608,    0.0000,    2.4608,    0.0000,    2.3365,     1.9238,     0.0005
     1.505,    0.0000,    0.0000,    0.0000,    0.0000,    2.4615,    0.0000,    2.4615,    0.0000,    2.3372,     1.9226,     0.0005
     1.506,    0.0000,    0.0000,    0.0000,    0.0000,    2.4622,    0.0000,    2.4622,    0.0000,    2.3378,     1.9214,     0.0006
     1.507,    0.0000,    0.0000,    0.0000,    0.0000,    2.4628,    0.0000,    2.4628,    0.0000,    2.3384,     1.9202,     0.0006
     1.508,    0.0000,    0.0000,    0.0000,    0.0000,    2.4633,    0.0000,    2.4633,    0.0000,    2.3388,     1.9188,     0.0006
     1.509,    0.0000,    0.0000,    0.0000,    0.0000,    2.4634,    0.0000,    2.4634,    0.0000,    2.3389,     1.9171,     0.0006
     1.510,    0.0000,    0.0000,    0.0000,    0.0000,    2.4636,    0.0000,    2.4636,    0.0000,    2.3392,     1.9155,     0.0006
     1.511,    0.0000,    0.0000,    0.0000,    0.0000,    2.4644,    0.0000,    2.4644,    0.0000,    2.3399,     1.9143,     0.0006
     1.512,    0.0000,    0.0000,    0.0000,    0.0000,    2.4655,    0.0000,    2.4655,    0.0000,    2.3409,     1.9134,     0.0006
     1.513,    0.0000,    0.0000,    0.0000,    0.0000,    2.4664,    0.0000,    2.4664,    0.0000,    2.3418,     1.9123,     0.0007
     1.514,    0.0000,    0.0000,    0.0000,    0.0000,    2.4670,    0.0000,    2.4670,    0.0000,    2.3424,     1.9110,     0.0007
     1.515,    0.0000,    0.0000,    0.0000,    0.0000,    2.4673,    0.0000,    2.4673,    0.0000,    2.3427,     1.9095,     0.0007
     1.516,    0.0000,    0.0000,    0.0000,    0.0000,    2.4675,    0.0000,    2.4675,    0.0000,    2.3428,     1.9078,     0.0007
     1.517,    0.0000,    0.0000,    0.0000,    0.0000,    2.4677,    0.0000,    2.4677,    0.0000,    2.3431,     1.9062,     0.0007
     1.518,    0.0000,    0.0000,    0.0000,    0.0000,    2.4681,    0.0000,    2.4681,    0.0000,    2.3434,     1.9046,     0.0007
     1.519,    0.0000,    0.0000,    0.0000,    0.0000,    2.4685,    0.0000,    2.4685,    0.0000,    2.3438,     1.9032,     0.0007
     1.520,    0.0000,    0.0000,    0.0000,    0.0000,    2.4690,    0.0000,    2.4690,    0.0000,    2.3443,     1.9017,     0.0008
     1.521,    0.0000,    0.0000,    0.0000,    0.0000,    2.4696,    0.0000,    2.4696,    0.0000,    2.3448,     1.9004,     0.0008
     1.522,    0.0000,    0.0000,    0.0000,    0.0000,    2.4702,    0.0000,    2.4702,    0.0000,    2.3454,     1.8990,     0.0008
     1.523,    0.0000,    0.0000,    0.0000,    0.0000,    2.4707,    0.0000,    2.4707,    0.0000,    2.3459,     1.8976,     0.0008
     1.524,    0.0000,    0.0000,    0.0000,    0.0000,    2.4712,    0.0000,    2.4712,    0.0000,    2.3464,     1.8961,     0.0008
     1.525,    0.0000,    0.0000,    0.0000,    0.0000,    2.4719,    0.0000,    2.4719,    0.0000,    2.3470,     1.8948,     0.0008
     1.526,    0.0000,    0.0000,    0.0000,    0.0000,    2.4726,    0.0000,    2.4726,    0.0000,    2.3477,     1.8935,     0.0009
     1.527,    0.0000,    0.0000,    0.0000,    0.0000,    2.4733,    0.0000,    2.4733,    0.0000,    2.3484,     1.8922,     0.0009
     1.528,    0.0000,    0.0000,    0.0000,    0.0000,    2.4739,    0.0000,    2.4739,    0.0000,    2.3489,     1.8908,     0.0009
     1.529,    0.0000,    0.0000,    0.0000,    0.0000,    2.4742,    0.0000,    2.4742,    0.0000,    2.3492,     1.8892,     0.0009
     1.530,    0.0000,    0.0000,    0.0000,    0.0000,    2.4746,    0.0000,    2.4746,    0.0000,    2.3496,     1.8876,     0.0009
     1.531,    0.0000,    0.0000,    0.0000,    0.0000,    2.4755,    0.0000,    2.4755,    0.0000,    2.3504,     1.8865,     0.0009
     1.532,    0.0000,    0.0000,    0.0000,    0.0000,    2.4763,    0.0000,    2.4763,    0.0000,    2.3512,     1.8852,     0.0010
     1.533,    0.0000,    0.0000,    0.0000,    0.0000,    2.4766,    0.0000,    2.4766,    0.0000,    2.3515,     1.8836,     0.0010
     1.534,    0.0000,    0.0000,    0.0000,    0.0000,    2.4767,    0.0000,    2.4767,    0.0000,    2.3516,     1.8817,     0.0010
     1.535,    0.0000,    0.0000,    0.0000,    0.0000,    2.4770,    0.0000,    2.4770,    0.0000,    2.3518,     1.8801,     0.0010
     1.536,    0.0000,    0.0000,    0.0000,    0.0000,    2.4774,    0.0000,    2.4774,    0.0000,    2.3522,     1.8785,     0.0010
     1.537,    0.0000,    0.0000,    0.0000,    0.0000,    2.4777,    0.0000,    2.4777,    0.0000,    2.3526,     1.8769,     0.0011
     1.538,    0.0000,    0.0000,    0.0000,    0.0000,    2.4783,    0.0000,    2.4783,    0.0000,    2.3531,     1.8754,     0.0011
     1.539,    0.0000,    0.0000,    0.0000,    0.0000,    2.4792,    0.0000,    2.4792,    0.0000,    2.3539,     1.8741,     0.0011
     1.540,    0.0000,    0.0000,    0.0000,    0.0000,    2.4800,    0.0000,    2.4800,    0.0000,    2.3547,     1.8728,     0.0011
     1.541,    0.0000,    0.0000,    0.0000,    0.0000,    2.4802,    0.0000,    2.4802,    0.0000,    2.3549,     1.8711,     0.0011
     1.542,    0.0000,    0.0000,    0.0000,    0.0000,    2.4802,    0.0000,    2.4802,    0.0000,    2.3549,     1.8692,     0.0012
     1.543,    0.0000,    0.0000,    0.0000,    0.0000,    2.4802,    0.0000,    2.4802,    0.0000,    2.3549,     1.8673,     0.0012
     1.544,    0.0000,    0.0000,    0.0000,    0.0000,    2.4806,    0.0000,    2.4806,    0.0000,    2.3552,     1.8656,     0.0012
     1.545,    0.0000,    0.0000,    0.0000,    0.0000,    2.4815,    0.0000,    2.4815,    0.0000,    2.3561,     1.8644,     0.0012
     1.546,    0.0000,    0.0000,    0.0000,    0.0000,    2.4825,    0.0000,    2.4825,    0.0000,    2.3571,     1.8633,     0.0012
     1.547,    0.0000,    0.0000,    0.0000,    0.0000,    2.4831,    0.0000,    2.4831,    0.0000,    2.3576,     1.8617,     0.0013
     1.548,    0.0000,    0.0000,    0.0000,    0.0000,    2.4835,    0.0000,    2.4835,    0.0000,    2.3580,     1.8601,     0.0013
     1.549,    0.0000,    0.0000,    0.0000,    0.0000,    2.4840,    0.0000,    2.4840,    0.0000,    2.3585,     1.8586,     0.0013
     1.550,    0.0000,    0.0000,    0.0000,    0.0000,    2.4845,    0.0000,    2.4845,    0.0000,    2.3590,     1.8570,     0.0013
     1.551,    0.0000,    0.0000,    0.0000,    0.0000,    2.4845,    0.0000,    2.4845,    0.0000,    2.3590,     1.8551,     0.0014
     1.552,    0.0000,    0.0000,    0.0000,    0.0000,    2.4846,    0.0000,    2.4846,    0.0000,    2.3591,     1.8532,     0.0014
     1.553,    0.0000,    0.0000,    0.0000,    0.0000,    2.4851,    0.0000,    2.4851,    0.0000,    2.3595,     1.8516,     0.0014
     1.554,    0.0000,    0.0000,    0.0000,    0.0000,    2.4857,    0.0000,    2.4857,    0.0000,    2.3601,     1.8501,     0.0014
     1.555,    0.0000,    0.0000,    0.0000,    0.0000,    2.4861,    0.0000,    2.4861,    0.0000,    2.3605,     1.8484,     0.0015
     1.556,    0.0000,    0.0000,    0.0000,    0.0000,    2.4863,    0.0000,    2.4863,    0.0000,    2.3607,     1.8466,     0.0015
     1.557,    0.0000,    0.0000,    0.0000,    0.0000,    2.4862,    0.0000,    2.4862,    0.0000,    2.3606,     1.8445,     0.0015
     1.558,    0.0000,    0.0000,    0.0000,    0.0000,    2.4863,    0.0000,    2.4863,    0.0000,    2.3607,     1.8427,     0.0015
     1.559,    0.0000,    0.0000,    0.0000,    0.0000,    2.4871,    0.0000,    2.4871,    0.0000,    2.3614,     1.8413,     0.0016
     1.560,    0.0000,    0.0000,    0.0000,    0.0000,    2.4878,    0.0000,    2.4878,    0.0000,    2.3621,     1.8398,     0.0016
     1.561,    0.0000,    0.0000,    0.0000,    0.0000,    2.4878,    0.0000,    2.4878,    0.0000,    2.3621,     1.8378,     0.0016
     1.562,    0.0000,    0.0000,    0.0000,    0.0000,    2.4879,    0.0000,    2.4879,    0.0000,    2.3622,     1.8359,     0.0016
     1.563,    0.0000,    0.0000,    0.0000,    0.0000,    2.4888,    0.0000,    2.4888,    0.0000,    2.3631,     1.8346,     0.0017
     1.564,    0.0000,    0.0000,    0.0000,    0.0000,    2.4898,    0.0000,    2.4898,    0.0000,    2.3640,     1.8334,     0.0017
     1.565,    0.0000,    0.0000,    0.0000,    0.0000,    2.4901,    0.0000,    2.4901,    0.0000,    2.3643,     1.8316,     0.0017
     1.566,    0.0000,    0.0000,    0.0000,    0.0000,    2.4901,    0.0000,    2.4901,    0.0000,    2.3643,     1.8295,     0.0018
     1.567,    0.0000,    0.0000,    0.0000,    0.0000,    2.4902,    0.0000,    2.4902,    0.0000,    2.3644,     1.8277,     0.0018
     1.568,    0.0000,    0.0000,    0.0000,    0.0000,    2.4908,    0.0000,    2.4908,    0.0000,    2.3650,     1.8261,     0.0018
     1.569,    0.0000,    0.0000,    0.0000,    0.0000,    2.4918,    0.0000,    2.4918,    0.0000,    2.3659,     1.8248,     0.0018
     1.570,    0.0000,    0.0000,    0.0000,    0.0000,    2.4923,    0.0000,    2.4923,    0.0000,    2.3664,     1.8232,     0.0019
     1.571,    0.0000,    0.0000,    0.0000,    0.0000,    2.4921,    0.0000,    2.4921,    0.0000,    2.3662,     1.8210,     0.0019
     1.572,    0.0000,    0.0000,    0.0000,    0.0000,    2.4918,    0.0000,    2.4918,    0.0000,    2.3659,     1.8188,     0.0019
     1.573,    0.0000,    0.0000,    0.0000,    0.0000,    2.4925,    0.0000,    2.4925,    0.0000,    2.3666,     1.8173,     0.0020
     1.574,    0.0000,    0.0000,    0.0000,    0.0000,    2.4936,    0.0000,    2.4936,    0.0000,    2.3676,     1.8161,     0.0020
     1.575,    0.0000,    0.0000,    0.0000,    0.0000,    2.4942,    0.0000,    2.4942,    0.0000,    2.3682,     1.8145,     0.0020
     1.576,    0.0000,    0.0000,    0.0000,    0.0000,    2.4944,    0.0000,    2.4944,    0.0000,    2.3684,     1.8126,     0.0021
     1.577,    0.0000,    0.0000,    0.0000,    0.0000,    2.4943,    0.0000,    2.4943,    0.0000,    2.3683,     1.8105,     0.0021
     1.578,    0.0000,    0.0000,    0.0000,    0.0000,    2.4943,    0.0000,    2.4943,    0.0000,    2.3683,     1.8084,     0.0021
     1.579,    0.0000,    0.0000,    0.0000,    0.0000,    2.4946,    0.0000,    2.4946,    0.0000,    2.3685,     1.8066,     0.0021
     1.580,    0.0000,    0.0000,    0.0000,    0.0000,    2.4949,    0.0000,    2.4949,    0.0000,    2.3689,     1.8049,     0.0022
     1.581,    0.0000,    0.0000,    0.0000,    0.0000,    2.4952,    0.0000,    2.4952,    0.0000,    2.3691,     1.8030,     0.0022
     1.582,    0.0000,    0.0000,    0.0000,    0.0000,    2.4955,    0.0000,    2.4955,    0.0000,    2.3694,     1.8012,     0.0022
     1.583,    0.0000,    0.0000,    0.0000,    0.0000,    2.4962,    0.0000,    2.4962,    0.0000,    2.3701,     1.7996,     0.0023
     1.584,    0.0000,    0.0000,    0.0000,    0.0000,    2.4967,    0.0000,    2.4967,    0.0000,    2.3706,     1.7980,     0.0023
     1.585,    0.0000,    0.0000,    0.0000,    0.0000,    2.4968,    0.0000,    2.4968,    0.0000,    2.3707,     1.7960,     0.0024
     1.586,    0.0000,    0.0000,    0.0000,    0.0000,    2.4970,    0.0000,    2.4970,    0.0000,    2.3708,     1.7940,     0.0024
     1.587,    0.0000,    0.0000,    0.0000,    0.0000,    2.4977,    0.0000,    2.4977,    0.0000,    2.3715,     1.7925,     0.0024
     1.588,    0.0000,    0.0000,    0.0000,    0.0000,    2.4986,    0.0000,    2.4986,    0.0000,    2.3724,     1.7911,     0.0025
     1.589,    0.0000,    0.0000,    0.0000,    0.0000,    2.4991,    0.0000,    2.4991,    0.0000,    2.3729,     1.7894,     0.0025
     1.590,    0.0000,    0.0000,    0.0000,    0.0000,    2.4994,    0.0000,    2.4994,    0.0000,    2.3731,     1.7876,     0.0025
     1.591,    0.0000,    0.0000,    0.0000,    0.0000,    2.4996,    0.0000,    2.4996,    0.0000,    2.3733,     1.7856,     0.0026
     1.592,    0.0000,    0.0000,    0.0000,    0.0000,    2.5000,    0.0000,    2.5000,    0.0000,    2.3737,     1.7838,     0.0026
     1.593,    0.0000,    0.0000,    0.0000,    0.0000,    2.5008,    0.0000,    2.5008,    0.0000,    2.3744,     1.7824,     0.0026
