romanisim/data/roman-technical-information/data/WideFieldInstrument/FPSPerformance/WFI_Quantum_efficiency.ecsv
# %ECSV 1.0
# ---
# datatype:
# - {name: wavelength, unit: nm, datatype: float64, description: wavelength}
# - {name: SCU 1, unit: '', datatype: float64, description: Sensor Control Unit Number 1}
# - {name: SCU 2, unit: '', datatype: float64, description: Sensor Control Unit Number 2}
# - {name: SCU 3, unit: '', datatype: float64, description: Sensor Control Unit Number 3}
# - {name: SCU 4, unit: '', datatype: float64, description: Sensor Control Unit Number 4}
# - {name: SCU 5, unit: '', datatype: float64, description: Sensor Control Unit Number 5}
# - {name: SCU 6, unit: '', datatype: float64, description: Sensor Control Unit Number 6}
# - {name: SCU 7, unit: '', datatype: float64, description: Sensor Control Unit Number 7}
# - {name: SCU 8, unit: '', datatype: float64, description: Sensor Control Unit Number 8}
# - {name: SCU 9, unit: '', datatype: float64, description: Sensor Control Unit Number 9}
# - {name: SCU 10, unit: '', datatype: float64, description: Sensor Control Unit Number 10}
# - {name: SCU 11, unit: '', datatype: float64, description: Sensor Control Unit Number 11}
# - {name: SCU 12, unit: '', datatype: float64, description: Sensor Control Unit Number 12}
# - {name: SCU 13, unit: '', datatype: float64, description: Sensor Control Unit Number 13}
# - {name: SCU 14, unit: '', datatype: float64, description: Sensor Control Unit Number 14}
# - {name: SCU 15, unit: '', datatype: float64, description: Sensor Control Unit Number 15}
# - {name: SCU 16, unit: '', datatype: float64, description: Sensor Control Unit Number 16}
# - {name: SCU 17, unit: '', datatype: float64, description: Sensor Control Unit Number 17}
# - {name: SCU 18, unit: '', datatype: float64, description: Sensor Control Unit Number 18}
# delimiter: ','
# meta: !!omap
# - {comments: Roman/WFI quantum efficiency as a function of Sensor Control Unit (SCU) and wavelength}
# schema: astropy-2.0
wavelength,SCU 1,SCU 2,SCU 3,SCU 4,SCU 5,SCU 6,SCU 7,SCU 8,SCU 9,SCU 10,SCU 11,SCU 12,SCU 13,SCU 14,SCU 15,SCU 16,SCU 17,SCU 18
[from data line 149]
1970.0,0.861156846,0.895988588,0.887580294,0.911209718,0.908408252,0.939073456,0.903363346,0.892611654,0.9287188,0.892171286,0.893096716,0.931568742,0.898731608,0.91185343,0.88084578,0.896931114,0.947474928,0.88145222
1980.0,0.859849004,0.894433702,0.886138726,0.910177492,0.906981278,0.939092194,0.901857384,0.891519006,0.92742421,0.890484827,0.891531414,0.932125698,0.897283992,0.91052412,0.87948629,0.895845026,0.946491782,0.88182144
1990.0,0.858541162,0.892878816,0.884697158,0.909145266,0.905554304,0.939110932,0.900351422,0.890426358,0.92612962,0.888798367,0.889966112,0.932682654,0.895836376,0.90919481,0.8781268,0.894758938,0.945508636,0.88219066
2000.0,0.85723332,0.89132393,0.88325559,0.90811304,0.90412733,0.93912967,0.89884546,0.88933371,0.92483503,0.887111907,0.88840081,0.93323961,0.89438876,0.9078655,0.87676731,0.89367285,0.94452549,0.88255988
2010.0,0.85739869,0.89104796,0.882871248,0.908332976,0.903876008,0.940995492,0.898840596,0.889388294,0.924865088,0.886827766,0.888006018,0.9358921,0.89397735,0.90793186,0.876407454,0.89363755,0.944800324,0.885043978
2020.0,0.85756406,0.89077199,0.882486906,0.908552912,0.903624686,0.942861314,0.898835732,0.889442878,0.924895146,0.886543625,0.887611226,0.93854459,0.89356594,0.90799822,0.876047598,0.89360225,0.945075158,0.887528076
2030.0,0.85772943,0.89049602,0.882102564,0.908772848,0.903373364,0.944727136,0.898830868,0.889497462,0.924925204,0.886259483,0.887216434,0.94119708,0.89315453,0.90806458,0.875687742,0.89356695,0.945349992,0.890012174
2040.0,0.8578948,0.89022005,0.881718222,0.908992784,0.903122042,0.946592958,0.898826004,0.889552046,0.924955262,0.885975342,0.886821642,0.94384957,0.89274312,0.90813094,0.875327886,0.89353165,0.945624826,0.892496272
2050.0,0.85806017,0.88994408,0.88133388,0.90921272,0.90287072,0.94845878,0.89882114,0.88960663,0.92498532,0.885691201,0.88642685,0.94650206,0.89233171,0.9081973,0.87496803,0.89349635,0.94589966,0.89498037
2060.0,0.858074478,0.889301386,0.880760044,0.909032712,0.902537726,0.949336832,0.898341766,0.889438232,0.924834556,0.88514349,0.885962652,0.94802631,0.89166726,0.907775502,0.874433088,0.893227424,0.945819688,0.896366136
2070.0,0.858088786,0.888658692,0.880186208,0.908852704,0.902204732,0.950214884,0.897862392,0.889269834,0.924683792,0.884595779,0.885498454,0.94955056,0.89100281,0.907353704,0.873898146,0.892958498,0.945739716,0.897751902
2080.0,0.858103094,0.888015998,0.879612372,0.908672696,0.901871738,0.951092936,0.897383018,0.889101436,0.924533028,0.884048067,0.885034256,0.95107481,0.89033836,0.906931906,0.873363204,0.892689572,0.945659744,0.899137668
2090.0,0.858117402,0.887373304,0.879038536,0.908492688,0.901538744,0.951970988,0.896903644,0.888933038,0.924382264,0.883500356,0.884570058,0.95259906,0.88967391,0.906510108,0.872828262,0.892420646,0.945579772,0.900523434
2100.0,0.85813171,0.88673061,0.8784647,0.90831268,0.90120575,0.95284904,0.89642427,0.88876464,0.9242315,0.882952645,0.88410586,0.95412331,0.88900946,0.90608831,0.87229332,0.89215172,0.9454998,0.9019092
2110.0,0.86212132,0.89014702,0.881955128,0.910959566,0.904855218,0.952316552,0.898475129,0.89033167,0.925614374,0.887086345,0.885753556,0.953271894,0.892895124,0.907753626,0.875705282,0.893938273,0.94693143,0.901456067
2120.0,0.86611093,0.89356343,0.885445556,0.913606452,0.908504686,0.951784064,0.900525988,0.8918987,0.926997248,0.891220044,0.887401252,0.952420478,0.896780788,0.909418941,0.879117244,0.895724826,0.94836306,0.901002934
2130.0,0.87010054,0.89697984,0.888935984,0.916253338,0.912154154,0.951251576,0.902576847,0.89346573,0.928380122,0.895353744,0.889048948,0.951569062,0.900666452,0.911084257,0.882529206,0.897511379,0.94979469,0.900549801
2140.0,0.87409015,0.90039625,0.892426412,0.918900224,0.915803622,0.950719088,0.904627706,0.89503276,0.929762996,0.899487443,0.890696644,0.950717646,0.904552116,0.912749572,0.885941168,0.899297932,0.95122632,0.900096668
2150.0,0.87807976,0.90381266,0.89591684,0.92154711,0.91945309,0.9501866,0.906678565,0.89659979,0.93114587,0.903621143,0.89234434,0.94986623,0.90843778,0.914414888,0.88935313,0.901084485,0.95265795,0.899643535
2160.0,0.878593002,0.904318546,0.895485278,0.92174819,0.91873816,0.95041165,0.908547122,0.897725398,0.932289724,0.90338957,0.893570704,0.949616214,0.908201004,0.916089922,0.889603842,0.90301376,0.954371728,0.899680518
2170.0,0.879106244,0.904824432,0.895053716,0.92194927,0.91802323,0.9506367,0.910415679,0.898851006,0.933433578,0.903157997,0.894797068,0.949366198,0.907964228,0.917764957,0.889854554,0.904943035,0.956085506,0.899717501
2180.0,0.879619486,0.905330318,0.894622154,0.92215035,0.9173083,0.95086175,0.912284236,0.899976614,0.934577432,0.902926425,0.896023432,0.949116182,0.907727452,0.919439991,0.890105266,0.90687231,0.957799284,0.899754484
2190.0,0.880132728,0.905836204,0.894190592,0.92235143,0.91659337,0.9510868,0.914152793,0.901102222,0.935721286,0.902694852,0.897249796,0.948866166,0.907490676,0.921115026,0.890355978,0.908801585,0.959513062,0.899791467
2200.0,0.88064597,0.90634209,0.89375903,0.92255251,0.91587844,0.95131185,0.91602135,0.90222783,0.93686514,0.902463279,0.89847616,0.94861615,0.9072539,0.92279006,0.89060669,0.91073086,0.96122684,0.89982845
2210.0,0.880754288,0.906113964,0.89390634,0.922355842,0.916392604,0.950674826,0.91590658,0.902942276,0.937192416,0.901953721,0.898854626,0.9489376,0.906374274,0.922348824,0.89004508,0.91017649,0.960582572,0.900233984
2220.0,0.880862606,0.905885838,0.89405365,0.922159174,0.916906768,0.950037802,0.91579181,0.903656722,0.937519692,0.901444163,0.899233092,0.94925905,0.905494648,0.921907588,0.88948347,0.90962212,0.959938304,0.900639518
2230.0,0.880970924,0.905657712,0.89420096,0.921962506,0.917420932,0.949400778,0.91567704,0.904371168,0.937846968,0.900934605,0.899611558,0.9495805,0.904615022,0.921466352,0.88892186,0.90906775,0.959294036,0.901045052
2240.0,0.881079242,0.905429586,0.89434827,0.921765838,0.917935096,0.948763754,0.91556227,0.905085614,0.938174244,0.900425047,0.899990024,0.94990195,0.903735396,0.921025116,0.88836025,0.90851338,0.958649768,0.901450586
2250.0,0.88118756,0.90520146,0.89449558,0.92156917,0.91844926,0.94812673,0.9154475,0.90580006,0.93850152,0.899915489,0.90036849,0.9502234,0.90285577,0.92058388,0.88779864,0.90795901,0.9580055,0.90185612
2260.0,0.87955709,0.903908012,0.89251177,0.920542486,0.91673019,0.947879574,0.913824062,0.904323516,0.936665244,0.896227947,0.898413224,0.952721378,0.899146536,0.91950326,0.88606398,0.906500896,0.955570428,0.903476466
2270.0,0.87792662,0.902614564,0.89052796,0.919515802,0.91501112,0.947632418,0.912200624,0.902846972,0.934828968,0.892540405,0.896457958,0.955219356,0.895437302,0.91842264,0.88432932,0.905042782,0.953135356,0.905096812
2280.0,0.87629615,0.901321116,0.88854415,0.918489118,0.91329205,0.947385262,0.910577186,0.901370428,0.932992692,0.888852862,0.894502692,0.957717334,0.891728068,0.91734202,0.88259466,0.903584668,0.950700284,0.906717158
2290.0,0.87466568,0.900027668,0.88656034,0.917462434,0.91157298,0.947138106,0.908953748,0.899893884,0.931156416,0.88516532,0.892547426,0.960215312,0.888018834,0.9162614,0.88086,0.902126554,0.948265212,0.908337504
2300.0,0.87303521,0.89873422,0.88457653,0.91643575,0.90985391,0.94689095,0.90733031,0.89841734,0.92932014,0.881477778,0.89059216,0.96271329,0.8843096,0.91518078,0.87912534,0.90066844,0.94583014,0.90995785
2310.0,0.869975226,0.895043834,0.8815277,0.912175586,0.907920872,0.94527314,0.904394114,0.89470266,0.925711372,0.874013462,0.888430318,0.961531584,0.877543758,0.91101695,0.874535798,0.896027508,0.941594954,0.908253426
2320.0,0.866915242,0.891353448,0.87847887,0.907915422,0.905987834,0.94365533,0.901457918,0.89098798,0.922102604,0.866549146,0.886268476,0.960349878,0.870777916,0.90685312,0.869946256,0.891386576,0.937359768,0.906549002
2330.0,0.863855258,0.887663062,0.87543004,0.903655258,0.904054796,0.94203752,0.898521722,0.8872733,0.918493836,0.859084831,0.884106634,0.959168172,0.864012074,0.90268929,0.865356714,0.886745644,0.933124582,0.904844578
2340.0,0.860795274,0.883972676,0.87238121,0.899395094,0.902121758,0.94041971,0.895585526,0.88355862,0.914885068,0.851620515,0.881944792,0.957986466,0.857246232,0.89852546,0.860767172,0.882104712,0.928889396,0.903140154
2350.0,0.85773529,0.88028229,0.86933238,0.89513493,0.90018872,0.9388019,0.89264933,0.87984394,0.9112763,0.844156199,0.87978295,0.95680476,0.85048039,0.89436163,0.85617763,0.87746378,0.92465421,0.90143573
2360.0,0.850551692,0.871270986,0.861733702,0.886719876,0.895755972,0.9296181,0.886732442,0.870003714,0.901083824,0.827010823,0.874191172,0.95004507,0.837505026,0.884956626,0.84635908,0.865984266,0.912761024,0.8919175
2370.0,0.843368094,0.862259682,0.854135024,0.878304822,0.891323224,0.9204343,0.880815554,0.860163488,0.890891348,0.809865448,0.868599394,0.94328538,0.824529662,0.875551622,0.83654053,0.854504752,0.900867838,0.88239927
2380.0,0.836184496,0.853248378,0.846536346,0.869889768,0.886890476,0.9112505,0.874898666,0.850323262,0.880698872,0.792720072,0.863007616,0.93652569,0.811554298,0.866146618,0.82672198,0.843025238,0.888974652,0.87288104
2390.0,0.829000898,0.844237074,0.838937668,0.861474714,0.882457728,0.9020667,0.868981778,0.840483036,0.870506396,0.775574697,0.857415838,0.929766,0.798578934,0.856741614,0.81690343,0.831545724,0.877081466,0.86336281
2400.0,0.8218173,0.83522577,0.83133899,0.85305966,0.87802498,0.8928829,0.86306489,0.83064281,0.86031392,0.758429321,0.85182406,0.92300631,0.78560357,0.84733661,0.80708488,0.82006621,0.86518828,0.85384458
2410.0,0.809818408,0.82098719,0.819560978,0.838949688,0.869810608,0.87172876,0.852861034,0.810357506,0.842411512,0.722719565,0.844614184,0.908684028,0.756268158,0.832502334,0.79132998,0.79950001,0.84121912,0.83023137
2420.0,0.797819516,0.80674861,0.807782966,0.824839716,0.861596236,0.85057462,0.842657178,0.790072202,0.824509104,0.687009808,0.837404308,0.894361746,0.726932746,0.817668058,0.77557508,0.77893381,0.81724996,0.80661816
2430.0,0.780795852,0.786972424,0.79270965,0.806632736,0.851176738,0.82942048,0.829778038,0.76328872,0.801533692,0.626421215,0.829442316,0.880039464,0.675784514,0.797440344,0.754350488,0.754045672,0.779870294,0.78300495
2440.0,0.758747416,0.761658632,0.77434103,0.784328748,0.838552114,0.80826634,0.814223614,0.73000706,0.773485276,0.540953785,0.820728208,0.865717182,0.602823462,0.771819192,0.727656204,0.724835596,0.729080122,0.75939174
2450.0,0.73669898,0.73634484,0.75597241,0.76202476,0.82592749,0.7871122,0.79866919,0.6967254,0.74543686,0.455486355,0.8120141,0.8513949,0.52986241,0.74619804,0.70096192,0.69562552,0.67828995,0.73577853
2460.0,0.685258816,0.689871624,0.714213766,0.711697568,0.806399374,0.699485886,0.775555866,0.627607492,0.692073684,0.347106044,0.796773568,0.794541132,0.414143234,0.694170008,0.642907116,0.63381336,0.555858342,0.633749172
2470.0,0.633818652,0.643398408,0.672455122,0.661370376,0.786871258,0.611859572,0.752442542,0.558489584,0.638710508,0.238725733,0.781533036,0.737687364,0.298424058,0.642141976,0.584852312,0.5720012,0.433426734,0.531719814
2480.0,0.556295694,0.571324578,0.604451294,0.578369866,0.762357096,0.524233258,0.72048518,0.469159498,0.56009486,0.161163032,0.759464948,0.680833596,0.21024111,0.564193576,0.504084342,0.489872576,0.322916168,0.429690456
2490.0,0.452689942,0.473650134,0.510202282,0.462696038,0.732856888,0.436606944,0.67968378,0.359617234,0.45622674,0.114417943,0.730569304,0.623979828,0.14959439,0.460324808,0.400603206,0.387427488,0.224326644,0.327661098
2500.0,0.34908419,0.37597569,0.41595327,0.34702221,0.70335668,0.34898063,0.63888238,0.25007497,0.35235862,0.067672854,0.70167366,0.56712606,0.08894767,0.35645604,0.29712207,0.2849824,0.12573712,0.22563174
2510.0,0.26891741,0.282536818,0.313825142,0.257093698,0.63879008,0.289237378,0.548643464,0.187931326,0.26229044,0.052654707,0.63321584,0.472689264,0.068979414,0.266427164,0.223445358,0.215104476,0.095489276,0.187850046
2520.0,0.18875063,0.189097946,0.211697014,0.167165186,0.57422348,0.229494126,0.458404548,0.125787682,0.17222226,0.03763656,0.56475802,0.378252468,0.049011158,0.176398288,0.149768646,0.145226552,0.065241432,0.150068352
2530.0,0.133080496,0.125571258,0.141512648,0.10830589,0.487431944,0.169750874,0.36376359,0.084521008,0.112231748,0.027740123,0.474319786,0.283815672,0.035650318,0.116058302,0.100970732,0.098838862,0.045664962,0.112286658
2540.0,0.101907008,0.091956754,0.103272044,0.08051581,0.378415472,0.110007622,0.26472059,0.064131304,0.082318904,0.022965394,0.361901138,0.189378876,0.028896894,0.085407206,0.077051616,0.075941406,0.036759866,0.074504964
2550.0,0.07073352,0.05834225,0.06503144,0.05272573,0.269399,0.05026437,0.16567759,0.0437416,0.05240606,0.018190665,0.24948249,0.09494208,0.02214347,0.05475611,0.0531325,0.05304395,0.02785477,0.03672327
2560.0,0.058707336,0.047819402,0.052617548,0.044031902,0.201810412,0.045239194,0.127238826,0.036595792,0.042957572,0.017759284,0.184892226,0.082698182,0.020853842,0.044861638,0.045126448,0.045232558,0.025891838,0.033677094
2570.0,0.046681152,0.037296554,0.040203656,0.035338074,0.134221824,0.040214018,0.088800062,0.029449984,0.033509084,0.017327903,0.120301962,0.070454284,0.019564214,0.034967166,0.037120396,0.037421166,0.023928906,0.030630918
2580.0,0.038498416,0.03028947,0.032002052,0.029906076,0.090007554,0.035188842,0.06394584,0.025025736,0.027305534,0.017697949,0.079163746,0.058210386,0.01941767,0.028491252,0.032144476,0.03255385,0.02346519,0.027584742
2590.0,0.034159128,0.02679815,0.028012736,0.027735908,0.069167602,0.030163666,0.05267616,0.023323048,0.024346922,0.018869423,0.061477578,0.045966488,0.02041421,0.025433896,0.030198688,0.03063061,0.02450069,0.024538566
2600.0,0.02981984,0.02330683,0.02402342,0.02556574,0.04832765,0.02513849,0.04140648,0.02162036,0.02138831,0.020040897,0.04379141,0.03372259,0.02141075,0.02237654,0.0282529,0.02870737,0.02553619,0.02149239
2610.0,0.029743128,0.023546966,0.024090494,0.026339848,0.044046108,0.026307652,0.039050036,0.02219404,0.021782136,0.02152298,0.040263756,0.033772888,0.022988612,0.022848548,0.02928295,0.029795532,0.027516908,0.022904014
2620.0,0.029666416,0.023787102,0.024157568,0.027113956,0.039764566,0.027476814,0.036693592,0.02276772,0.022175962,0.023005063,0.036736102,0.033823186,0.024566474,0.023320556,0.030313,0.030883694,0.029497626,0.024315638
2630.0,0.029589704,0.024027238,0.024224642,0.027888064,0.035483024,0.028645976,0.034337148,0.0233414,0.022569788,0.024487146,0.033208448,0.033873484,0.026144336,0.023792564,0.03134305,0.031971856,0.031478344,0.025727262
2640.0,0.029512992,0.024267374,0.024291716,0.028662172,0.031201482,0.029815138,0.031980704,0.02391508,0.022963614,0.025969229,0.029680794,0.033923782,0.027722198,0.024264572,0.0323731,0.033060018,0.033459062,0.027138886
2650.0,0.02943628,0.02450751,0.02435879,0.02943628,0.02691994,0.0309843,0.02962426,0.02448876,0.02335744,0.027451312,0.02615314,0.03397408,0.02930006,0.02473658,0.03340315,0.03414818,0.03543978,0.02855051
2660.0,0.036004964,0.029867056,0.029885256,0.036004964,0.031323244,0.037181974,0.03561729,0.030128898,0.02849416,0.034185129,0.0305456,0.041043582,0.036506336,0.030205116,0.041333332,0.042269262,0.043921484,0.034747378
2670.0,0.042573648,0.035226602,0.035411722,0.042573648,0.035726548,0.043379648,0.04161032,0.035769036,0.03363088,0.040918946,0.03493806,0.048113084,0.043712612,0.035673652,0.049263514,0.050390344,0.052403188,0.040944246
2680.0,0.049142332,0.040586148,0.040938188,0.049142332,0.040129852,0.049577322,0.04760335,0.041409174,0.0387676,0.047652762,0.03933052,0.055182586,0.050918888,0.041142188,0.057193696,0.058511426,0.060884892,0.047141114
2690.0,0.055711016,0.045945694,0.046464654,0.055711016,0.044533156,0.055774996,0.05359638,0.047049312,0.04390432,0.054386579,0.04372298,0.062252088,0.058125164,0.046610724,0.065123878,0.066632508,0.069366596,0.053337982
2700.0,0.0622797,0.05130524,0.05199112,0.0622797,0.04893646,0.06197267,0.05958941,0.05268945,0.04904104,0.061120396,0.04811544,0.06932159,0.06533144,0.05207926,0.07305406,0.07475359,0.0778483,0.05953485
