romanisim/data/roman-technical-information/data/WideFieldInstrument/FPSPerformance/WFI_Quantum_efficiency.ecsv
# %ECSV 1.0
# ---
# datatype:
# - {name: wavelength, unit: nm, datatype: float64, description: wavelength}
# - {name: SCU 1, unit: '', datatype: float64, description: Sensor Control Unit Number 1}
# - {name: SCU 2, unit: '', datatype: float64, description: Sensor Control Unit Number 2}
# - {name: SCU 3, unit: '', datatype: float64, description: Sensor Control Unit Number 3}
# - {name: SCU 4, unit: '', datatype: float64, description: Sensor Control Unit Number 4}
# - {name: SCU 5, unit: '', datatype: float64, description: Sensor Control Unit Number 5}
# - {name: SCU 6, unit: '', datatype: float64, description: Sensor Control Unit Number 6}
# - {name: SCU 7, unit: '', datatype: float64, description: Sensor Control Unit Number 7}
# - {name: SCU 8, unit: '', datatype: float64, description: Sensor Control Unit Number 8}
# - {name: SCU 9, unit: '', datatype: float64, description: Sensor Control Unit Number 9}
# - {name: SCU 10, unit: '', datatype: float64, description: Sensor Control Unit Number 10}
# - {name: SCU 11, unit: '', datatype: float64, description: Sensor Control Unit Number 11}
# - {name: SCU 12, unit: '', datatype: float64, description: Sensor Control Unit Number 12}
# - {name: SCU 13, unit: '', datatype: float64, description: Sensor Control Unit Number 13}
# - {name: SCU 14, unit: '', datatype: float64, description: Sensor Control Unit Number 14}
# - {name: SCU 15, unit: '', datatype: float64, description: Sensor Control Unit Number 15}
# - {name: SCU 16, unit: '', datatype: float64, description: Sensor Control Unit Number 16}
# - {name: SCU 17, unit: '', datatype: float64, description: Sensor Control Unit Number 17}
# - {name: SCU 18, unit: '', datatype: float64, description: Sensor Control Unit Number 18}
# delimiter: ','
# meta: !!omap
# - {comments: Roman/WFI quantum efficiency as a function of Sensor Control Unit (SCU) and wavelength}
# schema: astropy-2.0
wavelength,SCU 1,SCU 2,SCU 3,SCU 4,SCU 5,SCU 6,SCU 7,SCU 8,SCU 9,SCU 10,SCU 11,SCU 12,SCU 13,SCU 14,SCU 15,SCU 16,SCU 17,SCU 18
480.0,0.42515548,0.41987226,0.43598512,0.42214664,0.434427,0.457477866,0.44313118,0.43873108,0.44366969,0.439528418,0.43413964,0.43466828,0.44127537,0.41608587,0.45265907,0.45157876,0.4624326,0.42807077
490.0,0.40882231,0.418061995,0.43118464,0.418014195,0.426080065,0.458130469,0.431510265,0.42899487,0.435441145,0.430779199,0.428362595,0.427060245,0.439671405,0.41488539,0.4457671,0.44545494,0.45303214,0.408719745
500.0,0.39248914,0.41625173,0.42638416,0.41388175,0.41773313,0.458783071,0.41988935,0.41925866,0.4272126,0.42202998,0.42258555,0.41945221,0.43806744,0.41368491,0.43887513,0.43933112,0.44363168,0.38936872
510.0,0.38183543,0.4286373,0.43494351,0.42189165,0.42269965,0.474384158,0.41836232,0.42264227,0.43269321,0.425358778,0.4306322,0.42515236,0.45057368,0.42708381,0.44638232,0.44906539,0.44924842,0.38198147
520.0,0.387511345,0.48683057,0.489457795,0.476291335,0.47589092,0.538714189,0.469548515,0.47416228,0.487716835,0.478658106,0.48520042,0.47625992,0.51101053,0.48608662,0.49904402,0.505034665,0.497821855,0.38440137
530.0,0.39318726,0.54502384,0.54397208,0.53069102,0.52908219,0.603044219,0.52073471,0.52568229,0.54274046,0.531957434,0.53976864,0.52736748,0.57144738,0.54508943,0.55170572,0.56100394,0.54639529,0.38682127
540.0,0.43951625,0.56370067,0.561176575,0.550100035,0.546101435,0.627244605,0.534869685,0.54300923,0.56002785,0.550572686,0.55722454,0.547306645,0.59145611,0.5630479,0.57972027,0.5918852,0.566690475,0.4040082
550.0,0.48584524,0.5823775,0.57838107,0.56950905,0.56312068,0.65144499,0.54900466,0.56033617,0.57731524,0.569187938,0.57468044,0.56724581,0.61146484,0.58100637,0.60773482,0.62276646,0.58698566,0.42119513
560.0,0.51322174,0.61133635,0.60607575,0.59621544,0.592268,0.676933375,0.580604325,0.59117554,0.606917575,0.599414008,0.60213268,0.599012885,0.637913135,0.608992355,0.629015035,0.646014945,0.61710161,0.48181254
570.0,0.54059824,0.6402952,0.63377043,0.62292183,0.62141532,0.70242176,0.61220399,0.62201491,0.63651991,0.629640079,0.62958492,0.63077996,0.66436143,0.63697834,0.65029525,0.66926343,0.64721756,0.54242995
580.0,0.57275597,0.660869587,0.652170937,0.641570457,0.643156967,0.717760881,0.63857662,0.647648927,0.658485503,0.654321473,0.648425023,0.656184637,0.679787913,0.65706528,0.676817443,0.69502636,0.67492249,0.571226807
590.0,0.6049137,0.681443973,0.670571443,0.660219083,0.664898613,0.733100003,0.66494925,0.673282943,0.680451097,0.679002866,0.667265127,0.681589313,0.695214397,0.67715222,0.703339637,0.72078929,0.70262742,0.600023663
600.0,0.63707143,0.70201836,0.68897195,0.67886771,0.68664026,0.748439124,0.69132188,0.69891696,0.70241669,0.70368426,0.68610523,0.70699399,0.71064088,0.69723916,0.72986183,0.74655222,0.73033235,0.62882052
610.0,0.658555654,0.703270536,0.693558578,0.683550346,0.693718352,0.749573704,0.705595884,0.709756768,0.708749594,0.711911831,0.690690722,0.71621313,0.711170904,0.698841708,0.737012486,0.7509007,0.744517818,0.652585332
620.0,0.680039878,0.704522712,0.698145206,0.688232982,0.700796444,0.750708283,0.719869888,0.720596576,0.715082498,0.720139402,0.695276214,0.72543227,0.711700928,0.700444256,0.744163142,0.75524918,0.758703286,0.676350144
630.0,0.696315296,0.704495358,0.700285498,0.689147286,0.708579696,0.749651057,0.729575174,0.727324684,0.722256618,0.724905403,0.701369608,0.729707846,0.711308928,0.700803642,0.74896462,0.757213088,0.768333894,0.693435528
640.0,0.707381908,0.703188474,0.699979454,0.686293258,0.717068108,0.746402026,0.734711742,0.729941092,0.730271954,0.726209832,0.708970904,0.729039858,0.709994904,0.699919866,0.75141692,0.756792424,0.773409642,0.703841484
650.0,0.71844852,0.70188159,0.69967341,0.68343923,0.72555652,0.743152995,0.73984831,0.7325575,0.73828729,0.727514262,0.7165722,0.72837187,0.70868088,0.69903609,0.75386922,0.75637176,0.77848539,0.71424744
660.0,0.718680644,0.699503894,0.696861734,0.680911146,0.723614296,0.740516475,0.74272865,0.730141272,0.736213314,0.724749479,0.715141064,0.72399925,0.70678272,0.696976034,0.751849816,0.752295884,0.779373294,0.7159849
670.0,0.718912768,0.697126198,0.694050058,0.678383062,0.721672072,0.737879954,0.74560899,0.727725044,0.734139338,0.721984696,0.713709928,0.71962663,0.70488456,0.694915978,0.749830412,0.748220008,0.780261198,0.71772236
680.0,0.716187202,0.693769384,0.69191469,0.67515079,0.719558114,0.735099052,0.743792016,0.725202744,0.73207573,0.718865895,0.712410752,0.714522504,0.703824244,0.691832314,0.748020374,0.74485809,0.778965866,0.716868712
690.0,0.710503946,0.689433452,0.69045563,0.67121433,0.717272422,0.732173768,0.737277728,0.722574372,0.73002249,0.715393076,0.711243536,0.708686872,0.703601772,0.687725042,0.746419702,0.74221013,0.775487298,0.713423956
700.0,0.70482069,0.68509752,0.68899657,0.66727787,0.71498673,0.729248484,0.73076344,0.719946,0.72796925,0.711920258,0.71007632,0.70285124,0.7033793,0.68361777,0.74481903,0.73956217,0.77200873,0.7099792
710.0,0.702138442,0.688577324,0.691420778,0.670730022,0.709941546,0.732995168,0.733777772,0.720719256,0.723232314,0.711114368,0.706185492,0.70338962,0.70767044,0.687450926,0.746098118,0.74066917,0.774608978,0.70488396
720.0,0.699456194,0.692057128,0.693844986,0.674182174,0.704896362,0.736741851,0.736792104,0.721492512,0.718495378,0.710308478,0.702294664,0.703928,0.71196158,0.691284082,0.747377206,0.74177617,0.777209226,0.69978872
730.0,0.697548354,0.69758375,0.69832049,0.678536724,0.710525874,0.741475368,0.73882343,0.724162666,0.724691246,0.712100311,0.708969194,0.70570716,0.717229362,0.69728747,0.751270726,0.745865766,0.780235198,0.696015072
740.0,0.696414922,0.70515719,0.70484729,0.683793672,0.726830082,0.747195719,0.73987175,0.728729718,0.741819918,0.716489868,0.726209082,0.7087271,0.723473786,0.70546109,0.757778678,0.752937958,0.783686894,0.693563016
750.0,0.69528149,0.71273063,0.71137409,0.68905062,0.74313429,0.752916069,0.74092007,0.73329677,0.75894859,0.720879425,0.74344897,0.71174704,0.72971821,0.71363471,0.76428663,0.76001015,0.78713859,0.69111096
760.0,0.702311498,0.72216563,0.721173762,0.704441132,0.75488385,0.766005546,0.746065626,0.741124882,0.771420206,0.734074237,0.755797182,0.723213724,0.743875406,0.723653726,0.775791274,0.77254119,0.800241266,0.696746024
770.0,0.709341506,0.73160063,0.730973434,0.719831644,0.76663341,0.779095023,0.751211182,0.748952994,0.783891822,0.747269049,0.768145394,0.734680408,0.758032602,0.733672742,0.787295918,0.78507223,0.813343942,0.702381088
780.0,0.714700588,0.744263962,0.743347,0.734980792,0.773837076,0.79172668,0.760547754,0.759638938,0.791778186,0.761391525,0.775729628,0.745890696,0.770968156,0.7444526,0.794313574,0.79313242,0.826024468,0.709240664
790.0,0.718388744,0.760155626,0.75829446,0.749888576,0.776494848,0.803900515,0.774075342,0.773182714,0.795079298,0.776441664,0.778549884,0.756844588,0.782682068,0.7559933,0.796844242,0.79672176,0.838282844,0.717324752
800.0,0.7220769,0.77604729,0.77324192,0.76479636,0.77915262,0.81607435,0.78760293,0.78672649,0.79838041,0.791491803,0.78137014,0.76779848,0.79439598,0.767534,0.79937491,0.8003111,0.85054122,0.72540884
810.0,0.727889056,0.785147762,0.782332968,0.774010312,0.78607158,0.82528353,0.793998606,0.79465275,0.80209961,0.802125525,0.787996812,0.77952072,0.804665872,0.777985384,0.80575665,0.807664716,0.858317988,0.730265488
820.0,0.733701212,0.794248234,0.791424016,0.783224264,0.79299054,0.83449271,0.800394282,0.80257901,0.80581881,0.812759248,0.794623484,0.79124296,0.814935764,0.788436768,0.81213839,0.815018332,0.866094756,0.735122136
830.0,0.740795542,0.803107274,0.79996685,0.794740778,0.80294931,0.843890628,0.806169952,0.809977798,0.815964692,0.820333132,0.804094252,0.801762272,0.826996038,0.799947998,0.818086522,0.821879722,0.871450466,0.741689386
840.0,0.749172046,0.811724882,0.80796147,0.808559854,0.81594789,0.853477284,0.811325616,0.816849114,0.832537256,0.824847179,0.816409116,0.811078656,0.840846694,0.812519074,0.823601046,0.828248886,0.874385118,0.749967238
850.0,0.75754855,0.82034249,0.81595609,0.82237893,0.82894647,0.86306394,0.81648128,0.82372043,0.84910982,0.829361225,0.82872398,0.82039504,0.85469735,0.82509015,0.82911557,0.83461805,0.87731977,0.75824509
860.0,0.766215182,0.832646674,0.824390506,0.828950846,0.840756838,0.873306812,0.825760372,0.83148169,0.861175148,0.839324179,0.83948386,0.83248012,0.862768626,0.837247686,0.83757223,0.84388637,0.88909517,0.765864458
870.0,0.774881814,0.844950858,0.832824922,0.835522762,0.852567206,0.883549684,0.835039464,0.83924295,0.873240476,0.849287132,0.85024374,0.8445652,0.870839902,0.849405222,0.84602889,0.85315469,0.90087057,0.773483826
880.0,0.782784176,0.855576052,0.840120068,0.842130282,0.861787596,0.890968858,0.843190368,0.84604739,0.88260794,0.857469559,0.85829474,0.853913818,0.877321358,0.859950172,0.852150934,0.859986498,0.909492202,0.782269678
890.0,0.789922268,0.864522256,0.846275944,0.848773406,0.868418008,0.895564334,0.850213084,0.85189501,0.88927754,0.86387146,0.86363686,0.860525974,0.882212994,0.868882536,0.855938362,0.864381794,0.914960066,0.792222014
900.0,0.79706036,0.87346846,0.85243182,0.85541653,0.87504842,0.90015981,0.8572358,0.85774263,0.89594714,0.87027336,0.86897898,0.86713813,0.88710463,0.8778149,0.85972579,0.86877709,0.92042793,0.80217435
910.0,0.804409644,0.875901096,0.85785436,0.861839226,0.881467588,0.904276102,0.863962076,0.863095558,0.902323668,0.877362482,0.874028088,0.873698802,0.89128293,0.880011336,0.865139942,0.874642822,0.92519995,0.808115202
920.0,0.811758928,0.878333732,0.8632769,0.868261922,0.887886756,0.908392394,0.870688352,0.868448486,0.908700196,0.884451605,0.879077196,0.880259474,0.89546123,0.882207772,0.870554094,0.880508554,0.92997197,0.814056054
930.0,0.819573954,0.88271079,0.868610954,0.87442561,0.894623326,0.912901938,0.877389466,0.873783612,0.915342298,0.891331528,0.884433436,0.88695099,0.89996568,0.886412244,0.875512136,0.885806904,0.934691462,0.821802576
940.0,0.827854722,0.88903227,0.873856522,0.88033029,0.901677298,0.917804734,0.884065418,0.879100936,0.922249974,0.898002251,0.890096808,0.89377335,0.90479628,0.892624752,0.880014068,0.890537872,0.939358426,0.831354768
950.0,0.83613549,0.89535375,0.87910209,0.88623497,0.90873127,0.92270753,0.89074137,0.88441826,0.92915765,0.904672974,0.89576018,0.90059571,0.90962688,0.89883726,0.884516,0.89526884,0.94402539,0.84090696
960.0,0.841452184,0.900971752,0.88219383,0.892226432,0.908846384,0.923471182,0.89555061,0.88770779,0.928940622,0.907546761,0.894806966,0.904586844,0.90729342,0.904091496,0.884766278,0.895520008,0.947218572,0.845523071
970.0,0.846768878,0.906589754,0.88528557,0.898217894,0.908961498,0.924234834,0.90035985,0.89099732,0.928723594,0.910420548,0.893853752,0.908577978,0.90495996,0.909345732,0.885016556,0.895771176,0.950411754,0.850139183
980.0,0.852085572,0.912207756,0.88837731,0.904209356,0.909076612,0.924998486,0.90516909,0.89428685,0.928506566,0.913294336,0.892900538,0.912569112,0.9026265,0.914599968,0.885266834,0.896022344,0.953604936,0.854755294
990.0,0.857402266,0.917825758,0.89146905,0.910200818,0.909191726,0.925762138,0.90997833,0.89757638,0.928289538,0.916168123,0.891947324,0.916560246,0.90029304,0.919854204,0.885517112,0.896273512,0.956798118,0.859371406
1000.0,0.86271896,0.92344376,0.89456079,0.91619228,0.90930684,0.92652579,0.91478757,0.90086591,0.92807251,0.91904191,0.89099411,0.92055138,0.89795958,0.92510844,0.88576739,0.89652468,0.9599913,0.863987517
1010.0,0.864395828,0.922241968,0.89359977,0.915579202,0.908885172,0.924988088,0.914899734,0.899932696,0.92738368,0.917683828,0.88995753,0.92030848,0.896025768,0.92393698,0.884710644,0.895238534,0.958982396,0.866163889
1020.0,0.866072696,0.921040176,0.89263875,0.914966124,0.908463504,0.923450386,0.915011898,0.898999482,0.92669485,0.916325745,0.88892095,0.92006558,0.894091956,0.92276552,0.883653898,0.893952388,0.957973492,0.868340261
1030.0,0.867749564,0.919838384,0.89167773,0.914353046,0.908041836,0.921912684,0.915124062,0.898066268,0.92600602,0.914967663,0.88788437,0.91982268,0.892158144,0.92159406,0.882597152,0.892666242,0.956964588,0.870516633
1040.0,0.869426432,0.918636592,0.89071671,0.913739968,0.907620168,0.920374982,0.915236226,0.897133054,0.92531719,0.91360958,0.88684779,0.91957978,0.890224332,0.9204226,0.881540406,0.891380096,0.955955684,0.872693005
1050.0,0.8711033,0.9174348,0.88975569,0.91312689,0.9071985,0.91883728,0.91534839,0.89619984,0.92462836,0.912251498,0.88581121,0.91933688,0.88829052,0.91925114,0.88048366,0.89009395,0.95494678,0.874869377
1060.0,0.87086658,0.914630206,0.887737386,0.911682248,0.90576228,0.916537616,0.91404454,0.894202776,0.922989788,0.910692768,0.884148574,0.918310416,0.886007684,0.91648089,0.878243924,0.887563044,0.952917748,0.876235393
1070.0,0.87062986,0.911825612,0.885719082,0.910237606,0.90432606,0.914237952,0.91274069,0.892205712,0.921351216,0.909134039,0.882485938,0.917283952,0.883724848,0.91371064,0.876004188,0.885032138,0.950888716,0.877601409
1080.0,0.87039314,0.909021018,0.883700778,0.908792964,0.90288984,0.911938288,0.91143684,0.890208648,0.919712644,0.907575309,0.880823302,0.916257488,0.881442012,0.91094039,0.873764452,0.882501232,0.948859684,0.878967425
1090.0,0.87015642,0.906216424,0.881682474,0.907348322,0.90145362,0.909638624,0.91013299,0.888211584,0.918074072,0.90601658,0.879160666,0.915231024,0.879159176,0.90817014,0.871524716,0.879970326,0.946830652,0.880333441
1100.0,0.8699197,0.90341183,0.87966417,0.90590368,0.9000174,0.90733896,0.90882914,0.88621452,0.9164355,0.90445785,0.87749803,0.91420456,0.87687634,0.90539989,0.86928498,0.87743942,0.94480162,0.881699457
1110.0,0.868884172,0.89987286,0.877982376,0.90373762,0.898362812,0.9053306,0.90714634,0.884460846,0.914669532,0.901876143,0.875887924,0.912708558,0.875014344,0.901939292,0.86767182,0.875596802,0.943096482,0.880254563
1120.0,0.867848644,0.89633389,0.876300582,0.90157156,0.896708224,0.90332224,0.90546354,0.882707172,0.912903564,0.899294435,0.874277818,0.911212556,0.873152348,0.898478694,0.86605866,0.873754184,0.941391344,0.878809669
1130.0,0.866813116,0.89279492,0.874618788,0.8994055,0.895053636,0.90131388,0.90378074,0.880953498,0.911137596,0.896712728,0.872667712,0.909716554,0.871290352,0.895018096,0.8644455,0.871911566,0.939686206,0.877364775
1140.0,0.865777588,0.88925595,0.872936994,0.89723944,0.893399048,0.89930552,0.90209794,0.879199824,0.909371628,0.89413102,0.871057606,0.908220552,0.869428356,0.891557498,0.86283234,0.870068948,0.937981068,0.875919881
1150.0,0.86474206,0.88571698,0.8712552,0.89507338,0.89174446,0.89729716,0.90041514,0.87744615,0.90760566,0.891549313,0.8694475,0.90672455,0.86756636,0.8880969,0.86121918,0.86822633,0.93627593,0.874474987
1160.0,0.862535174,0.883473768,0.868958164,0.893604858,0.88965101,0.895684002,0.898686558,0.874909338,0.905550424,0.889807299,0.867580564,0.9047448,0.86601942,0.886166076,0.858717732,0.86548795,0.93452758,0.873585924
1170.0,0.860328288,0.881230556,0.866661128,0.892136336,0.88755756,0.894070844,0.896957976,0.872372526,0.903495188,0.888065285,0.865713628,0.90276505,0.86447248,0.884235252,0.856216284,0.86274957,0.93277923,0.872696861
1180.0,0.858121402,0.878987344,0.864364092,0.890667814,0.88546411,0.892457686,0.895229394,0.869835714,0.901439952,0.88632327,0.863846692,0.9007853,0.86292554,0.882304428,0.853714836,0.86001119,0.93103088,0.871807799
1190.0,0.855914516,0.876744132,0.862067056,0.889199292,0.88337066,0.890844528,0.893500812,0.867298902,0.899384716,0.884581256,0.861979756,0.89880555,0.8613786,0.880373604,0.851213388,0.85727281,0.92928253,0.870918736
1200.0,0.85370763,0.87450092,0.85977002,0.88773077,0.88127721,0.88923137,0.89177223,0.86476209,0.89732948,0.882839242,0.86011282,0.8968258,0.85983166,0.87844278,0.84871194,0.85453443,0.92753418,0.870029673
1210.0,0.851682342,0.872476398,0.858013156,0.88540478,0.879170914,0.887104466,0.88939374,0.862609992,0.895267438,0.880265982,0.858367762,0.894577256,0.85816318,0.876542494,0.84726146,0.852884074,0.924094936,0.867212256
