romanisim/data/roman-technical-information/data/WideFieldInstrument/FPSPerformance/WFI_Quantum_efficiency.ecsv
# %ECSV 1.0
# ---
# datatype:
# - {name: wavelength, unit: nm, datatype: float64, description: wavelength}
# - {name: SCU 1, unit: '', datatype: float64, description: Sensor Control Unit Number 1}
# - {name: SCU 2, unit: '', datatype: float64, description: Sensor Control Unit Number 2}
# - {name: SCU 3, unit: '', datatype: float64, description: Sensor Control Unit Number 3}
# - {name: SCU 4, unit: '', datatype: float64, description: Sensor Control Unit Number 4}
# - {name: SCU 5, unit: '', datatype: float64, description: Sensor Control Unit Number 5}
# - {name: SCU 6, unit: '', datatype: float64, description: Sensor Control Unit Number 6}
# - {name: SCU 7, unit: '', datatype: float64, description: Sensor Control Unit Number 7}
# - {name: SCU 8, unit: '', datatype: float64, description: Sensor Control Unit Number 8}
# - {name: SCU 9, unit: '', datatype: float64, description: Sensor Control Unit Number 9}
# - {name: SCU 10, unit: '', datatype: float64, description: Sensor Control Unit Number 10}
# - {name: SCU 11, unit: '', datatype: float64, description: Sensor Control Unit Number 11}
# - {name: SCU 12, unit: '', datatype: float64, description: Sensor Control Unit Number 12}
# - {name: SCU 13, unit: '', datatype: float64, description: Sensor Control Unit Number 13}
# - {name: SCU 14, unit: '', datatype: float64, description: Sensor Control Unit Number 14}
# - {name: SCU 15, unit: '', datatype: float64, description: Sensor Control Unit Number 15}
# - {name: SCU 16, unit: '', datatype: float64, description: Sensor Control Unit Number 16}
# - {name: SCU 17, unit: '', datatype: float64, description: Sensor Control Unit Number 17}
# - {name: SCU 18, unit: '', datatype: float64, description: Sensor Control Unit Number 18}
# delimiter: ','
# meta: !!omap
# - {comments: Roman/WFI quantum efficiency as a function of Sensor Control Unit (SCU) and wavelength}
# schema: astropy-2.0
wavelength,SCU 1,SCU 2,SCU 3,SCU 4,SCU 5,SCU 6,SCU 7,SCU 8,SCU 9,SCU 10,SCU 11,SCU 12,SCU 13,SCU 14,SCU 15,SCU 16,SCU 17,SCU 18
[from data line 75]
1230.0,0.847631766,0.868427354,0.854499428,0.8807528,0.874958322,0.882850658,0.88463676,0.858305796,0.891143354,0.875119461,0.854877646,0.890080168,0.85482622,0.872741922,0.8443605,0.849583362,0.917216448,0.861577423
1240.0,0.845606478,0.866402832,0.852742564,0.87842681,0.872852026,0.880723754,0.88225827,0.856153698,0.889081312,0.8725462,0.853132588,0.887831624,0.85315774,0.870841636,0.84291002,0.847933006,0.913777204,0.858760007
1250.0,0.84358119,0.86437831,0.8509857,0.87610082,0.87074573,0.87859685,0.87987978,0.8540016,0.88701927,0.86997294,0.85138753,0.88558308,0.85148926,0.86894135,0.84145954,0.84628265,0.91033796,0.85594259
1260.0,0.841708056,0.863030358,0.850296358,0.874820586,0.869878196,0.877828392,0.87798035,0.853171174,0.886200518,0.868499285,0.850834804,0.884030368,0.85034817,0.867732652,0.840537282,0.84526023,0.908654424,0.854869397
1270.0,0.839834922,0.861682406,0.849607016,0.873540352,0.869010662,0.877059934,0.87608092,0.852340748,0.885381766,0.86702563,0.850282078,0.882477656,0.84920708,0.866523954,0.839615024,0.84423781,0.906970888,0.853796205
1280.0,0.837961788,0.860334454,0.848917674,0.872260118,0.868143128,0.876291476,0.87418149,0.851510322,0.884563014,0.865551976,0.849729352,0.880924944,0.84806599,0.865315256,0.838692766,0.84321539,0.905287352,0.852723012
1290.0,0.836088654,0.858986502,0.848228332,0.870979884,0.867275594,0.875523018,0.87228206,0.850679896,0.883744262,0.864078321,0.849176626,0.879372232,0.8469249,0.864106558,0.837770508,0.84219297,0.903603816,0.85164982
1300.0,0.83421552,0.85763855,0.84753899,0.86969965,0.86640806,0.87475456,0.87038263,0.84984947,0.88292551,0.862604666,0.8486239,0.87781952,0.84578381,0.86289786,0.83684825,0.84117055,0.90192028,0.850576627
1310.0,0.833292036,0.85722419,0.848048378,0.86918254,0.866854216,0.875233014,0.870807848,0.85032939,0.883465542,0.863978882,0.849331058,0.877550856,0.847469886,0.862731116,0.836999372,0.841291942,0.90174154,0.849782738
1320.0,0.832368552,0.85680983,0.848557766,0.86866543,0.867300372,0.875711468,0.871233066,0.85080931,0.884005574,0.865353098,0.850038216,0.877282192,0.849155962,0.862564372,0.837150494,0.841413334,0.9015628,0.848988848
1330.0,0.831445068,0.85639547,0.849067154,0.86814832,0.867746528,0.876189922,0.871658284,0.85128923,0.884545606,0.866727315,0.850745374,0.877013528,0.850842038,0.862397628,0.837301616,0.841534726,0.90138406,0.848194959
1340.0,0.830521584,0.85598111,0.849576542,0.86763121,0.868192684,0.876668376,0.872083502,0.85176915,0.885085638,0.868101531,0.851452532,0.876744864,0.852528114,0.862230884,0.837452738,0.841656118,0.90120532,0.847401069
1350.0,0.8295981,0.85556675,0.85008593,0.8671141,0.86863884,0.87714683,0.87250872,0.85224907,0.88562567,0.869475747,0.85215969,0.8764762,0.85421419,0.86206414,0.83760386,0.84177751,0.90102658,0.84660718
1360.0,0.82850907,0.855332198,0.849361488,0.866833434,0.868026844,0.877344226,0.87195508,0.851294566,0.885210582,0.867647916,0.851787658,0.876285504,0.853322914,0.862133722,0.837520892,0.84183102,0.90039609,0.844638648
1370.0,0.82742004,0.855097646,0.848637046,0.866552768,0.867414848,0.877541622,0.87140144,0.850340062,0.884795494,0.865820085,0.851415626,0.876094808,0.852431638,0.862203304,0.837437924,0.84188453,0.8997656,0.842670116
1380.0,0.82633101,0.854863094,0.847912604,0.866272102,0.866802852,0.877739018,0.8708478,0.849385558,0.884380406,0.863992254,0.851043594,0.875904112,0.851540362,0.862272886,0.837354956,0.84193804,0.89913511,0.840701584
1390.0,0.82524198,0.854628542,0.847188162,0.865991436,0.866190856,0.877936414,0.87029416,0.848431054,0.883965318,0.862164423,0.850671562,0.875713416,0.850649086,0.862342468,0.837271988,0.84199155,0.89850462,0.838733052
1400.0,0.82415295,0.85439399,0.84646372,0.86571077,0.86557886,0.87813381,0.86974052,0.84747655,0.88355023,0.860336592,0.85029953,0.87552272,0.84975781,0.86241205,0.83718902,0.84204506,0.89787413,0.83676452
1410.0,0.82339436,0.854614876,0.846454018,0.865419342,0.865581824,0.878703342,0.869798806,0.847345448,0.883703528,0.860291848,0.85049492,0.87611488,0.850472088,0.862872656,0.837581472,0.842557712,0.897751782,0.837811692
1420.0,0.82263577,0.854835762,0.846444316,0.865127914,0.865584788,0.879272874,0.869857092,0.847214346,0.883856826,0.860247104,0.85069031,0.87670704,0.851186366,0.863333262,0.837973924,0.843070364,0.897629434,0.838858864
1430.0,0.82187718,0.855056648,0.846434614,0.864836486,0.865587752,0.879842406,0.869915378,0.847083244,0.884010124,0.860202361,0.8508857,0.8772992,0.851900644,0.863793868,0.838366376,0.843583016,0.897507086,0.839906036
1440.0,0.82111859,0.855277534,0.846424912,0.864545058,0.865590716,0.880411938,0.869973664,0.846952142,0.884163422,0.860157617,0.85108109,0.87789136,0.852614922,0.864254474,0.838758828,0.844095668,0.897384738,0.840953208
1450.0,0.82036,0.85549842,0.84641521,0.86425363,0.86559368,0.88098147,0.87003195,0.84682104,0.88431672,0.860112873,0.85127648,0.87848352,0.8533292,0.86471508,0.83915128,0.84460832,0.89726239,0.84200038
1460.0,0.820250596,0.855893114,0.846932652,0.864559234,0.865904066,0.881870794,0.868957294,0.847231936,0.88467785,0.859417773,0.851753332,0.878404628,0.853537334,0.865218608,0.839691386,0.845254384,0.897747826,0.841054406
1470.0,0.820141192,0.856287808,0.847450094,0.864864838,0.866214452,0.882760118,0.867882638,0.847642832,0.88503898,0.858722674,0.852230184,0.878325736,0.853745468,0.865722136,0.840231492,0.845900448,0.898233262,0.840108432
1480.0,0.820031788,0.856682502,0.847967536,0.865170442,0.866524838,0.883649442,0.866807982,0.848053728,0.88540011,0.858027574,0.852707036,0.878246844,0.853953602,0.866225664,0.840771598,0.846546512,0.898718698,0.839162458
1490.0,0.819922384,0.857077196,0.848484978,0.865476046,0.866835224,0.884538766,0.865733326,0.848464624,0.88576124,0.857332475,0.853183888,0.878167952,0.854161736,0.866729192,0.841311704,0.847192576,0.899204134,0.838216484
1500.0,0.81981298,0.85747189,0.84900242,0.86578165,0.86714561,0.88542809,0.86465867,0.84887552,0.88612237,0.856637375,0.85366074,0.87808906,0.85436987,0.86723272,0.84185181,0.84783864,0.89968957,0.83727051
1510.0,0.820751062,0.858710806,0.850381608,0.867119614,0.868415576,0.886870872,0.865758366,0.85022723,0.887450902,0.857671919,0.855041242,0.879126606,0.85594285,0.868622284,0.843097678,0.84923492,0.90102045,0.837659476
1520.0,0.821689144,0.859949722,0.851760796,0.868457578,0.869685542,0.888313654,0.866858062,0.85157894,0.888779434,0.858706463,0.856421744,0.880164152,0.85751583,0.870011848,0.844343546,0.8506312,0.90235133,0.838048442
1530.0,0.822627226,0.861188638,0.853139984,0.869795542,0.870955508,0.889756436,0.867957758,0.85293065,0.890107966,0.859741007,0.857802246,0.881201698,0.85908881,0.871401412,0.845589414,0.85202748,0.90368221,0.838437408
1540.0,0.823565308,0.862427554,0.854519172,0.871133506,0.872225474,0.891199218,0.869057454,0.85428236,0.891436498,0.860775551,0.859182748,0.882239244,0.86066179,0.872790976,0.846835282,0.85342376,0.90501309,0.838826374
1550.0,0.82450339,0.86366647,0.85589836,0.87247147,0.87349544,0.892642,0.87015715,0.85563407,0.89276503,0.861810095,0.86056325,0.88327679,0.86223477,0.87418054,0.84808115,0.85482004,0.90634397,0.83921534
1560.0,0.824896862,0.864458066,0.856742528,0.873252964,0.873891362,0.892989772,0.87076464,0.856274846,0.893128958,0.863184384,0.861079308,0.882834112,0.8632504,0.874993472,0.848867584,0.855700244,0.90773512,0.83851033
1570.0,0.825290334,0.865249662,0.857586696,0.874034458,0.874287284,0.893337544,0.87137213,0.856915622,0.893492886,0.864558672,0.861595366,0.882391434,0.86426603,0.875806404,0.849654018,0.856580448,0.90912627,0.83780532
1580.0,0.825683806,0.866041258,0.858430864,0.874815952,0.874683206,0.893685316,0.87197962,0.857556398,0.893856814,0.865932961,0.862111424,0.881948756,0.86528166,0.876619336,0.850440452,0.857460652,0.91051742,0.83710031
1590.0,0.826077278,0.866832854,0.859275032,0.875597446,0.875079128,0.894033088,0.87258711,0.858197174,0.894220742,0.867307249,0.862627482,0.881506078,0.86629729,0.877432268,0.851226886,0.858340856,0.91190857,0.8363953
1600.0,0.82647075,0.86762445,0.8601192,0.87637894,0.87547505,0.89438086,0.8731946,0.85883795,0.89458467,0.868681538,0.86314354,0.8810634,0.86731292,0.8782452,0.85201332,0.85922106,0.91329972,0.83569029
1610.0,0.828037576,0.86964402,0.86216941,0.878686234,0.877501118,0.896488882,0.87512477,0.860865232,0.896689484,0.870755562,0.865206064,0.883108346,0.86945317,0.880456682,0.854058926,0.861499014,0.915610242,0.837434232
1620.0,0.829604402,0.87166359,0.86421962,0.880993528,0.879527186,0.898596904,0.87705494,0.862892514,0.898794298,0.872829587,0.867268588,0.885153292,0.87159342,0.882668164,0.856104532,0.863776968,0.917920764,0.839178174
1630.0,0.831171228,0.87368316,0.86626983,0.883300822,0.881553254,0.900704926,0.87898511,0.864919796,0.900899112,0.874903611,0.869331112,0.887198238,0.87373367,0.884879646,0.858150138,0.866054922,0.920231286,0.840922116
1640.0,0.832738054,0.87570273,0.86832004,0.885608116,0.883579322,0.902812948,0.88091528,0.866947078,0.903003926,0.876977636,0.871393636,0.889243184,0.87587392,0.887091128,0.860195744,0.868332876,0.922541808,0.842666058
1650.0,0.83430488,0.8777223,0.87037025,0.88791541,0.88560539,0.90492097,0.88284545,0.86897436,0.90510874,0.87905166,0.87345616,0.89128813,0.87801417,0.88930261,0.86224135,0.87061083,0.92485233,0.84441
1660.0,0.835692654,0.879532784,0.871947612,0.890031858,0.887365306,0.907161114,0.884657238,0.870806518,0.906925766,0.880633933,0.875140486,0.893266798,0.879942632,0.891394524,0.864093148,0.872831722,0.926743088,0.845970618
1670.0,0.837080428,0.881343268,0.873524974,0.892148306,0.889125222,0.909401258,0.886469026,0.872638676,0.908742792,0.882216207,0.876824812,0.895245466,0.881871094,0.893486438,0.865944946,0.875052614,0.928633846,0.847531236
1680.0,0.838468202,0.883153752,0.875102336,0.894264754,0.890885138,0.911641402,0.888280814,0.874470834,0.910559818,0.88379848,0.878509138,0.897224134,0.883799556,0.895578352,0.867796744,0.877273506,0.930524604,0.849091854
1690.0,0.839855976,0.884964236,0.876679698,0.896381202,0.892645054,0.913881546,0.890092602,0.876302992,0.912376844,0.885380754,0.880193464,0.899202802,0.885728018,0.897670266,0.869648542,0.879494398,0.932415362,0.850652472
1700.0,0.84124375,0.88677472,0.87825706,0.89849765,0.89440497,0.91612169,0.89190439,0.87813515,0.91419387,0.886963027,0.88187779,0.90118147,0.88765648,0.89976218,0.87150034,0.88171529,0.93430612,0.85221309
1710.0,0.843163076,0.888785988,0.88016684,0.900523362,0.896185834,0.917828314,0.893685126,0.880106002,0.915964974,0.888877256,0.883619938,0.902636978,0.889640042,0.901874382,0.873534912,0.883985046,0.93635563,0.853485728
1720.0,0.845082402,0.890797256,0.88207662,0.902549074,0.897966698,0.919534938,0.895465862,0.882076854,0.917736078,0.890791485,0.885362086,0.904092486,0.891623604,0.903986584,0.875569484,0.886254802,0.93840514,0.854758366
1730.0,0.847001728,0.892808524,0.8839864,0.904574786,0.899747562,0.921241562,0.897246598,0.884047706,0.919507182,0.892705713,0.887104234,0.905547994,0.893607166,0.906098786,0.877604056,0.888524558,0.94045465,0.856031004
1740.0,0.848921054,0.894819792,0.88589618,0.906600498,0.901528426,0.922948186,0.899027334,0.886018558,0.921278286,0.894619942,0.888846382,0.907003502,0.895590728,0.908210988,0.879638628,0.890794314,0.94250416,0.857303642
1750.0,0.85084038,0.89683106,0.88780596,0.90862621,0.90330929,0.92465481,0.90080807,0.88798941,0.92304939,0.896534171,0.89058853,0.90845901,0.89757429,0.91032319,0.8816732,0.89306407,0.94455367,0.85857628
1760.0,0.851478924,0.897423048,0.888302364,0.90847113,0.903985558,0.92464283,0.901564502,0.888620158,0.923644852,0.897024894,0.891211252,0.908515738,0.897960702,0.91090273,0.88223703,0.893792638,0.944703,0.858603896
1770.0,0.852117468,0.898015036,0.888798768,0.90831605,0.904661826,0.92463085,0.902320934,0.889250906,0.924240314,0.897515617,0.891833974,0.908572466,0.898347114,0.91148227,0.88280086,0.894521206,0.94485233,0.858631512
1780.0,0.852756012,0.898607024,0.889295172,0.90816097,0.905338094,0.92461887,0.903077366,0.889881654,0.924835776,0.898006339,0.892456696,0.908629194,0.898733526,0.91206181,0.88336469,0.895249774,0.94500166,0.858659128
1790.0,0.853394556,0.899199012,0.889791576,0.90800589,0.906014362,0.92460689,0.903833798,0.890512402,0.925431238,0.898497062,0.893079418,0.908685922,0.899119938,0.91264135,0.88392852,0.895978342,0.94515099,0.858686744
1800.0,0.8540331,0.899791,0.89028798,0.90785081,0.90669063,0.92459491,0.90459023,0.89114315,0.9260267,0.898987785,0.89370214,0.90874265,0.89950635,0.91322089,0.88449235,0.89670691,0.94530032,0.85871436
1810.0,0.85548291,0.901007292,0.891286976,0.908899328,0.907974124,0.926041968,0.905755668,0.8922411,0.927337976,0.899765527,0.89491297,0.910258314,0.900522216,0.914468652,0.885688718,0.898075358,0.946619594,0.860256906
1820.0,0.85693272,0.902223584,0.892285972,0.909947846,0.909257618,0.927489026,0.906921106,0.89333905,0.928649252,0.900543268,0.8961238,0.911773978,0.901538082,0.915716414,0.886885086,0.899443806,0.947938868,0.861799452
1830.0,0.85838253,0.903439876,0.893284968,0.910996364,0.910541112,0.928936084,0.908086544,0.894437,0.929960528,0.90132101,0.89733463,0.913289642,0.902553948,0.916964176,0.888081454,0.900812254,0.949258142,0.863341998
1840.0,0.85983234,0.904656168,0.894283964,0.912044882,0.911824606,0.930383142,0.909251982,0.89553495,0.931271804,0.902098751,0.89854546,0.914805306,0.903569814,0.918211938,0.889277822,0.902180702,0.950577416,0.864884544
1850.0,0.86128215,0.90587246,0.89528296,0.9130934,0.9131081,0.9318302,0.91041742,0.8966329,0.93258308,0.902876493,0.89975629,0.91632097,0.90458568,0.9194597,0.89047419,0.90354915,0.95189669,0.86642709
1860.0,0.861497334,0.905411914,0.894732374,0.912948256,0.91262669,0.93176797,0.90967774,0.896306788,0.932096584,0.901995233,0.899141526,0.916789062,0.904024306,0.919087176,0.889989952,0.903284916,0.951387216,0.866713458
1870.0,0.861712518,0.904951368,0.894181788,0.912803112,0.91214528,0.93170574,0.90893806,0.895980676,0.931610088,0.901113973,0.898526762,0.917257154,0.903462932,0.918714652,0.889505714,0.903020682,0.950877742,0.866999826
1880.0,0.861927702,0.904490822,0.893631202,0.912657968,0.91166387,0.93164351,0.90819838,0.895654564,0.931123592,0.900232712,0.897911998,0.917725246,0.902901558,0.918342128,0.889021476,0.902756448,0.950368268,0.867286194
1890.0,0.862142886,0.904030276,0.893080616,0.912512824,0.91118246,0.93158128,0.9074587,0.895328452,0.930637096,0.899351452,0.897297234,0.918193338,0.902340184,0.917969604,0.888537238,0.902492214,0.949858794,0.867572562
1900.0,0.86235807,0.90356973,0.89253003,0.91236768,0.91070105,0.93151905,0.90671902,0.89500234,0.9301506,0.898470192,0.89668247,0.91866143,0.90177881,0.91759708,0.888053,0.90222798,0.94934932,0.86785893
1910.0,0.862640962,0.902675456,0.89211671,0.912548978,0.91081328,0.933022436,0.90665027,0.894961262,0.930382076,0.897884995,0.89659144,0.92102011,0.901748416,0.916980074,0.887155352,0.901603042,0.9493677,0.8704299
1920.0,0.862923854,0.901781182,0.89170339,0.912730276,0.91092551,0.934525822,0.90658152,0.894920184,0.930613552,0.897299798,0.89650041,0.92337879,0.901718022,0.916363068,0.886257704,0.900978104,0.94938608,0.87300087
1930.0,0.863206746,0.900886908,0.89129007,0.912911574,0.91103774,0.936029208,0.90651277,0.894879106,0.930845028,0.8967146,0.89640938,0.92573747,0.901687628,0.915746062,0.885360056,0.900353166,0.94940446,0.87557184
1940.0,0.863489638,0.899992634,0.89087675,0.913092872,0.91114997,0.937532594,0.90644402,0.894838028,0.931076504,0.896129403,0.89631835,0.92809615,0.901657234,0.915129056,0.884462408,0.899728228,0.94942284,0.87814281
1950.0,0.86377253,0.89909836,0.89046343,0.91327417,0.9112622,0.93903598,0.90637527,0.89479695,0.93130798,0.895544206,0.89622732,0.93045483,0.90162684,0.91451205,0.88356476,0.89910329,0.94944122,0.88071378
