romanisim/data/Roman_effarea_tables_20240327/Roman_effarea_v8_SCA01_20240301.ecsv
# %ECSV 1.0
# ---
# Effective area for Roman (m^2) - parameters as of 2024 03 01
# datatype:
# - {name: Wave, datatype: float32}
# - {name: F062, datatype: float32}
# - {name: F087, datatype: float32}
# - {name: F106, datatype: float32}
# - {name: F129, datatype: float32}
# - {name: F158, datatype: float32}
# - {name: F184, datatype: float32}
# - {name: F146, datatype: float32}
# - {name: F213, datatype: float32}
# - {name: Prism, datatype: float32}
# - {name: Grism_1stOrder, datatype: float32}
# - {name: Grism_0thOrder, datatype: float32}
# schema: astropy-2.0
Wave, F062, F087, F106, F129, F158, F184, F146, F213, Prism, Grism_1stOrder, Grism_0thOrder
[from data line 1314]
     1.714,    0.0000,    0.0000,    0.0000,    0.0000,    2.4976,    2.2486,    2.4976,    0.0000,    2.4391,     1.5113,     0.0103
     1.715,    0.0000,    0.0000,    0.0000,    0.0000,    2.4979,    2.2489,    2.4979,    0.0000,    2.4394,     1.5094,     0.0104
     1.716,    0.0000,    0.0000,    0.0000,    0.0000,    2.4986,    2.2495,    2.4986,    0.0000,    2.4401,     1.5077,     0.0105
     1.717,    0.0000,    0.0000,    0.0000,    0.0000,    2.5003,    2.2511,    2.5003,    0.0000,    2.4417,     1.5066,     0.0106
     1.718,    0.0000,    0.0000,    0.0000,    0.0000,    2.5020,    2.2526,    2.5020,    0.0000,    2.4433,     1.5055,     0.0107
     1.719,    0.0000,    0.0000,    0.0000,    0.0000,    2.5026,    2.2531,    2.5026,    0.0000,    2.4439,     1.5038,     0.0108
     1.720,    0.0000,    0.0000,    0.0000,    0.0000,    2.5028,    2.2533,    2.5028,    0.0000,    2.4441,     1.5018,     0.0109
     1.721,    0.0000,    0.0000,    0.0000,    0.0000,    2.5036,    2.2540,    2.5036,    0.0000,    2.4449,     1.5002,     0.0110
     1.722,    0.0000,    0.0000,    0.0000,    0.0000,    2.5045,    2.2548,    2.5045,    0.0000,    2.4458,     1.4987,     0.0111
     1.723,    0.0000,    0.0000,    0.0000,    0.0000,    2.5052,    2.2554,    2.5052,    0.0000,    2.4465,     1.4970,     0.0112
     1.724,    0.0000,    0.0000,    0.0000,    0.0000,    2.5059,    2.2561,    2.5059,    0.0000,    2.4472,     1.4954,     0.0113
     1.725,    0.0000,    0.0000,    0.0000,    0.0000,    2.5070,    2.2571,    2.5070,    0.0000,    2.4483,     1.4939,     0.0114
     1.726,    0.0000,    0.0000,    0.0000,    0.0000,    2.5080,    2.2580,    2.5080,    0.0000,    2.4492,     1.4924,     0.0115
     1.727,    0.0000,    0.0000,    0.0000,    0.0000,    2.5085,    2.2585,    2.5085,    0.0000,    2.4497,     1.4906,     0.0116
     1.728,    0.0000,    0.0000,    0.0000,    0.0000,    2.5089,    2.2588,    2.5089,    0.0000,    2.4501,     1.4888,     0.0117
     1.729,    0.0000,    0.0000,    0.0000,    0.0000,    2.5096,    2.2594,    2.5096,    0.0000,    2.4507,     1.4871,     0.0118
     1.730,    0.0000,    0.0000,    0.0000,    0.0000,    2.5104,    2.2602,    2.5104,    0.0000,    2.4516,     1.4855,     0.0120
     1.731,    0.0000,    0.0000,    0.0000,    0.0000,    2.5114,    2.2611,    2.5114,    0.0000,    2.4526,     1.4840,     0.0121
     1.732,    0.0000,    0.0000,    0.0000,    0.0000,    2.5124,    2.2620,    2.5124,    0.0000,    2.4535,     1.4825,     0.0122
     1.733,    0.0000,    0.0000,    0.0000,    0.0000,    2.5133,    2.2627,    2.5133,    0.0000,    2.4544,     1.4809,     0.0123
     1.734,    0.0000,    0.0000,    0.0000,    0.0000,    2.5141,    2.2635,    2.5141,    0.0000,    2.4552,     1.4793,     0.0124
     1.735,    0.0000,    0.0000,    0.0000,    0.0000,    2.5151,    2.2643,    2.5151,    0.0000,    2.4561,     1.4778,     0.0125
     1.736,    0.0000,    0.0000,    0.0000,    0.0000,    2.5159,    2.2651,    2.5159,    0.0000,    2.4569,     1.4762,     0.0126
     1.737,    0.0000,    0.0000,    0.0000,    0.0000,    2.5164,    2.2656,    2.5164,    0.0000,    2.4575,     1.4744,     0.0127
     1.738,    0.0000,    0.0000,    0.0000,    0.0000,    2.5166,    2.2657,    2.5166,    0.0000,    2.4576,     1.4724,     0.0128
     1.739,    0.0000,    0.0000,    0.0000,    0.0000,    2.5165,    2.2657,    2.5165,    0.0000,    2.4576,     1.4703,     0.0129
     1.740,    0.0000,    0.0000,    0.0000,    0.0000,    2.5169,    2.2660,    2.5169,    0.0000,    2.4579,     1.4684,     0.0130
     1.741,    0.0000,    0.0000,    0.0000,    0.0000,    2.5181,    2.2671,    2.5181,    0.0000,    2.4591,     1.4671,     0.0132
     1.742,    0.0000,    0.0000,    0.0000,    0.0000,    2.5195,    2.2683,    2.5195,    0.0000,    2.4605,     1.4658,     0.0133
     1.743,    0.0000,    0.0000,    0.0000,    0.0000,    2.5203,    2.2690,    2.5203,    0.0000,    2.4612,     1.4641,     0.0134
     1.744,    0.0000,    0.0000,    0.0000,    0.0000,    2.5208,    2.2695,    2.5208,    0.0000,    2.4617,     1.4624,     0.0135
     1.745,    0.0000,    0.0000,    0.0000,    0.0000,    2.5216,    2.2702,    2.5216,    0.0000,    2.4625,     1.4607,     0.0136
     1.746,    0.0000,    0.0000,    0.0000,    0.0000,    2.5222,    2.2708,    2.5222,    0.0000,    2.4631,     1.4590,     0.0137
     1.747,    0.0000,    0.0000,    0.0000,    0.0000,    2.5224,    2.2710,    2.5224,    0.0000,    2.4633,     1.4571,     0.0139
     1.748,    0.0000,    0.0000,    0.0000,    0.0000,    2.5225,    2.2710,    2.5225,    0.0000,    2.4633,     1.4550,     0.0140
     1.749,    0.0000,    0.0000,    0.0000,    0.0000,    2.5227,    2.2712,    2.5227,    0.0000,    2.4636,     1.4531,     0.0141
     1.750,    0.0000,    0.0000,    0.0000,    0.0000,    2.5231,    2.2716,    2.5231,    0.0000,    2.4640,     1.4512,     0.0142
     1.751,    0.0000,    0.0000,    0.0000,    0.0000,    2.5233,    2.2718,    2.5233,    0.0000,    2.4642,     1.4493,     0.0143
     1.752,    0.0000,    0.0000,    0.0000,    0.0000,    2.5239,    2.2723,    2.5239,    0.0000,    2.4647,     1.4475,     0.0144
     1.753,    0.0000,    0.0000,    0.0000,    0.0000,    2.5250,    2.2733,    2.5250,    0.0000,    2.4659,     1.4461,     0.0146
     1.754,    0.0000,    0.0000,    0.0000,    0.0000,    2.5261,    2.2743,    2.5261,    0.0000,    2.4669,     1.4447,     0.0147
     1.755,    0.0000,    0.0000,    0.0000,    0.0000,    2.5265,    2.2746,    2.5265,    0.0000,    2.4673,     1.4428,     0.0148
     1.756,    0.0000,    0.0000,    0.0000,    0.0000,    2.5265,    2.2746,    2.5265,    0.0000,    2.4673,     1.4407,     0.0149
     1.757,    0.0000,    0.0000,    0.0000,    0.0000,    2.5266,    2.2747,    2.5266,    0.0000,    2.4674,     1.4387,     0.0151
     1.758,    0.0000,    0.0000,    0.0000,    0.0000,    2.5268,    2.2749,    2.5268,    0.0000,    2.4676,     1.4367,     0.0152
     1.759,    0.0000,    0.0000,    0.0000,    0.0000,    2.5271,    2.2752,    2.5271,    0.0000,    2.4679,     1.4349,     0.0153
     1.760,    0.0000,    0.0000,    0.0000,    0.0000,    2.5276,    2.2756,    2.5276,    0.0000,    2.4684,     1.4331,     0.0154
     1.761,    0.0000,    0.0000,    0.0000,    0.0000,    2.5283,    2.2762,    2.5283,    0.0000,    2.4690,     1.4314,     0.0156
     1.762,    0.0000,    0.0000,    0.0000,    0.0000,    2.5287,    2.2766,    2.5287,    0.0000,    2.4694,     1.4295,     0.0157
     1.763,    0.0000,    0.0000,    0.0000,    0.0000,    2.5286,    2.2765,    2.5286,    0.0000,    2.4693,     1.4274,     0.0158
     1.764,    0.0000,    0.0000,    0.0000,    0.0000,    2.5285,    2.2765,    2.5285,    0.0000,    2.4693,     1.4253,     0.0159
     1.765,    0.0000,    0.0000,    0.0000,    0.0000,    2.5290,    2.2769,    2.5290,    0.0000,    2.4697,     1.4235,     0.0161
     1.766,    0.0000,    0.0000,    0.0000,    0.0000,    2.5296,    2.2774,    2.5296,    0.0000,    2.4703,     1.4218,     0.0162
     1.767,    0.0000,    0.0000,    0.0000,    0.0000,    2.5299,    2.2777,    2.5299,    0.0000,    2.4706,     1.4199,     0.0163
     1.768,    0.0000,    0.0000,    0.0000,    0.0000,    2.5298,    2.2777,    2.5299,    0.0000,    2.4706,     1.4178,     0.0164
     1.769,    0.0000,    0.0000,    0.0000,    0.0000,    2.5296,    2.2775,    2.5297,    0.0000,    2.4704,     1.4157,     0.0166
     1.770,    0.0000,    0.0000,    0.0000,    0.0000,    2.5294,    2.2774,    2.5296,    0.0000,    2.4703,     1.4136,     0.0167
     1.771,    0.0000,    0.0000,    0.0000,    0.0000,    2.5290,    2.2774,    2.5296,    0.0000,    2.4703,     1.4115,     0.0168
     1.772,    0.0000,    0.0000,    0.0000,    0.0000,    2.5283,    2.2775,    2.5297,    0.0000,    2.4704,     1.4095,     0.0170
     1.773,    0.0000,    0.0000,    0.0000,    0.0000,    2.5264,    2.2775,    2.5297,    0.0000,    2.4705,     1.4075,     0.0171
     1.774,    0.0000,    0.0000,    0.0000,    0.0000,    2.5226,    2.2778,    2.5300,    0.0000,    2.4707,     1.4056,     0.0172
     1.775,    0.0000,    0.0000,    0.0000,    0.0000,    2.5149,    2.2783,    2.5306,    0.0000,    2.4712,     1.4039,     0.0173
     1.776,    0.0000,    0.0000,    0.0000,    0.0000,    2.5001,    2.2787,    2.5311,    0.0000,    2.4717,     1.4021,     0.0175
     1.777,    0.0000,    0.0000,    0.0000,    0.0000,    2.4734,    2.2789,    2.5312,    0.0000,    2.4719,     1.4001,     0.0176
     1.778,    0.0000,    0.0000,    0.0000,    0.0000,    2.4291,    2.2790,    2.5314,    0.0000,    2.4720,     1.3982,     0.0178
     1.779,    0.0000,    0.0000,    0.0000,    0.0000,    2.3608,    2.2794,    2.5319,    0.0000,    2.4725,     1.3964,     0.0179
     1.780,    0.0000,    0.0000,    0.0000,    0.0000,    2.2612,    2.2799,    2.5323,    0.0000,    2.4729,     1.3946,     0.0180
     1.781,    0.0000,    0.0000,    0.0000,    0.0000,    2.1247,    2.2800,    2.5324,    0.0000,    2.4730,     1.3926,     0.0182
     1.782,    0.0000,    0.0000,    0.0000,    0.0000,    1.9493,    2.2797,    2.5322,    0.0000,    2.4726,     1.3904,     0.0183
     1.783,    0.0000,    0.0000,    0.0000,    0.0000,    1.7383,    2.2792,    2.5316,    0.0000,    2.4720,     1.3881,     0.0184
     1.784,    0.0000,    0.0000,    0.0000,    0.0000,    1.5001,    2.2789,    2.5312,    0.0000,    2.4714,     1.3859,     0.0186
     1.785,    0.0000,    0.0000,    0.0000,    0.0000,    1.2478,    2.2789,    2.5313,    0.0000,    2.4713,     1.3838,     0.0187
     1.786,    0.0000,    0.0000,    0.0000,    0.0000,    0.9968,    2.2793,    2.5317,    0.0000,    2.4714,     1.3821,     0.0188
     1.787,    0.0000,    0.0000,    0.0000,    0.0000,    0.7622,    2.2799,    2.5324,    0.0000,    2.4715,     1.3804,     0.0190
     1.788,    0.0000,    0.0000,    0.0000,    0.0000,    0.5563,    2.2806,    2.5332,    0.0000,    2.4716,     1.3788,     0.0191
     1.789,    0.0000,    0.0000,    0.0000,    0.0000,    0.3866,    2.2812,    2.5338,    0.0000,    2.4713,     1.3771,     0.0193
     1.790,    0.0000,    0.0000,    0.0000,    0.0000,    0.2552,    2.2816,    2.5342,    0.0000,    2.4704,     1.3753,     0.0194
     1.791,    0.0000,    0.0000,    0.0000,    0.0000,    0.1599,    2.2817,    2.5344,    0.0000,    2.4686,     1.3734,     0.0196
     1.792,    0.0000,    0.0000,    0.0000,    0.0000,    0.0948,    2.2816,    2.5342,    0.0000,    2.4660,     1.3713,     0.0197
     1.793,    0.0000,    0.0000,    0.0000,    0.0000,    0.0532,    2.2814,    2.5340,    0.0000,    2.4625,     1.3691,     0.0198
     1.794,    0.0000,    0.0000,    0.0000,    0.0000,    0.0282,    2.2815,    2.5342,    0.0000,    2.4582,     1.3672,     0.0200
     1.795,    0.0000,    0.0000,    0.0000,    0.0000,    0.0142,    2.2823,    2.5350,    0.0000,    2.4533,     1.3656,     0.0201
     1.796,    0.0000,    0.0000,    0.0000,    0.0000,    0.0067,    2.2829,    2.5357,    0.0000,    2.4465,     1.3640,     0.0203
     1.797,    0.0000,    0.0000,    0.0000,    0.0000,    0.0030,    2.2828,    2.5356,    0.0000,    2.4369,     1.3619,     0.0204
     1.798,    0.0000,    0.0000,    0.0000,    0.0000,    0.0013,    2.2825,    2.5352,    0.0000,    2.4246,     1.3597,     0.0206
     1.799,    0.0000,    0.0000,    0.0000,    0.0000,    0.0005,    2.2827,    2.5355,    0.0000,    2.4099,     1.3578,     0.0207
     1.800,    0.0000,    0.0000,    0.0000,    0.0000,    0.0002,    2.2834,    2.5363,    0.0000,    2.3922,     1.3562,     0.0209
     1.801,    0.0000,    0.0000,    0.0000,    0.0000,    0.0001,    2.2844,    2.5373,    0.0000,    2.3707,     1.3548,     0.0210
     1.802,    0.0000,    0.0000,    0.0000,    0.0000,    0.0000,    2.2851,    2.5381,    0.0000,    2.3444,     1.3532,     0.0212
     1.803,    0.0000,    0.0000,    0.0000,    0.0000,    0.0000,    2.2852,    2.5383,    0.0000,    2.3123,     1.3513,     0.0213
     1.804,    0.0000,    0.0000,    0.0000,    0.0000,    0.0000,    2.2851,    2.5382,    0.0000,    2.2743,     1.3492,     0.0215
     1.805,    0.0000,    0.0000,    0.0000,    0.0000,    0.0000,    2.2853,    2.5383,    0.0000,    2.2304,     1.3473,     0.0217
     1.806,    0.0000,    0.0000,    0.0000,    0.0000,    0.0000,    2.2857,    2.5388,    0.0000,    2.1802,     1.3455,     0.0218
     1.807,    0.0000,    0.0000,    0.0000,    0.0000,    0.0000,    2.2864,    2.5396,    0.0000,    2.1233,     1.3439,     0.0220
     1.808,    0.0000,    0.0000,    0.0000,    0.0000,    0.0000,    2.2872,    2.5404,    0.0000,    2.0595,     1.3424,     0.0221
     1.809,    0.0000,    0.0000,    0.0000,    0.0000,    0.0000,    2.2879,    2.5413,    0.0000,    1.9886,     1.3408,     0.0223
     1.810,    0.0000,    0.0000,    0.0000,    0.0000,    0.0000,    2.2884,    2.5418,    0.0000,    1.9105,     1.3391,     0.0224
     1.811,    0.0000,    0.0000,    0.0000,    0.0000,    0.0000,    2.2886,    2.5420,    0.0000,    1.8257,     1.3372,     0.0226
     1.812,    0.0000,    0.0000,    0.0000,    0.0000,    0.0000,    2.2889,    2.5424,    0.0000,    1.7348,     1.3354,     0.0228
     1.813,    0.0000,    0.0000,    0.0000,    0.0000,    0.0000,    2.2898,    2.5433,    0.0000,    1.6391,     1.3339,     0.0229
     1.814,    0.0000,    0.0000,    0.0000,    0.0000,    0.0000,    2.2908,    2.5444,    0.0000,    1.5390,     1.3325,     0.0231
     1.815,    0.0000,    0.0000,    0.0000,    0.0000,    0.0000,    2.2915,    2.5452,    0.0000,    1.4352,     1.3309,     0.0233
     1.816,    0.0000,    0.0000,    0.0000,    0.0000,    0.0000,    2.2920,    2.5459,    0.0000,    1.3291,     1.3293,     0.0234
     1.817,    0.0000,    0.0000,    0.0000,    0.0000,    0.0000,    2.2925,    2.5464,    0.0000,    1.2218,     1.3275,     0.0236
     1.818,    0.0000,    0.0000,    0.0000,    0.0000,    0.0000,    2.2925,    2.5464,    0.0000,    1.1146,     1.3256,     0.0237
     1.819,    0.0000,    0.0000,    0.0000,    0.0000,    0.0000,    2.2919,    2.5456,    0.0000,    1.0085,     1.3232,     0.0239
     1.820,    0.0000,    0.0000,    0.0000,    0.0000,    0.0000,    2.2913,    2.5451,    0.0000,    0.9052,     1.3209,     0.0241
     1.821,    0.0000,    0.0000,    0.0000,    0.0000,    0.0000,    2.2919,    2.5457,    0.0000,    0.8062,     1.3192,     0.0242
     1.822,    0.0000,    0.0000,    0.0000,    0.0000,    0.0000,    2.2930,    2.5470,    0.0000,    0.7121,     1.3179,     0.0244
     1.823,    0.0000,    0.0000,    0.0000,    0.0000,    0.0000,    2.2943,    2.5483,    0.0000,    0.6236,     1.3167,     0.0246
     1.824,    0.0000,    0.0000,    0.0000,    0.0000,    0.0000,    2.2956,    2.5498,    0.0000,    0.5412,     1.3154,     0.0248
     1.825,    0.0000,    0.0000,    0.0000,    0.0000,    0.0000,    2.2971,    2.5514,    0.0000,    0.4655,     1.3143,     0.0249
     1.826,    0.0000,    0.0000,    0.0000,    0.0000,    0.0000,    2.2985,    2.5530,    0.0000,    0.3966,     1.3131,     0.0251
     1.827,    0.0000,    0.0000,    0.0000,    0.0000,    0.0000,    2.2996,    2.5542,    0.0000,    0.3348,     1.3118,     0.0253
     1.828,    0.0000,    0.0000,    0.0000,    0.0000,    0.0000,    2.3001,    2.5548,    0.0000,    0.2798,     1.3101,     0.0255
     1.829,    0.0000,    0.0000,    0.0000,    0.0000,    0.0000,    2.3001,    2.5548,    0.0000,    0.2315,     1.3081,     0.0256
     1.830,    0.0000,    0.0000,    0.0000,    0.0000,    0.0000,    2.3001,    2.5548,    0.0000,    0.1897,     1.3062,     0.0258
     1.831,    0.0000,    0.0000,    0.0000,    0.0000,    0.0000,    2.3009,    2.5556,    0.0000,    0.1540,     1.3046,     0.0260
