romanisim/data/Roman_effarea_tables_20240327/Roman_effarea_v8_SCA12_20240301.ecsv
# %ECSV 1.0
# ---
# Effective area for Roman (m^2) - parameters as of 2024 03 01
# datatype:
# - {name: Wave, datatype: float32}
# - {name: F062, datatype: float32}
# - {name: F087, datatype: float32}
# - {name: F106, datatype: float32}
# - {name: F129, datatype: float32}
# - {name: F158, datatype: float32}
# - {name: F184, datatype: float32}
# - {name: F146, datatype: float32}
# - {name: F213, datatype: float32}
# - {name: Prism, datatype: float32}
# - {name: Grism_1stOrder, datatype: float32}
# - {name: Grism_0thOrder, datatype: float32}
# schema: astropy-2.0
Wave, F062, F087, F106, F129, F158, F184, F146, F213, Prism, Grism_1stOrder, Grism_0thOrder
[from data line 717]
     1.117,    0.0000,    0.0000,    2.6496,    0.0001,    0.0000,    0.0000,    2.6496,    0.0000,    2.4911,     1.7903,     0.0012
     1.118,    0.0000,    0.0000,    2.6491,    0.0007,    0.0000,    0.0000,    2.6491,    0.0000,    2.4907,     1.7949,     0.0012
     1.119,    0.0000,    0.0000,    2.6497,    0.0034,    0.0000,    0.0000,    2.6497,    0.0000,    2.4912,     1.8002,     0.0012
     1.120,    0.0000,    0.0000,    2.6504,    0.0133,    0.0000,    0.0000,    2.6504,    0.0000,    2.4919,     1.8056,     0.0012
     1.121,    0.0000,    0.0000,    2.6505,    0.0433,    0.0000,    0.0000,    2.6505,    0.0000,    2.4919,     1.8105,     0.0011
     1.122,    0.0000,    0.0000,    2.6504,    0.1190,    0.0000,    0.0000,    2.6504,    0.0000,    2.4918,     1.8154,     0.0011
     1.123,    0.0000,    0.0000,    2.6509,    0.2767,    0.0000,    0.0000,    2.6509,    0.0000,    2.4923,     1.8205,     0.0011
     1.124,    0.0000,    0.0000,    2.6512,    0.5483,    0.0000,    0.0000,    2.6512,    0.0000,    2.4926,     1.8256,     0.0011
     1.125,    0.0000,    0.0000,    2.6506,    0.9349,    0.0000,    0.0000,    2.6506,    0.0000,    2.4920,     1.8300,     0.0011
     1.126,    0.0000,    0.0000,    2.6499,    1.3900,    0.0000,    0.0000,    2.6499,    0.0000,    2.4913,     1.8342,     0.0011
     1.127,    0.0000,    0.0000,    2.6497,    1.8333,    0.0000,    0.0000,    2.6497,    0.0000,    2.4912,     1.8389,     0.0010
     1.128,    0.0000,    0.0000,    2.6500,    2.1904,    0.0000,    0.0000,    2.6500,    0.0000,    2.4915,     1.8438,     0.0010
     1.129,    0.0000,    0.0000,    2.6503,    2.4283,    0.0000,    0.0000,    2.6503,    0.0000,    2.4917,     1.8486,     0.0010
     1.130,    0.0000,    0.0000,    2.6506,    2.5594,    0.0000,    0.0000,    2.6506,    0.0000,    2.4920,     1.8535,     0.0010
     1.131,    0.0000,    0.0000,    2.6511,    2.6194,    0.0000,    0.0000,    2.6511,    0.0000,    2.4925,     1.8585,     0.0010
     1.132,    0.0000,    0.0000,    2.6514,    2.6422,    0.0000,    0.0000,    2.6514,    0.0000,    2.4928,     1.8634,     0.0009
     1.133,    0.0000,    0.0000,    2.6515,    2.6493,    0.0000,    0.0000,    2.6515,    0.0000,    2.4929,     1.8680,     0.0009
     1.134,    0.0000,    0.0000,    2.6515,    2.6510,    0.0000,    0.0000,    2.6515,    0.0000,    2.4929,     1.8726,     0.0009
     1.135,    0.0000,    0.0000,    2.6516,    2.6515,    0.0000,    0.0000,    2.6516,    0.0000,    2.4929,     1.8772,     0.0009
     1.136,    0.0000,    0.0000,    2.6516,    2.6516,    0.0000,    0.0000,    2.6516,    0.0000,    2.4930,     1.8817,     0.0009
     1.137,    0.0000,    0.0000,    2.6515,    2.6515,    0.0000,    0.0000,    2.6515,    0.0000,    2.4929,     1.8861,     0.0009
     1.138,    0.0000,    0.0000,    2.6515,    2.6515,    0.0000,    0.0000,    2.6515,    0.0000,    2.4929,     1.8906,     0.0009
     1.139,    0.0000,    0.0000,    2.6519,    2.6519,    0.0000,    0.0000,    2.6519,    0.0000,    2.4933,     1.8953,     0.0008
     1.140,    0.0000,    0.0000,    2.6525,    2.6525,    0.0000,    0.0000,    2.6525,    0.0000,    2.4939,     1.9002,     0.0008
     1.141,    0.0000,    0.0000,    2.6531,    2.6531,    0.0000,    0.0000,    2.6531,    0.0000,    2.4944,     1.9050,     0.0008
     1.142,    0.0000,    0.0000,    2.6533,    2.6533,    0.0000,    0.0000,    2.6533,    0.0000,    2.4946,     1.9095,     0.0008
     1.143,    0.0000,    0.0000,    2.6530,    2.6530,    0.0000,    0.0000,    2.6530,    0.0000,    2.4943,     1.9136,     0.0008
     1.144,    0.0000,    0.0000,    2.6528,    2.6528,    0.0000,    0.0000,    2.6528,    0.0000,    2.4941,     1.9178,     0.0008
     1.145,    0.0000,    0.0000,    2.6530,    2.6530,    0.0000,    0.0000,    2.6530,    0.0000,    2.4943,     1.9222,     0.0007
     1.146,    0.0000,    0.0000,    2.6534,    2.6534,    0.0000,    0.0000,    2.6534,    0.0000,    2.4947,     1.9268,     0.0007
     1.147,    0.0000,    0.0000,    2.6536,    2.6536,    0.0000,    0.0000,    2.6536,    0.0000,    2.4948,     1.9312,     0.0007
     1.148,    0.0000,    0.0000,    2.6535,    2.6535,    0.0000,    0.0000,    2.6535,    0.0000,    2.4947,     1.9353,     0.0007
     1.149,    0.0000,    0.0000,    2.6533,    2.6533,    0.0000,    0.0000,    2.6533,    0.0000,    2.4946,     1.9394,     0.0007
     1.150,    0.0000,    0.0000,    2.6532,    2.6532,    0.0000,    0.0000,    2.6532,    0.0000,    2.4945,     1.9435,     0.0007
     1.151,    0.0000,    0.0000,    2.6532,    2.6532,    0.0000,    0.0000,    2.6532,    0.0000,    2.4945,     1.9476,     0.0007
     1.152,    0.0000,    0.0000,    2.6531,    2.6531,    0.0000,    0.0000,    2.6531,    0.0000,    2.4944,     1.9516,     0.0007
     1.153,    0.0000,    0.0000,    2.6527,    2.6527,    0.0000,    0.0000,    2.6527,    0.0000,    2.4940,     1.9555,     0.0006
     1.154,    0.0000,    0.0000,    2.6526,    2.6526,    0.0000,    0.0000,    2.6526,    0.0000,    2.4939,     1.9594,     0.0006
     1.155,    0.0000,    0.0000,    2.6529,    2.6529,    0.0000,    0.0000,    2.6529,    0.0000,    2.4942,     1.9637,     0.0006
     1.156,    0.0000,    0.0000,    2.6532,    2.6532,    0.0000,    0.0000,    2.6532,    0.0000,    2.4944,     1.9679,     0.0006
     1.157,    0.0000,    0.0000,    2.6526,    2.6526,    0.0000,    0.0000,    2.6526,    0.0000,    2.4939,     1.9714,     0.0006
     1.158,    0.0000,    0.0000,    2.6519,    2.6519,    0.0000,    0.0000,    2.6519,    0.0000,    2.4933,     1.9749,     0.0006
     1.159,    0.0000,    0.0000,    2.6519,    2.6519,    0.0000,    0.0000,    2.6519,    0.0000,    2.4932,     1.9788,     0.0006
     1.160,    0.0000,    0.0000,    2.6521,    2.6521,    0.0000,    0.0000,    2.6521,    0.0000,    2.4935,     1.9829,     0.0006
     1.161,    0.0000,    0.0000,    2.6522,    2.6522,    0.0000,    0.0000,    2.6522,    0.0000,    2.4935,     1.9868,     0.0005
     1.162,    0.0000,    0.0000,    2.6519,    2.6519,    0.0000,    0.0000,    2.6519,    0.0000,    2.4932,     1.9904,     0.0005
     1.163,    0.0000,    0.0000,    2.6512,    2.6512,    0.0000,    0.0000,    2.6512,    0.0000,    2.4926,     1.9938,     0.0005
     1.164,    0.0000,    0.0000,    2.6506,    2.6506,    0.0000,    0.0000,    2.6506,    0.0000,    2.4921,     1.9971,     0.0005
     1.165,    0.0000,    0.0000,    2.6504,    2.6504,    0.0000,    0.0000,    2.6504,    0.0000,    2.4918,     2.0007,     0.0005
     1.166,    0.0000,    0.0000,    2.6503,    2.6503,    0.0000,    0.0000,    2.6503,    0.0000,    2.4917,     2.0043,     0.0005
     1.167,    0.0000,    0.0000,    2.6500,    2.6500,    0.0000,    0.0000,    2.6500,    0.0000,    2.4915,     2.0079,     0.0005
     1.168,    0.0000,    0.0000,    2.6499,    2.6499,    0.0000,    0.0000,    2.6499,    0.0000,    2.4913,     2.0114,     0.0005
     1.169,    0.0000,    0.0000,    2.6501,    2.6501,    0.0000,    0.0000,    2.6501,    0.0000,    2.4916,     2.0153,     0.0005
     1.170,    0.0000,    0.0000,    2.6501,    2.6501,    0.0000,    0.0000,    2.6501,    0.0000,    2.4916,     2.0189,     0.0004
     1.171,    0.0000,    0.0000,    2.6492,    2.6492,    0.0000,    0.0000,    2.6492,    0.0000,    2.4907,     2.0219,     0.0004
     1.172,    0.0000,    0.0000,    2.6481,    2.6481,    0.0000,    0.0000,    2.6481,    0.0000,    2.4897,     2.0246,     0.0004
     1.173,    0.0000,    0.0000,    2.6475,    2.6475,    0.0000,    0.0000,    2.6475,    0.0000,    2.4891,     2.0277,     0.0004
     1.174,    0.0000,    0.0000,    2.6472,    2.6472,    0.0000,    0.0000,    2.6472,    0.0000,    2.4888,     2.0310,     0.0004
     1.175,    0.0000,    0.0000,    2.6469,    2.6469,    0.0000,    0.0000,    2.6469,    0.0000,    2.4885,     2.0343,     0.0004
     1.176,    0.0000,    0.0000,    2.6465,    2.6465,    0.0000,    0.0000,    2.6465,    0.0000,    2.4881,     2.0374,     0.0004
     1.177,    0.0000,    0.0000,    2.6460,    2.6460,    0.0000,    0.0000,    2.6460,    0.0000,    2.4877,     2.0406,     0.0004
     1.178,    0.0000,    0.0000,    2.6459,    2.6459,    0.0000,    0.0000,    2.6459,    0.0000,    2.4876,     2.0439,     0.0004
     1.179,    0.0000,    0.0000,    2.6461,    2.6461,    0.0000,    0.0000,    2.6461,    0.0000,    2.4878,     2.0475,     0.0004
     1.180,    0.0000,    0.0000,    2.6463,    2.6463,    0.0000,    0.0000,    2.6463,    0.0000,    2.4880,     2.0510,     0.0003
     1.181,    0.0000,    0.0000,    2.6458,    2.6458,    0.0000,    0.0000,    2.6458,    0.0000,    2.4876,     2.0540,     0.0003
     1.182,    0.0000,    0.0000,    2.6452,    2.6452,    0.0000,    0.0000,    2.6452,    0.0000,    2.4870,     2.0568,     0.0003
     1.183,    0.0000,    0.0000,    2.6449,    2.6449,    0.0000,    0.0000,    2.6449,    0.0000,    2.4867,     2.0599,     0.0003
     1.184,    0.0000,    0.0000,    2.6447,    2.6447,    0.0000,    0.0000,    2.6447,    0.0000,    2.4865,     2.0630,     0.0003
     1.185,    0.0000,    0.0000,    2.6440,    2.6440,    0.0000,    0.0000,    2.6440,    0.0000,    2.4859,     2.0657,     0.0003
     1.186,    0.0000,    0.0000,    2.6431,    2.6431,    0.0000,    0.0000,    2.6431,    0.0000,    2.4850,     2.0682,     0.0003
     1.187,    0.0000,    0.0000,    2.6421,    2.6423,    0.0000,    0.0000,    2.6423,    0.0000,    2.4842,     2.0708,     0.0003
     1.188,    0.0000,    0.0000,    2.6409,    2.6417,    0.0000,    0.0000,    2.6417,    0.0000,    2.4837,     2.0735,     0.0003
     1.189,    0.0000,    0.0000,    2.6388,    2.6417,    0.0000,    0.0000,    2.6417,    0.0000,    2.4836,     2.0766,     0.0003
     1.190,    0.0000,    0.0000,    2.6329,    2.6414,    0.0000,    0.0000,    2.6414,    0.0000,    2.4834,     2.0795,     0.0003
     1.191,    0.0000,    0.0000,    2.6176,    2.6405,    0.0000,    0.0000,    2.6405,    0.0000,    2.4825,     2.0818,     0.0003
     1.192,    0.0000,    0.0000,    2.5842,    2.6396,    0.0000,    0.0000,    2.6396,    0.0000,    2.4817,     2.0842,     0.0003
     1.193,    0.0000,    0.0000,    2.5189,    2.6393,    0.0000,    0.0000,    2.6393,    0.0000,    2.4814,     2.0870,     0.0002
     1.194,    0.0000,    0.0000,    2.4027,    2.6390,    0.0000,    0.0000,    2.6390,    0.0000,    2.4812,     2.0898,     0.0002
     1.195,    0.0000,    0.0000,    2.2183,    2.6381,    0.0000,    0.0000,    2.6381,    0.0000,    2.4803,     2.0921,     0.0002
     1.196,    0.0000,    0.0000,    1.9595,    2.6372,    0.0000,    0.0000,    2.6372,    0.0000,    2.4794,     2.0943,     0.0002
     1.197,    0.0000,    0.0000,    1.6368,    2.6370,    0.0000,    0.0000,    2.6370,    0.0000,    2.4792,     2.0970,     0.0002
     1.198,    0.0000,    0.0000,    1.2784,    2.6368,    0.0000,    0.0000,    2.6368,    0.0000,    2.4791,     2.0998,     0.0002
     1.199,    0.0000,    0.0000,    0.9246,    2.6361,    0.0000,    0.0000,    2.6361,    0.0000,    2.4784,     2.1021,     0.0002
     1.200,    0.0000,    0.0000,    0.6142,    2.6352,    0.0000,    0.0000,    2.6352,    0.0000,    2.4776,     2.1043,     0.0002
     1.201,    0.0000,    0.0000,    0.3725,    2.6347,    0.0000,    0.0000,    2.6347,    0.0000,    2.4771,     2.1067,     0.0002
     1.202,    0.0000,    0.0000,    0.2052,    2.6344,    0.0000,    0.0000,    2.6344,    0.0000,    2.4768,     2.1093,     0.0002
     1.203,    0.0000,    0.0000,    0.1022,    2.6340,    0.0000,    0.0000,    2.6340,    0.0000,    2.4764,     2.1117,     0.0002
     1.204,    0.0000,    0.0000,    0.0459,    2.6336,    0.0000,    0.0000,    2.6336,    0.0000,    2.4761,     2.1142,     0.0002
     1.205,    0.0000,    0.0000,    0.0185,    2.6335,    0.0000,    0.0000,    2.6335,    0.0000,    2.4760,     2.1168,     0.0002
     1.206,    0.0000,    0.0000,    0.0067,    2.6332,    0.0000,    0.0000,    2.6332,    0.0000,    2.4757,     2.1193,     0.0002
     1.207,    0.0000,    0.0000,    0.0022,    2.6324,    0.0000,    0.0000,    2.6324,    0.0000,    2.4749,     2.1213,     0.0002
     1.208,    0.0000,    0.0000,    0.0006,    2.6313,    0.0000,    0.0000,    2.6313,    0.0000,    2.4738,     2.1230,     0.0002
     1.209,    0.0000,    0.0000,    0.0002,    2.6302,    0.0000,    0.0000,    2.6302,    0.0000,    2.4729,     2.1248,     0.0002
     1.210,    0.0000,    0.0000,    0.0000,    2.6295,    0.0000,    0.0000,    2.6295,    0.0000,    2.4722,     2.1268,     0.0002
     1.211,    0.0000,    0.0000,    0.0000,    2.6294,    0.0000,    0.0000,    2.6294,    0.0000,    2.4721,     2.1293,     0.0001
     1.212,    0.0000,    0.0000,    0.0000,    2.6290,    0.0000,    0.0000,    2.6290,    0.0000,    2.4718,     2.1315,     0.0001
     1.213,    0.0000,    0.0000,    0.0000,    2.6280,    0.0000,    0.0000,    2.6280,    0.0000,    2.4708,     2.1332,     0.0001
     1.214,    0.0000,    0.0000,    0.0000,    2.6269,    0.0000,    0.0000,    2.6269,    0.0000,    2.4698,     2.1349,     0.0001
     1.215,    0.0000,    0.0000,    0.0000,    2.6265,    0.0000,    0.0000,    2.6265,    0.0000,    2.4693,     2.1369,     0.0001
     1.216,    0.0000,    0.0000,    0.0000,    2.6264,    0.0000,    0.0000,    2.6264,    0.0000,    2.4693,     2.1394,     0.0001
     1.217,    0.0000,    0.0000,    0.0000,    2.6265,    0.0000,    0.0000,    2.6265,    0.0000,    2.4694,     2.1418,     0.0001
     1.218,    0.0000,    0.0000,    0.0000,    2.6261,    0.0000,    0.0000,    2.6261,    0.0000,    2.4690,     2.1439,     0.0001
     1.219,    0.0000,    0.0000,    0.0000,    2.6251,    0.0000,    0.0000,    2.6251,    0.0000,    2.4680,     2.1454,     0.0001
     1.220,    0.0000,    0.0000,    0.0000,    2.6242,    0.0000,    0.0000,    2.6242,    0.0000,    2.4672,     2.1470,     0.0001
     1.221,    0.0000,    0.0000,    0.0000,    2.6240,    0.0000,    0.0000,    2.6240,    0.0000,    2.4670,     2.1492,     0.0001
     1.222,    0.0000,    0.0000,    0.0000,    2.6240,    0.0000,    0.0000,    2.6240,    0.0000,    2.4670,     2.1515,     0.0001
     1.223,    0.0000,    0.0000,    0.0000,    2.6234,    0.0000,    0.0000,    2.6234,    0.0000,    2.4665,     2.1533,     0.0001
     1.224,    0.0000,    0.0000,    0.0000,    2.6227,    0.0000,    0.0000,    2.6227,    0.0000,    2.4658,     2.1550,     0.0001
     1.225,    0.0000,    0.0000,    0.0000,    2.6225,    0.0000,    0.0000,    2.6225,    0.0000,    2.4656,     2.1570,     0.0001
     1.226,    0.0000,    0.0000,    0.0000,    2.6223,    0.0000,    0.0000,    2.6223,    0.0000,    2.4654,     2.1591,     0.0001
     1.227,    0.0000,    0.0000,    0.0000,    2.6217,    0.0000,    0.0000,    2.6217,    0.0000,    2.4648,     2.1607,     0.0001
     1.228,    0.0000,    0.0000,    0.0000,    2.6210,    0.0000,    0.0000,    2.6210,    0.0000,    2.4642,     2.1623,     0.0001
     1.229,    0.0000,    0.0000,    0.0000,    2.6206,    0.0000,    0.0000,    2.6206,    0.0000,    2.4639,     2.1641,     0.0001
     1.230,    0.0000,    0.0000,    0.0000,    2.6203,    0.0000,    0.0000,    2.6203,    0.0000,    2.4635,     2.1660,     0.0001
     1.231,    0.0000,    0.0000,    0.0000,    2.6195,    0.0000,    0.0000,    2.6195,    0.0000,    2.4628,     2.1674,     0.0001
     1.232,    0.0000,    0.0000,    0.0000,    2.6186,    0.0000,    0.0000,    2.6186,    0.0000,    2.4619,     2.1687,     0.0001
     1.233,    0.0000,    0.0000,    0.0000,    2.6179,    0.0000,    0.0000,    2.6179,    0.0000,    2.4612,     2.1701,     0.0001
     1.234,    0.0000,    0.0000,    0.0000,    2.6173,    0.0000,    0.0000,    2.6173,    0.0000,    2.4607,     2.1716,     0.0001
