romanisim/data/Roman_effarea_tables_20240327/Roman_effarea_v8_SCA12_20240301.ecsv
# %ECSV 1.0
# ---
# Effective area for Roman (m^2) - parameters as of 2024 03 01
# datatype:
# - {name: Wave, datatype: float32}
# - {name: F062, datatype: float32}
# - {name: F087, datatype: float32}
# - {name: F106, datatype: float32}
# - {name: F129, datatype: float32}
# - {name: F158, datatype: float32}
# - {name: F184, datatype: float32}
# - {name: F146, datatype: float32}
# - {name: F213, datatype: float32}
# - {name: Prism, datatype: float32}
# - {name: Grism_1stOrder, datatype: float32}
# - {name: Grism_0thOrder, datatype: float32}
# schema: astropy-2.0
Wave, F062, F087, F106, F129, F158, F184, F146, F213, Prism, Grism_1stOrder, Grism_0thOrder
[from data line 1314]
     1.714,    0.0000,    0.0000,    0.0000,    0.0000,    2.7566,    2.5252,    2.7566,    0.0000,    2.5917,     1.7049,     0.0116
     1.715,    0.0000,    0.0000,    0.0000,    0.0000,    2.7568,    2.5253,    2.7568,    0.0000,    2.5919,     1.7027,     0.0117
     1.716,    0.0000,    0.0000,    0.0000,    0.0000,    2.7574,    2.5259,    2.7574,    0.0000,    2.5924,     1.7007,     0.0119
     1.717,    0.0000,    0.0000,    0.0000,    0.0000,    2.7590,    2.5274,    2.7590,    0.0000,    2.5940,     1.6993,     0.0120
     1.718,    0.0000,    0.0000,    0.0000,    0.0000,    2.7606,    2.5288,    2.7606,    0.0000,    2.5954,     1.6979,     0.0121
     1.719,    0.0000,    0.0000,    0.0000,    0.0000,    2.7610,    2.5292,    2.7610,    0.0000,    2.5958,     1.6958,     0.0122
     1.720,    0.0000,    0.0000,    0.0000,    0.0000,    2.7610,    2.5292,    2.7610,    0.0000,    2.5958,     1.6935,     0.0123
     1.721,    0.0000,    0.0000,    0.0000,    0.0000,    2.7616,    2.5297,    2.7616,    0.0000,    2.5964,     1.6915,     0.0124
     1.722,    0.0000,    0.0000,    0.0000,    0.0000,    2.7624,    2.5305,    2.7624,    0.0000,    2.5972,     1.6896,     0.0125
     1.723,    0.0000,    0.0000,    0.0000,    0.0000,    2.7629,    2.5310,    2.7629,    0.0000,    2.5976,     1.6876,     0.0126
     1.724,    0.0000,    0.0000,    0.0000,    0.0000,    2.7635,    2.5315,    2.7635,    0.0000,    2.5982,     1.6856,     0.0128
     1.725,    0.0000,    0.0000,    0.0000,    0.0000,    2.7644,    2.5323,    2.7644,    0.0000,    2.5991,     1.6838,     0.0129
     1.726,    0.0000,    0.0000,    0.0000,    0.0000,    2.7653,    2.5331,    2.7653,    0.0000,    2.5999,     1.6819,     0.0130
     1.727,    0.0000,    0.0000,    0.0000,    0.0000,    2.7656,    2.5334,    2.7656,    0.0000,    2.6002,     1.6798,     0.0131
     1.728,    0.0000,    0.0000,    0.0000,    0.0000,    2.7658,    2.5336,    2.7658,    0.0000,    2.6003,     1.6775,     0.0132
     1.729,    0.0000,    0.0000,    0.0000,    0.0000,    2.7662,    2.5340,    2.7662,    0.0000,    2.6007,     1.6754,     0.0133
     1.730,    0.0000,    0.0000,    0.0000,    0.0000,    2.7669,    2.5346,    2.7669,    0.0000,    2.6014,     1.6735,     0.0135
     1.731,    0.0000,    0.0000,    0.0000,    0.0000,    2.7678,    2.5354,    2.7678,    0.0000,    2.6022,     1.6717,     0.0136
     1.732,    0.0000,    0.0000,    0.0000,    0.0000,    2.7686,    2.5362,    2.7686,    0.0000,    2.6030,     1.6698,     0.0137
     1.733,    0.0000,    0.0000,    0.0000,    0.0000,    2.7693,    2.5368,    2.7693,    0.0000,    2.6037,     1.6679,     0.0138
     1.734,    0.0000,    0.0000,    0.0000,    0.0000,    2.7700,    2.5374,    2.7700,    0.0000,    2.6043,     1.6660,     0.0140
     1.735,    0.0000,    0.0000,    0.0000,    0.0000,    2.7708,    2.5382,    2.7708,    0.0000,    2.6051,     1.6641,     0.0141
     1.736,    0.0000,    0.0000,    0.0000,    0.0000,    2.7715,    2.5388,    2.7715,    0.0000,    2.6057,     1.6621,     0.0142
     1.737,    0.0000,    0.0000,    0.0000,    0.0000,    2.7719,    2.5391,    2.7719,    0.0000,    2.6060,     1.6600,     0.0143
     1.738,    0.0000,    0.0000,    0.0000,    0.0000,    2.7718,    2.5391,    2.7718,    0.0000,    2.6060,     1.6576,     0.0144
     1.739,    0.0000,    0.0000,    0.0000,    0.0000,    2.7715,    2.5388,    2.7715,    0.0000,    2.6057,     1.6551,     0.0146
     1.740,    0.0000,    0.0000,    0.0000,    0.0000,    2.7717,    2.5390,    2.7717,    0.0000,    2.6059,     1.6529,     0.0147
     1.741,    0.0000,    0.0000,    0.0000,    0.0000,    2.7728,    2.5400,    2.7728,    0.0000,    2.6070,     1.6512,     0.0148
     1.742,    0.0000,    0.0000,    0.0000,    0.0000,    2.7742,    2.5412,    2.7742,    0.0000,    2.6082,     1.6496,     0.0149
     1.743,    0.0000,    0.0000,    0.0000,    0.0000,    2.7748,    2.5418,    2.7748,    0.0000,    2.6088,     1.6477,     0.0151
     1.744,    0.0000,    0.0000,    0.0000,    0.0000,    2.7752,    2.5422,    2.7752,    0.0000,    2.6092,     1.6456,     0.0152
     1.745,    0.0000,    0.0000,    0.0000,    0.0000,    2.7758,    2.5428,    2.7758,    0.0000,    2.6098,     1.6436,     0.0153
     1.746,    0.0000,    0.0000,    0.0000,    0.0000,    2.7764,    2.5433,    2.7764,    0.0000,    2.6103,     1.6416,     0.0155
     1.747,    0.0000,    0.0000,    0.0000,    0.0000,    2.7765,    2.5433,    2.7765,    0.0000,    2.6104,     1.6393,     0.0156
     1.748,    0.0000,    0.0000,    0.0000,    0.0000,    2.7763,    2.5432,    2.7763,    0.0000,    2.6102,     1.6369,     0.0157
     1.749,    0.0000,    0.0000,    0.0000,    0.0000,    2.7765,    2.5434,    2.7765,    0.0000,    2.6104,     1.6346,     0.0159
     1.750,    0.0000,    0.0000,    0.0000,    0.0000,    2.7768,    2.5436,    2.7768,    0.0000,    2.6106,     1.6325,     0.0160
     1.751,    0.0000,    0.0000,    0.0000,    0.0000,    2.7769,    2.5438,    2.7769,    0.0000,    2.6108,     1.6302,     0.0161
     1.752,    0.0000,    0.0000,    0.0000,    0.0000,    2.7774,    2.5442,    2.7774,    0.0000,    2.6112,     1.6282,     0.0163
     1.753,    0.0000,    0.0000,    0.0000,    0.0000,    2.7785,    2.5453,    2.7785,    0.0000,    2.6123,     1.6265,     0.0164
     1.754,    0.0000,    0.0000,    0.0000,    0.0000,    2.7797,    2.5463,    2.7797,    0.0000,    2.6134,     1.6248,     0.0165
     1.755,    0.0000,    0.0000,    0.0000,    0.0000,    2.7800,    2.5466,    2.7800,    0.0000,    2.6137,     1.6227,     0.0167
     1.756,    0.0000,    0.0000,    0.0000,    0.0000,    2.7799,    2.5465,    2.7799,    0.0000,    2.6136,     1.6203,     0.0168
     1.757,    0.0000,    0.0000,    0.0000,    0.0000,    2.7799,    2.5465,    2.7799,    0.0000,    2.6136,     1.6180,     0.0169
     1.758,    0.0000,    0.0000,    0.0000,    0.0000,    2.7801,    2.5467,    2.7801,    0.0000,    2.6138,     1.6158,     0.0171
     1.759,    0.0000,    0.0000,    0.0000,    0.0000,    2.7804,    2.5470,    2.7804,    0.0000,    2.6141,     1.6136,     0.0172
     1.760,    0.0000,    0.0000,    0.0000,    0.0000,    2.7809,    2.5474,    2.7809,    0.0000,    2.6146,     1.6116,     0.0173
     1.761,    0.0000,    0.0000,    0.0000,    0.0000,    2.7816,    2.5481,    2.7816,    0.0000,    2.6152,     1.6097,     0.0175
     1.762,    0.0000,    0.0000,    0.0000,    0.0000,    2.7820,    2.5484,    2.7820,    0.0000,    2.6156,     1.6076,     0.0176
     1.763,    0.0000,    0.0000,    0.0000,    0.0000,    2.7819,    2.5483,    2.7819,    0.0000,    2.6155,     1.6052,     0.0178
     1.764,    0.0000,    0.0000,    0.0000,    0.0000,    2.7818,    2.5483,    2.7818,    0.0000,    2.6154,     1.6028,     0.0179
     1.765,    0.0000,    0.0000,    0.0000,    0.0000,    2.7822,    2.5487,    2.7823,    0.0000,    2.6159,     1.6008,     0.0181
     1.766,    0.0000,    0.0000,    0.0000,    0.0000,    2.7827,    2.5493,    2.7830,    0.0000,    2.6165,     1.5989,     0.0182
     1.767,    0.0000,    0.0000,    0.0000,    0.0000,    2.7826,    2.5496,    2.7833,    0.0000,    2.6168,     1.5967,     0.0183
     1.768,    0.0000,    0.0000,    0.0000,    0.0000,    2.7816,    2.5496,    2.7833,    0.0000,    2.6168,     1.5944,     0.0185
     1.769,    0.0000,    0.0000,    0.0000,    0.0000,    2.7792,    2.5495,    2.7831,    0.0000,    2.6167,     1.5920,     0.0186
     1.770,    0.0000,    0.0000,    0.0000,    0.0000,    2.7747,    2.5494,    2.7830,    0.0000,    2.6165,     1.5896,     0.0188
     1.771,    0.0000,    0.0000,    0.0000,    0.0000,    2.7661,    2.5494,    2.7831,    0.0000,    2.6166,     1.5873,     0.0189
     1.772,    0.0000,    0.0000,    0.0000,    0.0000,    2.7506,    2.5495,    2.7832,    0.0000,    2.6167,     1.5851,     0.0191
     1.773,    0.0000,    0.0000,    0.0000,    0.0000,    2.7238,    2.5496,    2.7833,    0.0000,    2.6168,     1.5828,     0.0192
     1.774,    0.0000,    0.0000,    0.0000,    0.0000,    2.6805,    2.5499,    2.7836,    0.0000,    2.6171,     1.5807,     0.0194
     1.775,    0.0000,    0.0000,    0.0000,    0.0000,    2.6142,    2.5505,    2.7842,    0.0000,    2.6177,     1.5788,     0.0195
     1.776,    0.0000,    0.0000,    0.0000,    0.0000,    2.5178,    2.5510,    2.7849,    0.0000,    2.6183,     1.5768,     0.0197
     1.777,    0.0000,    0.0000,    0.0000,    0.0000,    2.3855,    2.5512,    2.7851,    0.0000,    2.6185,     1.5747,     0.0198
     1.778,    0.0000,    0.0000,    0.0000,    0.0000,    2.2148,    2.5514,    2.7853,    0.0000,    2.6187,     1.5725,     0.0200
     1.779,    0.0000,    0.0000,    0.0000,    0.0000,    2.0070,    2.5519,    2.7858,    0.0000,    2.6192,     1.5705,     0.0201
     1.780,    0.0000,    0.0000,    0.0000,    0.0000,    1.7679,    2.5525,    2.7864,    0.0000,    2.6197,     1.5685,     0.0203
     1.781,    0.0000,    0.0000,    0.0000,    0.0000,    1.5080,    2.5526,    2.7866,    0.0000,    2.6199,     1.5663,     0.0204
     1.782,    0.0000,    0.0000,    0.0000,    0.0000,    1.2413,    2.5524,    2.7863,    0.0000,    2.6196,     1.5639,     0.0206
     1.783,    0.0000,    0.0000,    0.0000,    0.0000,    0.9832,    2.5519,    2.7858,    0.0000,    2.6191,     1.5613,     0.0207
     1.784,    0.0000,    0.0000,    0.0000,    0.0000,    0.7475,    2.5515,    2.7854,    0.0000,    2.6188,     1.5588,     0.0209
     1.785,    0.0000,    0.0000,    0.0000,    0.0000,    0.5443,    2.5516,    2.7855,    0.0000,    2.6189,     1.5565,     0.0210
     1.786,    0.0000,    0.0000,    0.0000,    0.0000,    0.3788,    2.5521,    2.7860,    0.0000,    2.6194,     1.5546,     0.0212
     1.787,    0.0000,    0.0000,    0.0000,    0.0000,    0.2516,    2.5529,    2.7868,    0.0000,    2.6201,     1.5527,     0.0214
     1.788,    0.0000,    0.0000,    0.0000,    0.0000,    0.1593,    2.5537,    2.7877,    0.0000,    2.6209,     1.5509,     0.0215
     1.789,    0.0000,    0.0000,    0.0000,    0.0000,    0.0959,    2.5544,    2.7885,    0.0000,    2.6216,     1.5491,     0.0217
     1.790,    0.0000,    0.0000,    0.0000,    0.0000,    0.0549,    2.5548,    2.7890,    0.0000,    2.6221,     1.5471,     0.0218
     1.791,    0.0000,    0.0000,    0.0000,    0.0000,    0.0299,    2.5550,    2.7892,    0.0000,    2.6222,     1.5449,     0.0220
     1.792,    0.0000,    0.0000,    0.0000,    0.0000,    0.0154,    2.5549,    2.7891,    0.0000,    2.6220,     1.5426,     0.0222
     1.793,    0.0000,    0.0000,    0.0000,    0.0000,    0.0075,    2.5547,    2.7889,    0.0000,    2.6216,     1.5402,     0.0223
     1.794,    0.0000,    0.0000,    0.0000,    0.0000,    0.0035,    2.5549,    2.7891,    0.0000,    2.6214,     1.5380,     0.0225
     1.795,    0.0000,    0.0000,    0.0000,    0.0000,    0.0015,    2.5557,    2.7900,    0.0000,    2.6217,     1.5362,     0.0227
     1.796,    0.0000,    0.0000,    0.0000,    0.0000,    0.0006,    2.5565,    2.7908,    0.0000,    2.6215,     1.5344,     0.0228
     1.797,    0.0000,    0.0000,    0.0000,    0.0000,    0.0003,    2.5564,    2.7907,    0.0000,    2.6197,     1.5321,     0.0230
     1.798,    0.0000,    0.0000,    0.0000,    0.0000,    0.0001,    2.5561,    2.7903,    0.0000,    2.6168,     1.5296,     0.0232
     1.799,    0.0000,    0.0000,    0.0000,    0.0000,    0.0000,    2.5563,    2.7906,    0.0000,    2.6131,     1.5275,     0.0233
     1.800,    0.0000,    0.0000,    0.0000,    0.0000,    0.0000,    2.5571,    2.7915,    0.0000,    2.6079,     1.5257,     0.0235
     1.801,    0.0000,    0.0000,    0.0000,    0.0000,    0.0000,    2.5582,    2.7927,    0.0000,    2.6000,     1.5241,     0.0237
     1.802,    0.0000,    0.0000,    0.0000,    0.0000,    0.0000,    2.5590,    2.7936,    0.0000,    2.5880,     1.5223,     0.0238
     1.803,    0.0000,    0.0000,    0.0000,    0.0000,    0.0000,    2.5592,    2.7937,    0.0000,    2.5700,     1.5202,     0.0240
     1.804,    0.0000,    0.0000,    0.0000,    0.0000,    0.0000,    2.5590,    2.7936,    0.0000,    2.5450,     1.5178,     0.0242
     1.805,    0.0000,    0.0000,    0.0000,    0.0000,    0.0000,    2.5592,    2.7938,    0.0000,    2.5118,     1.5157,     0.0244
     1.806,    0.0000,    0.0000,    0.0000,    0.0000,    0.0000,    2.5596,    2.7943,    0.0000,    2.4687,     1.5137,     0.0245
     1.807,    0.0000,    0.0000,    0.0000,    0.0000,    0.0000,    2.5604,    2.7950,    0.0000,    2.4138,     1.5119,     0.0247
     1.808,    0.0000,    0.0000,    0.0000,    0.0000,    0.0000,    2.5612,    2.7960,    0.0000,    2.3455,     1.5101,     0.0249
     1.809,    0.0000,    0.0000,    0.0000,    0.0000,    0.0000,    2.5620,    2.7968,    0.0000,    2.2623,     1.5083,     0.0251
     1.810,    0.0000,    0.0000,    0.0000,    0.0000,    0.0000,    2.5626,    2.7974,    0.0000,    2.1634,     1.5064,     0.0252
     1.811,    0.0000,    0.0000,    0.0000,    0.0000,    0.0000,    2.5627,    2.7976,    0.0000,    2.0486,     1.5043,     0.0254
     1.812,    0.0000,    0.0000,    0.0000,    0.0000,    0.0000,    2.5630,    2.7980,    0.0000,    1.9192,     1.5022,     0.0256
     1.813,    0.0000,    0.0000,    0.0000,    0.0000,    0.0000,    2.5639,    2.7989,    0.0000,    1.7771,     1.5005,     0.0258
     1.814,    0.0000,    0.0000,    0.0000,    0.0000,    0.0000,    2.5650,    2.8001,    0.0000,    1.6246,     1.4988,     0.0260
     1.815,    0.0000,    0.0000,    0.0000,    0.0000,    0.0000,    2.5658,    2.8009,    0.0000,    1.4644,     1.4970,     0.0262
     1.816,    0.0000,    0.0000,    0.0000,    0.0000,    0.0000,    2.5663,    2.8015,    0.0000,    1.3005,     1.4951,     0.0263
     1.817,    0.0000,    0.0000,    0.0000,    0.0000,    0.0000,    2.5668,    2.8021,    0.0000,    1.1368,     1.4932,     0.0265
     1.818,    0.0000,    0.0000,    0.0000,    0.0000,    0.0000,    2.5668,    2.8020,    0.0000,    0.9773,     1.4909,     0.0267
     1.819,    0.0000,    0.0000,    0.0000,    0.0000,    0.0000,    2.5659,    2.8011,    0.0000,    0.8255,     1.4882,     0.0269
     1.820,    0.0000,    0.0000,    0.0000,    0.0000,    0.0000,    2.5653,    2.8004,    0.0000,    0.6849,     1.4856,     0.0271
     1.821,    0.0000,    0.0000,    0.0000,    0.0000,    0.0000,    2.5658,    2.8010,    0.0000,    0.5581,     1.4837,     0.0272
     1.822,    0.0000,    0.0000,    0.0000,    0.0000,    0.0000,    2.5671,    2.8023,    0.0000,    0.4464,     1.4822,     0.0274
     1.823,    0.0000,    0.0000,    0.0000,    0.0000,    0.0000,    2.5684,    2.8038,    0.0000,    0.3501,     1.4807,     0.0276
     1.824,    0.0000,    0.0000,    0.0000,    0.0000,    0.0000,    2.5698,    2.8053,    0.0000,    0.2691,     1.4793,     0.0278
     1.825,    0.0000,    0.0000,    0.0000,    0.0000,    0.0000,    2.5713,    2.8070,    0.0000,    0.2027,     1.4780,     0.0280
     1.826,    0.0000,    0.0000,    0.0000,    0.0000,    0.0000,    2.5729,    2.8087,    0.0000,    0.1496,     1.4766,     0.0282
     1.827,    0.0000,    0.0000,    0.0000,    0.0000,    0.0000,    2.5740,    2.8099,    0.0000,    0.1080,     1.4750,     0.0284
     1.828,    0.0000,    0.0000,    0.0000,    0.0000,    0.0000,    2.5745,    2.8105,    0.0000,    0.0764,     1.4731,     0.0286
     1.829,    0.0000,    0.0000,    0.0000,    0.0000,    0.0000,    2.5744,    2.8103,    0.0000,    0.0528,     1.4708,     0.0288
     1.830,    0.0000,    0.0000,    0.0000,    0.0000,    0.0000,    2.5744,    2.8103,    0.0000,    0.0357,     1.4686,     0.0290
     1.831,    0.0000,    0.0000,    0.0000,    0.0000,    0.0000,    2.5751,    2.8111,    0.0000,    0.0237,     1.4668,     0.0292
