romanisim/data/Roman_effarea_tables_20240327/Roman_effarea_v8_SCA01_20240301.ecsv
# %ECSV 1.0
# ---
# Effective area for Roman (m^2) - parameters as of 2024 03 01
# datatype:
# - {name: Wave, datatype: float32}
# - {name: F062, datatype: float32}
# - {name: F087, datatype: float32}
# - {name: F106, datatype: float32}
# - {name: F129, datatype: float32}
# - {name: F158, datatype: float32}
# - {name: F184, datatype: float32}
# - {name: F146, datatype: float32}
# - {name: F213, datatype: float32}
# - {name: Prism, datatype: float32}
# - {name: Grism_1stOrder, datatype: float32}
# - {name: Grism_0thOrder, datatype: float32}
# schema: astropy-2.0
Wave, F062, F087, F106, F129, F158, F184, F146, F213, Prism, Grism_1stOrder, Grism_0thOrder
[from data line 717]
     1.117,    0.0000,    0.0000,    2.4681,    0.0000,    0.0000,    0.0000,    2.4681,    0.0000,    2.4103,     1.6315,     0.0011
     1.118,    0.0000,    0.0000,    2.4678,    0.0000,    0.0000,    0.0000,    2.4678,    0.0000,    2.4100,     1.6358,     0.0011
     1.119,    0.0000,    0.0000,    2.4684,    0.0000,    0.0000,    0.0000,    2.4684,    0.0000,    2.4106,     1.6408,     0.0011
     1.120,    0.0000,    0.0000,    2.4693,    0.0001,    0.0000,    0.0000,    2.4693,    0.0000,    2.4114,     1.6458,     0.0011
     1.121,    0.0000,    0.0000,    2.4694,    0.0005,    0.0000,    0.0000,    2.4694,    0.0000,    2.4115,     1.6503,     0.0010
     1.122,    0.0000,    0.0000,    2.4695,    0.0026,    0.0000,    0.0000,    2.4695,    0.0000,    2.4116,     1.6548,     0.0010
     1.123,    0.0000,    0.0000,    2.4701,    0.0118,    0.0000,    0.0000,    2.4701,    0.0000,    2.4122,     1.6596,     0.0010
     1.124,    0.0000,    0.0000,    2.4705,    0.0433,    0.0000,    0.0000,    2.4705,    0.0000,    2.4126,     1.6643,     0.0010
     1.125,    0.0000,    0.0000,    2.4700,    0.1288,    0.0000,    0.0000,    2.4700,    0.0000,    2.4121,     1.6684,     0.0010
     1.126,    0.0000,    0.0000,    2.4694,    0.3134,    0.0000,    0.0000,    2.4694,    0.0000,    2.4115,     1.6723,     0.0010
     1.127,    0.0000,    0.0000,    2.4694,    0.6307,    0.0000,    0.0000,    2.4694,    0.0000,    2.4115,     1.6766,     0.0009
     1.128,    0.0000,    0.0000,    2.4697,    1.0642,    0.0000,    0.0000,    2.4697,    0.0000,    2.4119,     1.6811,     0.0009
     1.129,    0.0000,    0.0000,    2.4701,    1.5352,    0.0000,    0.0000,    2.4701,    0.0000,    2.4122,     1.6856,     0.0009
     1.130,    0.0000,    0.0000,    2.4704,    1.9420,    0.0000,    0.0000,    2.4704,    0.0000,    2.4125,     1.6901,     0.0009
     1.131,    0.0000,    0.0000,    2.4709,    2.2216,    0.0000,    0.0000,    2.4709,    0.0000,    2.4130,     1.6947,     0.0009
     1.132,    0.0000,    0.0000,    2.4714,    2.3745,    0.0000,    0.0000,    2.4714,    0.0000,    2.4134,     1.6992,     0.0009
     1.133,    0.0000,    0.0000,    2.4715,    2.4407,    0.0000,    0.0000,    2.4715,    0.0000,    2.4135,     1.7035,     0.0009
     1.134,    0.0000,    0.0000,    2.4715,    2.4636,    0.0000,    0.0000,    2.4715,    0.0000,    2.4136,     1.7077,     0.0008
     1.135,    0.0000,    0.0000,    2.4716,    2.4700,    0.0000,    0.0000,    2.4716,    0.0000,    2.4137,     1.7119,     0.0008
     1.136,    0.0000,    0.0000,    2.4717,    2.4714,    0.0000,    0.0000,    2.4717,    0.0000,    2.4138,     1.7161,     0.0008
     1.137,    0.0000,    0.0000,    2.4716,    2.4716,    0.0000,    0.0000,    2.4716,    0.0000,    2.4137,     1.7201,     0.0008
     1.138,    0.0000,    0.0000,    2.4716,    2.4716,    0.0000,    0.0000,    2.4716,    0.0000,    2.4137,     1.7242,     0.0008
     1.139,    0.0000,    0.0000,    2.4720,    2.4720,    0.0000,    0.0000,    2.4720,    0.0000,    2.4141,     1.7285,     0.0008
     1.140,    0.0000,    0.0000,    2.4726,    2.4726,    0.0000,    0.0000,    2.4726,    0.0000,    2.4147,     1.7330,     0.0007
     1.141,    0.0000,    0.0000,    2.4731,    2.4731,    0.0000,    0.0000,    2.4731,    0.0000,    2.4152,     1.7373,     0.0007
     1.142,    0.0000,    0.0000,    2.4733,    2.4733,    0.0000,    0.0000,    2.4733,    0.0000,    2.4154,     1.7414,     0.0007
     1.143,    0.0000,    0.0000,    2.4731,    2.4731,    0.0000,    0.0000,    2.4731,    0.0000,    2.4151,     1.7452,     0.0007
     1.144,    0.0000,    0.0000,    2.4728,    2.4728,    0.0000,    0.0000,    2.4728,    0.0000,    2.4149,     1.7490,     0.0007
     1.145,    0.0000,    0.0000,    2.4730,    2.4730,    0.0000,    0.0000,    2.4730,    0.0000,    2.4151,     1.7530,     0.0007
     1.146,    0.0000,    0.0000,    2.4734,    2.4734,    0.0000,    0.0000,    2.4734,    0.0000,    2.4154,     1.7572,     0.0007
     1.147,    0.0000,    0.0000,    2.4735,    2.4735,    0.0000,    0.0000,    2.4735,    0.0000,    2.4155,     1.7611,     0.0007
     1.148,    0.0000,    0.0000,    2.4733,    2.4733,    0.0000,    0.0000,    2.4733,    0.0000,    2.4154,     1.7649,     0.0006
     1.149,    0.0000,    0.0000,    2.4731,    2.4731,    0.0000,    0.0000,    2.4731,    0.0000,    2.4152,     1.7685,     0.0006
     1.150,    0.0000,    0.0000,    2.4730,    2.4730,    0.0000,    0.0000,    2.4730,    0.0000,    2.4150,     1.7722,     0.0006
     1.151,    0.0000,    0.0000,    2.4729,    2.4729,    0.0000,    0.0000,    2.4729,    0.0000,    2.4150,     1.7760,     0.0006
     1.152,    0.0000,    0.0000,    2.4728,    2.4728,    0.0000,    0.0000,    2.4728,    0.0000,    2.4148,     1.7796,     0.0006
     1.153,    0.0000,    0.0000,    2.4724,    2.4724,    0.0000,    0.0000,    2.4724,    0.0000,    2.4144,     1.7830,     0.0006
     1.154,    0.0000,    0.0000,    2.4721,    2.4721,    0.0000,    0.0000,    2.4721,    0.0000,    2.4142,     1.7865,     0.0006
     1.155,    0.0000,    0.0000,    2.4724,    2.4724,    0.0000,    0.0000,    2.4724,    0.0000,    2.4144,     1.7904,     0.0006
     1.156,    0.0000,    0.0000,    2.4725,    2.4725,    0.0000,    0.0000,    2.4725,    0.0000,    2.4145,     1.7942,     0.0005
     1.157,    0.0000,    0.0000,    2.4719,    2.4719,    0.0000,    0.0000,    2.4719,    0.0000,    2.4139,     1.7973,     0.0005
     1.158,    0.0000,    0.0000,    2.4712,    2.4712,    0.0000,    0.0000,    2.4712,    0.0000,    2.4132,     1.8004,     0.0005
     1.159,    0.0000,    0.0000,    2.4710,    2.4710,    0.0000,    0.0000,    2.4710,    0.0000,    2.4131,     1.8039,     0.0005
     1.160,    0.0000,    0.0000,    2.4711,    2.4711,    0.0000,    0.0000,    2.4711,    0.0000,    2.4132,     1.8075,     0.0005
     1.161,    0.0000,    0.0000,    2.4711,    2.4711,    0.0000,    0.0000,    2.4711,    0.0000,    2.4132,     1.8110,     0.0005
     1.162,    0.0000,    0.0000,    2.4707,    2.4707,    0.0000,    0.0000,    2.4707,    0.0000,    2.4128,     1.8143,     0.0005
     1.163,    0.0000,    0.0000,    2.4700,    2.4700,    0.0000,    0.0000,    2.4700,    0.0000,    2.4121,     1.8172,     0.0005
     1.164,    0.0000,    0.0000,    2.4693,    2.4693,    0.0000,    0.0000,    2.4693,    0.0000,    2.4114,     1.8202,     0.0005
     1.165,    0.0000,    0.0000,    2.4689,    2.4689,    0.0000,    0.0000,    2.4689,    0.0000,    2.4111,     1.8234,     0.0005
     1.166,    0.0000,    0.0000,    2.4687,    2.4687,    0.0000,    0.0000,    2.4687,    0.0000,    2.4109,     1.8266,     0.0004
     1.167,    0.0000,    0.0000,    2.4683,    2.4683,    0.0000,    0.0000,    2.4683,    0.0000,    2.4105,     1.8297,     0.0004
     1.168,    0.0000,    0.0000,    2.4681,    2.4681,    0.0000,    0.0000,    2.4681,    0.0000,    2.4102,     1.8329,     0.0004
     1.169,    0.0000,    0.0000,    2.4682,    2.4682,    0.0000,    0.0000,    2.4682,    0.0000,    2.4103,     1.8363,     0.0004
     1.170,    0.0000,    0.0000,    2.4680,    2.4680,    0.0000,    0.0000,    2.4680,    0.0000,    2.4102,     1.8395,     0.0004
     1.171,    0.0000,    0.0000,    2.4671,    2.4671,    0.0000,    0.0000,    2.4671,    0.0000,    2.4093,     1.8421,     0.0004
     1.172,    0.0000,    0.0000,    2.4659,    2.4659,    0.0000,    0.0000,    2.4659,    0.0000,    2.4082,     1.8445,     0.0004
     1.173,    0.0000,    0.0000,    2.4652,    2.4652,    0.0000,    0.0000,    2.4652,    0.0000,    2.4075,     1.8472,     0.0004
     1.174,    0.0000,    0.0000,    2.4648,    2.4648,    0.0000,    0.0000,    2.4648,    0.0000,    2.4071,     1.8501,     0.0004
     1.175,    0.0000,    0.0000,    2.4644,    2.4644,    0.0000,    0.0000,    2.4644,    0.0000,    2.4067,     1.8530,     0.0004
     1.176,    0.0000,    0.0000,    2.4639,    2.4639,    0.0000,    0.0000,    2.4639,    0.0000,    2.4062,     1.8558,     0.0004
     1.177,    0.0000,    0.0000,    2.4634,    2.4634,    0.0000,    0.0000,    2.4634,    0.0000,    2.4057,     1.8586,     0.0003
     1.178,    0.0000,    0.0000,    2.4631,    2.4631,    0.0000,    0.0000,    2.4631,    0.0000,    2.4054,     1.8615,     0.0003
     1.179,    0.0000,    0.0000,    2.4633,    2.4633,    0.0000,    0.0000,    2.4633,    0.0000,    2.4055,     1.8647,     0.0003
     1.180,    0.0000,    0.0000,    2.4633,    2.4633,    0.0000,    0.0000,    2.4633,    0.0000,    2.4056,     1.8678,     0.0003
     1.181,    0.0000,    0.0000,    2.4628,    2.4628,    0.0000,    0.0000,    2.4628,    0.0000,    2.4051,     1.8705,     0.0003
     1.182,    0.0000,    0.0000,    2.4621,    2.4621,    0.0000,    0.0000,    2.4621,    0.0000,    2.4044,     1.8730,     0.0003
     1.183,    0.0000,    0.0000,    2.4617,    2.4617,    0.0000,    0.0000,    2.4617,    0.0000,    2.4040,     1.8757,     0.0003
     1.184,    0.0000,    0.0000,    2.4614,    2.4614,    0.0000,    0.0000,    2.4614,    0.0000,    2.4037,     1.8784,     0.0003
     1.185,    0.0000,    0.0000,    2.4607,    2.4607,    0.0000,    0.0000,    2.4607,    0.0000,    2.4030,     1.8809,     0.0003
     1.186,    0.0000,    0.0000,    2.4598,    2.4598,    0.0000,    0.0000,    2.4598,    0.0000,    2.4022,     1.8831,     0.0003
     1.187,    0.0000,    0.0000,    2.4589,    2.4589,    0.0000,    0.0000,    2.4589,    0.0000,    2.4013,     1.8853,     0.0003
     1.188,    0.0000,    0.0000,    2.4583,    2.4583,    0.0000,    0.0000,    2.4583,    0.0000,    2.4007,     1.8878,     0.0003
     1.189,    0.0000,    0.0000,    2.4581,    2.4582,    0.0000,    0.0000,    2.4582,    0.0000,    2.4006,     1.8905,     0.0003
     1.190,    0.0000,    0.0000,    2.4577,    2.4579,    0.0000,    0.0000,    2.4579,    0.0000,    2.4003,     1.8931,     0.0002
     1.191,    0.0000,    0.0000,    2.4560,    2.4570,    0.0000,    0.0000,    2.4570,    0.0000,    2.3994,     1.8952,     0.0002
     1.192,    0.0000,    0.0000,    2.4528,    2.4561,    0.0000,    0.0000,    2.4561,    0.0000,    2.3985,     1.8973,     0.0002
     1.193,    0.0000,    0.0000,    2.4457,    2.4558,    0.0000,    0.0000,    2.4558,    0.0000,    2.3982,     1.8999,     0.0002
     1.194,    0.0000,    0.0000,    2.4278,    2.4555,    0.0000,    0.0000,    2.4555,    0.0000,    2.3980,     1.9024,     0.0002
     1.195,    0.0000,    0.0000,    2.3870,    2.4546,    0.0000,    0.0000,    2.4546,    0.0000,    2.3971,     1.9044,     0.0002
     1.196,    0.0000,    0.0000,    2.3070,    2.4538,    0.0000,    0.0000,    2.4538,    0.0000,    2.3963,     1.9064,     0.0002
     1.197,    0.0000,    0.0000,    2.1685,    2.4535,    0.0000,    0.0000,    2.4535,    0.0000,    2.3960,     1.9089,     0.0002
     1.198,    0.0000,    0.0000,    1.9564,    2.4534,    0.0000,    0.0000,    2.4534,    0.0000,    2.3959,     1.9114,     0.0002
     1.199,    0.0000,    0.0000,    1.6704,    2.4527,    0.0000,    0.0000,    2.4527,    0.0000,    2.3952,     1.9135,     0.0002
     1.200,    0.0000,    0.0000,    1.3320,    2.4519,    0.0000,    0.0000,    2.4519,    0.0000,    2.3945,     1.9155,     0.0002
     1.201,    0.0000,    0.0000,    0.9806,    2.4515,    0.0000,    0.0000,    2.4515,    0.0000,    2.3941,     1.9178,     0.0002
     1.202,    0.0000,    0.0000,    0.6599,    2.4513,    0.0000,    0.0000,    2.4513,    0.0000,    2.3938,     1.9201,     0.0002
     1.203,    0.0000,    0.0000,    0.4025,    2.4509,    0.0000,    0.0000,    2.4509,    0.0000,    2.3935,     1.9224,     0.0002
     1.204,    0.0000,    0.0000,    0.2212,    2.4506,    0.0000,    0.0000,    2.4506,    0.0000,    2.3932,     1.9247,     0.0002
     1.205,    0.0000,    0.0000,    0.1090,    2.4506,    0.0000,    0.0000,    2.4506,    0.0000,    2.3932,     1.9271,     0.0002
     1.206,    0.0000,    0.0000,    0.0479,    2.4504,    0.0000,    0.0000,    2.4504,    0.0000,    2.3930,     1.9294,     0.0002
     1.207,    0.0000,    0.0000,    0.0188,    2.4497,    0.0000,    0.0000,    2.4497,    0.0000,    2.3923,     1.9313,     0.0002
     1.208,    0.0000,    0.0000,    0.0065,    2.4487,    0.0000,    0.0000,    2.4487,    0.0000,    2.3914,     1.9330,     0.0001
     1.209,    0.0000,    0.0000,    0.0020,    2.4479,    0.0000,    0.0000,    2.4479,    0.0000,    2.3905,     1.9347,     0.0001
     1.210,    0.0000,    0.0000,    0.0005,    2.4473,    0.0000,    0.0000,    2.4473,    0.0000,    2.3900,     1.9366,     0.0001
     1.211,    0.0000,    0.0000,    0.0001,    2.4473,    0.0000,    0.0000,    2.4473,    0.0000,    2.3899,     1.9389,     0.0001
     1.212,    0.0000,    0.0000,    0.0000,    2.4471,    0.0000,    0.0000,    2.4471,    0.0000,    2.3897,     1.9411,     0.0001
     1.213,    0.0000,    0.0000,    0.0000,    2.4463,    0.0000,    0.0000,    2.4463,    0.0000,    2.3889,     1.9427,     0.0001
     1.214,    0.0000,    0.0000,    0.0000,    2.4454,    0.0000,    0.0000,    2.4454,    0.0000,    2.3881,     1.9443,     0.0001
     1.215,    0.0000,    0.0000,    0.0000,    2.4451,    0.0000,    0.0000,    2.4451,    0.0000,    2.3878,     1.9463,     0.0001
     1.216,    0.0000,    0.0000,    0.0000,    2.4452,    0.0000,    0.0000,    2.4452,    0.0000,    2.3879,     1.9486,     0.0001
     1.217,    0.0000,    0.0000,    0.0000,    2.4453,    0.0000,    0.0000,    2.4453,    0.0000,    2.3880,     1.9509,     0.0001
     1.218,    0.0000,    0.0000,    0.0000,    2.4451,    0.0000,    0.0000,    2.4451,    0.0000,    2.3878,     1.9529,     0.0001
     1.219,    0.0000,    0.0000,    0.0000,    2.4443,    0.0000,    0.0000,    2.4443,    0.0000,    2.3870,     1.9544,     0.0001
     1.220,    0.0000,    0.0000,    0.0000,    2.4436,    0.0000,    0.0000,    2.4436,    0.0000,    2.3863,     1.9560,     0.0001
     1.221,    0.0000,    0.0000,    0.0000,    2.4436,    0.0000,    0.0000,    2.4436,    0.0000,    2.3863,     1.9581,     0.0001
     1.222,    0.0000,    0.0000,    0.0000,    2.4437,    0.0000,    0.0000,    2.4437,    0.0000,    2.3864,     1.9603,     0.0001
     1.223,    0.0000,    0.0000,    0.0000,    2.4433,    0.0000,    0.0000,    2.4433,    0.0000,    2.3860,     1.9620,     0.0001
     1.224,    0.0000,    0.0000,    0.0000,    2.4428,    0.0000,    0.0000,    2.4428,    0.0000,    2.3855,     1.9637,     0.0001
     1.225,    0.0000,    0.0000,    0.0000,    2.4427,    0.0000,    0.0000,    2.4427,    0.0000,    2.3855,     1.9656,     0.0001
     1.226,    0.0000,    0.0000,    0.0000,    2.4426,    0.0000,    0.0000,    2.4426,    0.0000,    2.3854,     1.9676,     0.0001
     1.227,    0.0000,    0.0000,    0.0000,    2.4422,    0.0000,    0.0000,    2.4422,    0.0000,    2.3849,     1.9692,     0.0001
     1.228,    0.0000,    0.0000,    0.0000,    2.4416,    0.0000,    0.0000,    2.4416,    0.0000,    2.3844,     1.9707,     0.0001
     1.229,    0.0000,    0.0000,    0.0000,    2.4415,    0.0000,    0.0000,    2.4415,    0.0000,    2.3842,     1.9725,     0.0001
     1.230,    0.0000,    0.0000,    0.0000,    2.4413,    0.0000,    0.0000,    2.4413,    0.0000,    2.3841,     1.9743,     0.0001
     1.231,    0.0000,    0.0000,    0.0000,    2.4407,    0.0000,    0.0000,    2.4407,    0.0000,    2.3835,     1.9757,     0.0001
     1.232,    0.0000,    0.0000,    0.0000,    2.4399,    0.0000,    0.0000,    2.4399,    0.0000,    2.3827,     1.9769,     0.0001
     1.233,    0.0000,    0.0000,    0.0000,    2.4393,    0.0000,    0.0000,    2.4393,    0.0000,    2.3822,     1.9783,     0.0001
     1.234,    0.0000,    0.0000,    0.0000,    2.4389,    0.0000,    0.0000,    2.4389,    0.0000,    2.3817,     1.9798,     0.0001
