romanisim/data/Roman_effarea_tables_20240327/Roman_effarea_v8_SCA12_20240301.ecsv
# %ECSV 1.0
# ---
# Effective area for Roman (m^2) - parameters as of 2024 03 01
# datatype:
# - {name: Wave, datatype: float32}
# - {name: F062, datatype: float32}
# - {name: F087, datatype: float32}
# - {name: F106, datatype: float32}
# - {name: F129, datatype: float32}
# - {name: F158, datatype: float32}
# - {name: F184, datatype: float32}
# - {name: F146, datatype: float32}
# - {name: F213, datatype: float32}
# - {name: Prism, datatype: float32}
# - {name: Grism_1stOrder, datatype: float32}
# - {name: Grism_0thOrder, datatype: float32}
# schema: astropy-2.0
Wave, F062, F087, F106, F129, F158, F184, F146, F213, Prism, Grism_1stOrder, Grism_0thOrder
[from data line 956]
     1.356,    0.0000,    0.0000,    0.0000,    2.6192,    0.0000,    0.0000,    2.6192,    0.0000,    2.4625,     2.2599,     0.0000
     1.357,    0.0000,    0.0000,    0.0000,    2.6188,    0.0000,    0.0000,    2.6188,    0.0000,    2.4622,     2.2592,     0.0000
     1.358,    0.0000,    0.0000,    0.0000,    2.6186,    0.0000,    0.0000,    2.6186,    0.0000,    2.4620,     2.2586,     0.0000
     1.359,    0.0000,    0.0000,    0.0000,    2.6192,    0.0000,    0.0000,    2.6192,    0.0000,    2.4625,     2.2587,     0.0000
     1.360,    0.0000,    0.0000,    0.0000,    2.6198,    0.0000,    0.0000,    2.6198,    0.0000,    2.4630,     2.2587,     0.0000
     1.361,    0.0000,    0.0000,    0.0000,    2.6196,    0.0000,    0.0000,    2.6196,    0.0000,    2.4629,     2.2582,     0.0000
     1.362,    0.0000,    0.0000,    0.0000,    2.6191,    0.0000,    0.0000,    2.6191,    0.0000,    2.4624,     2.2572,     0.0000
     1.363,    0.0000,    0.0000,    0.0000,    2.6188,    0.0000,    0.0000,    2.6188,    0.0000,    2.4621,     2.2565,     0.0000
     1.364,    0.0000,    0.0000,    0.0000,    2.6186,    0.0000,    0.0000,    2.6186,    0.0000,    2.4619,     2.2558,     0.0000
     1.365,    0.0000,    0.0000,    0.0000,    2.6185,    0.0000,    0.0000,    2.6185,    0.0000,    2.4619,     2.2552,     0.0000
     1.366,    0.0000,    0.0000,    0.0000,    2.6187,    0.0000,    0.0000,    2.6187,    0.0000,    2.4620,     2.2548,     0.0000
     1.367,    0.0000,    0.0000,    0.0000,    2.6193,    0.0000,    0.0000,    2.6193,    0.0000,    2.4626,     2.2548,     0.0000
     1.368,    0.0000,    0.0000,    0.0000,    2.6198,    0.0000,    0.0000,    2.6198,    0.0000,    2.4631,     2.2547,     0.0000
     1.369,    0.0000,    0.0000,    0.0000,    2.6200,    0.0000,    0.0000,    2.6200,    0.0000,    2.4633,     2.2543,     0.0000
     1.370,    0.0000,    0.0000,    0.0000,    2.6199,    0.0000,    0.0000,    2.6199,    0.0000,    2.4631,     2.2536,     0.0000
     1.371,    0.0000,    0.0000,    0.0000,    2.6197,    0.0002,    0.0000,    2.6197,    0.0000,    2.4629,     2.2528,     0.0000
     1.372,    0.0000,    0.0000,    0.0000,    2.6195,    0.0006,    0.0000,    2.6195,    0.0000,    2.4628,     2.2520,     0.0000
     1.373,    0.0000,    0.0000,    0.0000,    2.6195,    0.0017,    0.0000,    2.6195,    0.0000,    2.4628,     2.2514,     0.0000
     1.374,    0.0000,    0.0000,    0.0000,    2.6196,    0.0049,    0.0000,    2.6196,    0.0000,    2.4629,     2.2509,     0.0000
     1.375,    0.0000,    0.0000,    0.0000,    2.6199,    0.0126,    0.0000,    2.6199,    0.0000,    2.4631,     2.2504,     0.0000
     1.376,    0.0000,    0.0000,    0.0000,    2.6201,    0.0295,    0.0000,    2.6201,    0.0000,    2.4634,     2.2500,     0.0000
     1.377,    0.0000,    0.0000,    0.0000,    2.6203,    0.0637,    0.0000,    2.6203,    0.0000,    2.4636,     2.2494,     0.0000
     1.378,    0.0000,    0.0000,    0.0000,    2.6202,    0.1262,    0.0000,    2.6202,    0.0000,    2.4635,     2.2487,     0.0000
     1.379,    0.0000,    0.0000,    0.0000,    2.6199,    0.2302,    0.0000,    2.6199,    0.0000,    2.4632,     2.2477,     0.0000
     1.380,    0.0000,    0.0000,    0.0000,    2.6195,    0.3878,    0.0000,    2.6195,    0.0000,    2.4628,     2.2466,     0.0000
     1.381,    0.0000,    0.0000,    0.0000,    2.6195,    0.6050,    0.0000,    2.6195,    0.0000,    2.4628,     2.2459,     0.0000
     1.382,    0.0000,    0.0000,    0.0000,    2.6195,    0.8771,    0.0000,    2.6195,    0.0000,    2.4628,     2.2451,     0.0000
     1.383,    0.0000,    0.0000,    0.0000,    2.6193,    1.1872,    0.0000,    2.6193,    0.0000,    2.4626,     2.2442,     0.0000
     1.384,    0.0000,    0.0000,    0.0000,    2.6188,    1.5084,    0.0000,    2.6188,    0.0000,    2.4621,     2.2430,     0.0000
     1.385,    0.0000,    0.0000,    0.0000,    2.6179,    1.8109,    0.0000,    2.6179,    0.0000,    2.4613,     2.2415,     0.0000
     1.386,    0.0000,    0.0000,    0.0000,    2.6174,    2.0703,    0.0000,    2.6174,    0.0000,    2.4608,     2.2402,     0.0000
     1.387,    0.0000,    0.0000,    0.0000,    2.6175,    2.2731,    0.0000,    2.6175,    0.0000,    2.4609,     2.2395,     0.0000
     1.388,    0.0000,    0.0000,    0.0000,    2.6177,    2.4171,    0.0000,    2.6177,    0.0000,    2.4611,     2.2388,     0.0000
     1.389,    0.0000,    0.0000,    0.0000,    2.6175,    2.5098,    0.0000,    2.6175,    0.0000,    2.4609,     2.2378,     0.0000
     1.390,    0.0000,    0.0000,    0.0000,    2.6177,    2.5644,    0.0000,    2.6177,    0.0000,    2.4611,     2.2371,     0.0000
     1.391,    0.0000,    0.0000,    0.0000,    2.6187,    2.5945,    0.0000,    2.6187,    0.0000,    2.4620,     2.2371,     0.0000
     1.392,    0.0000,    0.0000,    0.0000,    2.6196,    2.6095,    0.0000,    2.6196,    0.0000,    2.4629,     2.2370,     0.0000
     1.393,    0.0000,    0.0000,    0.0000,    2.6194,    2.6155,    0.0000,    2.6194,    0.0000,    2.4627,     2.2359,     0.0000
     1.394,    0.0000,    0.0000,    0.0000,    2.6186,    2.6173,    0.0000,    2.6186,    0.0000,    2.4620,     2.2344,     0.0000
     1.395,    0.0000,    0.0000,    0.0000,    2.6183,    2.6179,    0.0000,    2.6183,    0.0000,    2.4617,     2.2332,     0.0000
     1.396,    0.0000,    0.0000,    0.0000,    2.6185,    2.6184,    0.0000,    2.6185,    0.0000,    2.4618,     2.2324,     0.0000
     1.397,    0.0000,    0.0000,    0.0000,    2.6191,    2.6191,    0.0000,    2.6191,    0.0000,    2.4624,     2.2320,     0.0000
     1.398,    0.0000,    0.0000,    0.0000,    2.6194,    2.6194,    0.0000,    2.6194,    0.0000,    2.4627,     2.2313,     0.0000
     1.399,    0.0000,    0.0000,    0.0000,    2.6188,    2.6188,    0.0000,    2.6188,    0.0000,    2.4622,     2.2299,     0.0000
     1.400,    0.0000,    0.0000,    0.0000,    2.6180,    2.6180,    0.0000,    2.6180,    0.0000,    2.4614,     2.2281,     0.0000
     1.401,    0.0000,    0.0000,    0.0000,    2.6175,    2.6175,    0.0000,    2.6175,    0.0000,    2.4609,     2.2267,     0.0000
     1.402,    0.0000,    0.0000,    0.0000,    2.6175,    2.6175,    0.0000,    2.6175,    0.0000,    2.4609,     2.2257,     0.0000
     1.403,    0.0000,    0.0000,    0.0000,    2.6178,    2.6178,    0.0000,    2.6178,    0.0000,    2.4612,     2.2250,     0.0000
     1.404,    0.0000,    0.0000,    0.0000,    2.6181,    2.6181,    0.0000,    2.6181,    0.0000,    2.4614,     2.2242,     0.0000
     1.405,    0.0000,    0.0000,    0.0000,    2.6179,    2.6179,    0.0000,    2.6179,    0.0000,    2.4613,     2.2230,     0.0000
     1.406,    0.0000,    0.0000,    0.0000,    2.6174,    2.6174,    0.0000,    2.6174,    0.0000,    2.4608,     2.2215,     0.0000
     1.407,    0.0000,    0.0000,    0.0000,    2.6167,    2.6167,    0.0000,    2.6167,    0.0000,    2.4602,     2.2199,     0.0000
     1.408,    0.0000,    0.0000,    0.0000,    2.6161,    2.6161,    0.0000,    2.6161,    0.0000,    2.4596,     2.2183,     0.0000
     1.409,    0.0000,    0.0000,    0.0000,    2.6157,    2.6157,    0.0000,    2.6157,    0.0000,    2.4592,     2.2169,     0.0000
     1.410,    0.0000,    0.0000,    0.0000,    2.6149,    2.6149,    0.0000,    2.6149,    0.0000,    2.4585,     2.2152,     0.0000
     1.411,    0.0000,    0.0000,    0.0000,    2.6137,    2.6137,    0.0000,    2.6137,    0.0000,    2.4573,     2.2130,     0.0000
     1.412,    0.0000,    0.0000,    0.0000,    2.6127,    2.6127,    0.0000,    2.6127,    0.0000,    2.4564,     2.2110,     0.0000
     1.413,    0.0000,    0.0000,    0.0000,    2.6127,    2.6127,    0.0000,    2.6127,    0.0000,    2.4564,     2.2099,     0.0000
     1.414,    0.0000,    0.0000,    0.0000,    2.6129,    2.6129,    0.0000,    2.6129,    0.0000,    2.4565,     2.2089,     0.0000
     1.415,    0.0000,    0.0000,    0.0000,    2.6123,    2.6123,    0.0000,    2.6123,    0.0000,    2.4561,     2.2073,     0.0000
     1.416,    0.0000,    0.0000,    0.0000,    2.6115,    2.6115,    0.0000,    2.6115,    0.0000,    2.4552,     2.2054,     0.0000
     1.417,    0.0000,    0.0000,    0.0000,    2.6108,    2.6108,    0.0000,    2.6108,    0.0000,    2.4546,     2.2037,     0.0000
     1.418,    0.0000,    0.0000,    0.0000,    2.6106,    2.6106,    0.0000,    2.6106,    0.0000,    2.4544,     2.2024,     0.0000
     1.419,    0.0000,    0.0000,    0.0000,    2.6109,    2.6109,    0.0000,    2.6109,    0.0000,    2.4547,     2.2014,     0.0000
     1.420,    0.0000,    0.0000,    0.0000,    2.6112,    2.6112,    0.0000,    2.6112,    0.0000,    2.4550,     2.2005,     0.0000
     1.421,    0.0000,    0.0000,    0.0000,    2.6113,    2.6113,    0.0000,    2.6113,    0.0000,    2.4551,     2.1994,     0.0000
     1.422,    0.0000,    0.0000,    0.0000,    2.6119,    2.6119,    0.0000,    2.6119,    0.0000,    2.4556,     2.1987,     0.0000
     1.423,    0.0000,    0.0000,    0.0000,    2.6135,    2.6135,    0.0000,    2.6135,    0.0000,    2.4571,     2.1988,     0.0000
     1.424,    0.0000,    0.0000,    0.0000,    2.6155,    2.6155,    0.0000,    2.6155,    0.0000,    2.4590,     2.1992,     0.0001
     1.425,    0.0000,    0.0000,    0.0000,    2.6170,    2.6170,    0.0000,    2.6170,    0.0000,    2.4604,     2.1992,     0.0001
     1.426,    0.0000,    0.0000,    0.0000,    2.6178,    2.6178,    0.0000,    2.6178,    0.0000,    2.4612,     2.1986,     0.0001
     1.427,    0.0000,    0.0000,    0.0000,    2.6178,    2.6178,    0.0000,    2.6178,    0.0000,    2.4612,     2.1974,     0.0001
     1.428,    0.0000,    0.0000,    0.0000,    2.6178,    2.6178,    0.0000,    2.6178,    0.0000,    2.4612,     2.1961,     0.0001
     1.429,    0.0000,    0.0000,    0.0000,    2.6183,    2.6183,    0.0000,    2.6183,    0.0000,    2.4617,     2.1952,     0.0001
     1.430,    0.0000,    0.0000,    0.0000,    2.6189,    2.6189,    0.0000,    2.6189,    0.0000,    2.4623,     2.1945,     0.0001
     1.431,    0.0000,    0.0000,    0.0000,    2.6193,    2.6193,    0.0000,    2.6193,    0.0000,    2.4626,     2.1935,     0.0001
     1.432,    0.0000,    0.0000,    0.0000,    2.6196,    2.6196,    0.0000,    2.6196,    0.0000,    2.4628,     2.1923,     0.0001
     1.433,    0.0000,    0.0000,    0.0000,    2.6198,    2.6198,    0.0000,    2.6198,    0.0000,    2.4631,     2.1912,     0.0001
     1.434,    0.0000,    0.0000,    0.0000,    2.6202,    2.6202,    0.0000,    2.6202,    0.0000,    2.4634,     2.1902,     0.0001
     1.435,    0.0000,    0.0000,    0.0000,    2.6207,    2.6207,    0.0000,    2.6207,    0.0000,    2.4639,     2.1892,     0.0001
     1.436,    0.0000,    0.0000,    0.0000,    2.6211,    2.6211,    0.0000,    2.6211,    0.0000,    2.4643,     2.1883,     0.0001
     1.437,    0.0000,    0.0000,    0.0000,    2.6214,    2.6214,    0.0000,    2.6214,    0.0000,    2.4646,     2.1872,     0.0001
     1.438,    0.0000,    0.0000,    0.0000,    2.6215,    2.6215,    0.0000,    2.6215,    0.0000,    2.4647,     2.1858,     0.0001
     1.439,    0.0000,    0.0000,    0.0000,    2.6213,    2.6214,    0.0000,    2.6214,    0.0000,    2.4645,     2.1843,     0.0001
     1.440,    0.0000,    0.0000,    0.0000,    2.6214,    2.6214,    0.0000,    2.6214,    0.0000,    2.4646,     2.1830,     0.0001
     1.441,    0.0000,    0.0000,    0.0000,    2.6218,    2.6220,    0.0000,    2.6220,    0.0000,    2.4652,     2.1821,     0.0001
     1.442,    0.0000,    0.0000,    0.0000,    2.6220,    2.6228,    0.0000,    2.6228,    0.0000,    2.4659,     2.1813,     0.0001
     1.443,    0.0000,    0.0000,    0.0000,    2.6200,    2.6232,    0.0000,    2.6232,    0.0000,    2.4663,     2.1802,     0.0001
     1.444,    0.0000,    0.0000,    0.0000,    2.6123,    2.6232,    0.0000,    2.6232,    0.0000,    2.4663,     2.1788,     0.0001
     1.445,    0.0000,    0.0000,    0.0000,    2.5906,    2.6231,    0.0000,    2.6231,    0.0000,    2.4661,     2.1772,     0.0001
     1.446,    0.0000,    0.0000,    0.0000,    2.5394,    2.6229,    0.0000,    2.6229,    0.0000,    2.4660,     2.1756,     0.0001
     1.447,    0.0000,    0.0000,    0.0000,    2.4349,    2.6230,    0.0000,    2.6230,    0.0000,    2.4661,     2.1743,     0.0001
     1.448,    0.0000,    0.0000,    0.0000,    2.2512,    2.6234,    0.0000,    2.6234,    0.0000,    2.4665,     2.1731,     0.0001
     1.449,    0.0000,    0.0000,    0.0000,    1.9731,    2.6239,    0.0000,    2.6239,    0.0000,    2.4670,     2.1721,     0.0001
     1.450,    0.0000,    0.0000,    0.0000,    1.6112,    2.6246,    0.0000,    2.6246,    0.0000,    2.4676,     2.1711,     0.0001
     1.451,    0.0000,    0.0000,    0.0000,    1.2062,    2.6252,    0.0000,    2.6252,    0.0000,    2.4681,     2.1701,     0.0001
     1.452,    0.0000,    0.0000,    0.0000,    0.8166,    2.6255,    0.0000,    2.6255,    0.0000,    2.4684,     2.1689,     0.0001
     1.453,    0.0000,    0.0000,    0.0000,    0.4943,    2.6253,    0.0000,    2.6253,    0.0000,    2.4683,     2.1672,     0.0001
     1.454,    0.0000,    0.0000,    0.0000,    0.2654,    2.6252,    0.0000,    2.6252,    0.0000,    2.4682,     2.1656,     0.0002
     1.455,    0.0000,    0.0000,    0.0000,    0.1255,    2.6256,    0.0000,    2.6256,    0.0000,    2.4685,     2.1644,     0.0002
     1.456,    0.0000,    0.0000,    0.0000,    0.0520,    2.6261,    0.0000,    2.6261,    0.0000,    2.4690,     2.1632,     0.0002
     1.457,    0.0000,    0.0000,    0.0000,    0.0188,    2.6263,    0.0000,    2.6263,    0.0000,    2.4691,     2.1618,     0.0002
     1.458,    0.0000,    0.0000,    0.0000,    0.0059,    2.6265,    0.0000,    2.6265,    0.0000,    2.4694,     2.1605,     0.0002
     1.459,    0.0000,    0.0000,    0.0000,    0.0016,    2.6271,    0.0000,    2.6271,    0.0000,    2.4699,     2.1594,     0.0002
     1.460,    0.0000,    0.0000,    0.0000,    0.0004,    2.6276,    0.0000,    2.6276,    0.0000,    2.4704,     2.1582,     0.0002
     1.461,    0.0000,    0.0000,    0.0000,    0.0001,    2.6277,    0.0000,    2.6277,    0.0000,    2.4705,     2.1568,     0.0002
     1.462,    0.0000,    0.0000,    0.0000,    0.0000,    2.6278,    0.0000,    2.6278,    0.0000,    2.4706,     2.1552,     0.0002
     1.463,    0.0000,    0.0000,    0.0000,    0.0000,    2.6281,    0.0000,    2.6281,    0.0000,    2.4709,     2.1539,     0.0002
     1.464,    0.0000,    0.0000,    0.0000,    0.0000,    2.6284,    0.0000,    2.6284,    0.0000,    2.4712,     2.1525,     0.0002
     1.465,    0.0000,    0.0000,    0.0000,    0.0000,    2.6284,    0.0000,    2.6284,    0.0000,    2.4711,     2.1509,     0.0002
     1.466,    0.0000,    0.0000,    0.0000,    0.0000,    2.6284,    0.0000,    2.6284,    0.0000,    2.4711,     2.1493,     0.0002
     1.467,    0.0000,    0.0000,    0.0000,    0.0000,    2.6289,    0.0000,    2.6289,    0.0000,    2.4716,     2.1480,     0.0002
     1.468,    0.0000,    0.0000,    0.0000,    0.0000,    2.6296,    0.0000,    2.6296,    0.0000,    2.4722,     2.1470,     0.0002
     1.469,    0.0000,    0.0000,    0.0000,    0.0000,    2.6301,    0.0000,    2.6301,    0.0000,    2.4728,     2.1458,     0.0002
     1.470,    0.0000,    0.0000,    0.0000,    0.0000,    2.6303,    0.0000,    2.6303,    0.0000,    2.4730,     2.1443,     0.0002
     1.471,    0.0000,    0.0000,    0.0000,    0.0000,    2.6301,    0.0000,    2.6301,    0.0000,    2.4728,     2.1425,     0.0003
     1.472,    0.0000,    0.0000,    0.0000,    0.0000,    2.6301,    0.0000,    2.6301,    0.0000,    2.4727,     2.1408,     0.0003
     1.473,    0.0000,    0.0000,    0.0000,    0.0000,    2.6307,    0.0000,    2.6307,    0.0000,    2.4733,     2.1396,     0.0003
