romanisim/data/Roman_effarea_tables_20240327/Roman_effarea_v8_SCA12_20240301.ecsv
# %ECSV 1.0
# ---
# Effective area for Roman (m^2) - parameters as of 2024 03 01
# datatype:
# - {name: Wave, datatype: float32}
# - {name: F062, datatype: float32}
# - {name: F087, datatype: float32}
# - {name: F106, datatype: float32}
# - {name: F129, datatype: float32}
# - {name: F158, datatype: float32}
# - {name: F184, datatype: float32}
# - {name: F146, datatype: float32}
# - {name: F213, datatype: float32}
# - {name: Prism, datatype: float32}
# - {name: Grism_1stOrder, datatype: float32}
# - {name: Grism_0thOrder, datatype: float32}
# schema: astropy-2.0
Wave, F062, F087, F106, F129, F158, F184, F146, F213, Prism, Grism_1stOrder, Grism_0thOrder
[from data line 1195]
     1.595,    0.0000,    0.0000,    0.0000,    0.0000,    2.6767,    0.0000,    2.6767,    0.0000,    2.5166,     1.9290,     0.0030
     1.596,    0.0000,    0.0000,    0.0000,    0.0000,    2.6768,    0.0000,    2.6768,    0.0000,    2.5166,     1.9267,     0.0030
     1.597,    0.0000,    0.0000,    0.0000,    0.0000,    2.6769,    0.0000,    2.6769,    0.0000,    2.5168,     1.9246,     0.0030
     1.598,    0.0000,    0.0000,    0.0000,    0.0000,    2.6774,    0.0000,    2.6774,    0.0000,    2.5173,     1.9227,     0.0031
     1.599,    0.0000,    0.0000,    0.0000,    0.0000,    2.6784,    0.0000,    2.6784,    0.0000,    2.5182,     1.9212,     0.0031
     1.600,    0.0000,    0.0000,    0.0000,    0.0000,    2.6794,    0.0000,    2.6794,    0.0000,    2.5191,     1.9196,     0.0032
     1.601,    0.0000,    0.0000,    0.0000,    0.0000,    2.6798,    0.0000,    2.6798,    0.0000,    2.5195,     1.9176,     0.0032
     1.602,    0.0000,    0.0000,    0.0000,    0.0000,    2.6800,    0.0000,    2.6800,    0.0000,    2.5197,     1.9155,     0.0033
     1.603,    0.0000,    0.0000,    0.0000,    0.0000,    2.6804,    0.0000,    2.6804,    0.0000,    2.5201,     1.9135,     0.0033
     1.604,    0.0000,    0.0000,    0.0000,    0.0000,    2.6810,    0.0000,    2.6810,    0.0000,    2.5206,     1.9117,     0.0033
     1.605,    0.0000,    0.0000,    0.0000,    0.0000,    2.6816,    0.0000,    2.6816,    0.0000,    2.5212,     1.9099,     0.0034
     1.606,    0.0000,    0.0000,    0.0000,    0.0000,    2.6824,    0.0000,    2.6824,    0.0000,    2.5219,     1.9082,     0.0034
     1.607,    0.0000,    0.0000,    0.0000,    0.0000,    2.6833,    0.0000,    2.6833,    0.0000,    2.5228,     1.9065,     0.0035
     1.608,    0.0000,    0.0000,    0.0000,    0.0000,    2.6840,    0.0000,    2.6840,    0.0000,    2.5235,     1.9048,     0.0035
     1.609,    0.0000,    0.0000,    0.0000,    0.0000,    2.6845,    0.0000,    2.6845,    0.0000,    2.5239,     1.9028,     0.0036
     1.610,    0.0000,    0.0000,    0.0000,    0.0000,    2.6850,    0.0000,    2.6850,    0.0000,    2.5244,     1.9009,     0.0036
     1.611,    0.0000,    0.0000,    0.0000,    0.0000,    2.6860,    0.0000,    2.6860,    0.0000,    2.5253,     1.8993,     0.0037
     1.612,    0.0000,    0.0000,    0.0000,    0.0000,    2.6868,    0.0000,    2.6868,    0.0000,    2.5261,     1.8976,     0.0037
     1.613,    0.0000,    0.0000,    0.0000,    0.0000,    2.6872,    0.0000,    2.6872,    0.0000,    2.5264,     1.8956,     0.0038
     1.614,    0.0000,    0.0000,    0.0000,    0.0000,    2.6875,    0.0000,    2.6875,    0.0000,    2.5267,     1.8935,     0.0038
     1.615,    0.0000,    0.0000,    0.0000,    0.0000,    2.6884,    0.0000,    2.6884,    0.0000,    2.5275,     1.8918,     0.0039
     1.616,    0.0000,    0.0000,    0.0000,    0.0000,    2.6896,    0.0000,    2.6896,    0.0000,    2.5287,     1.8904,     0.0039
     1.617,    0.0000,    0.0000,    0.0000,    0.0000,    2.6907,    0.0000,    2.6907,    0.0000,    2.5297,     1.8889,     0.0040
     1.618,    0.0000,    0.0000,    0.0000,    0.0000,    2.6916,    0.0000,    2.6916,    0.0000,    2.5306,     1.8873,     0.0040
     1.619,    0.0000,    0.0000,    0.0000,    0.0000,    2.6924,    0.0000,    2.6924,    0.0000,    2.5313,     1.8855,     0.0041
     1.620,    0.0000,    0.0000,    0.0000,    0.0000,    2.6929,    0.0000,    2.6929,    0.0000,    2.5318,     1.8836,     0.0041
     1.621,    0.0000,    0.0000,    0.0000,    0.0000,    2.6935,    0.0000,    2.6935,    0.0000,    2.5324,     1.8817,     0.0042
     1.622,    0.0000,    0.0000,    0.0000,    0.0000,    2.6943,    0.0000,    2.6943,    0.0000,    2.5331,     1.8799,     0.0043
     1.623,    0.0000,    0.0000,    0.0000,    0.0000,    2.6951,    0.0000,    2.6951,    0.0000,    2.5339,     1.8782,     0.0043
     1.624,    0.0000,    0.0000,    0.0000,    0.0000,    2.6959,    0.0000,    2.6959,    0.0000,    2.5346,     1.8764,     0.0044
     1.625,    0.0000,    0.0000,    0.0000,    0.0000,    2.6963,    0.0000,    2.6963,    0.0000,    2.5350,     1.8744,     0.0044
     1.626,    0.0000,    0.0000,    0.0000,    0.0000,    2.6969,    0.0000,    2.6969,    0.0000,    2.5356,     1.8725,     0.0045
     1.627,    0.0000,    0.0000,    0.0000,    0.0000,    2.6981,    0.0000,    2.6981,    0.0000,    2.5367,     1.8710,     0.0045
     1.628,    0.0000,    0.0000,    0.0000,    0.0000,    2.6991,    0.0000,    2.6991,    0.0000,    2.5377,     1.8694,     0.0046
     1.629,    0.0000,    0.0000,    0.0000,    0.0000,    2.6995,    0.0000,    2.6995,    0.0000,    2.5380,     1.8674,     0.0046
     1.630,    0.0000,    0.0000,    0.0000,    0.0000,    2.6998,    0.0000,    2.6998,    0.0000,    2.5383,     1.8653,     0.0047
     1.631,    0.0000,    0.0000,    0.0000,    0.0000,    2.7007,    0.0000,    2.7007,    0.0000,    2.5391,     1.8635,     0.0048
     1.632,    0.0000,    0.0000,    0.0000,    0.0000,    2.7019,    0.0000,    2.7019,    0.0000,    2.5402,     1.8620,     0.0048
     1.633,    0.0000,    0.0000,    0.0000,    0.0000,    2.7030,    0.0000,    2.7030,    0.0000,    2.5413,     1.8605,     0.0049
     1.634,    0.0000,    0.0000,    0.0000,    0.0000,    2.7039,    0.0000,    2.7039,    0.0000,    2.5422,     1.8588,     0.0049
     1.635,    0.0000,    0.0000,    0.0000,    0.0000,    2.7047,    0.0000,    2.7047,    0.0000,    2.5429,     1.8570,     0.0050
     1.636,    0.0000,    0.0000,    0.0000,    0.0000,    2.7054,    0.0000,    2.7054,    0.0000,    2.5436,     1.8552,     0.0051
     1.637,    0.0000,    0.0000,    0.0000,    0.0000,    2.7063,    0.0000,    2.7063,    0.0000,    2.5444,     1.8535,     0.0051
     1.638,    0.0000,    0.0000,    0.0000,    0.0000,    2.7073,    0.0000,    2.7073,    0.0000,    2.5454,     1.8518,     0.0052
     1.639,    0.0000,    0.0000,    0.0000,    0.0000,    2.7083,    0.0000,    2.7083,    0.0000,    2.5463,     1.8501,     0.0053
     1.640,    0.0000,    0.0000,    0.0000,    0.0000,    2.7090,    0.0000,    2.7090,    0.0000,    2.5469,     1.8483,     0.0053
     1.641,    0.0000,    0.0000,    0.0000,    0.0000,    2.7094,    0.0000,    2.7094,    0.0000,    2.5473,     1.8462,     0.0054
     1.642,    0.0000,    0.0000,    0.0000,    0.0000,    2.7100,    0.0000,    2.7100,    0.0000,    2.5479,     1.8443,     0.0055
     1.643,    0.0000,    0.0000,    0.0000,    0.0000,    2.7113,    0.0000,    2.7113,    0.0000,    2.5491,     1.8428,     0.0055
     1.644,    0.0000,    0.0000,    0.0000,    0.0000,    2.7124,    0.0000,    2.7124,    0.0000,    2.5502,     1.8413,     0.0056
     1.645,    0.0000,    0.0000,    0.0000,    0.0000,    2.7129,    0.0000,    2.7129,    0.0000,    2.5506,     1.8393,     0.0057
     1.646,    0.0000,    0.0000,    0.0000,    0.0000,    2.7132,    0.0000,    2.7132,    0.0000,    2.5509,     1.8371,     0.0057
     1.647,    0.0000,    0.0000,    0.0000,    0.0000,    2.7137,    0.0000,    2.7137,    0.0000,    2.5513,     1.8351,     0.0058
     1.648,    0.0000,    0.0000,    0.0000,    0.0000,    2.7143,    0.0000,    2.7143,    0.0000,    2.5519,     1.8332,     0.0059
     1.649,    0.0000,    0.0000,    0.0000,    0.0000,    2.7148,    0.0000,    2.7148,    0.0000,    2.5524,     1.8312,     0.0059
     1.650,    0.0000,    0.0000,    0.0000,    0.0000,    2.7157,    0.0000,    2.7157,    0.0000,    2.5532,     1.8294,     0.0060
     1.651,    0.0000,    0.0000,    0.0000,    0.0000,    2.7171,    0.0000,    2.7171,    0.0000,    2.5545,     1.8281,     0.0061
     1.652,    0.0000,    0.0000,    0.0000,    0.0000,    2.7181,    0.0000,    2.7181,    0.0000,    2.5555,     1.8264,     0.0061
     1.653,    0.0000,    0.0000,    0.0000,    0.0000,    2.7179,    0.0000,    2.7179,    0.0000,    2.5553,     1.8239,     0.0062
     1.654,    0.0000,    0.0000,    0.0000,    0.0000,    2.7177,    0.0000,    2.7177,    0.0000,    2.5552,     1.8215,     0.0063
     1.655,    0.0000,    0.0000,    0.0000,    0.0000,    2.7188,    0.0000,    2.7188,    0.0000,    2.5561,     1.8198,     0.0063
     1.656,    0.0000,    0.0000,    0.0000,    0.0000,    2.7203,    0.0000,    2.7203,    0.0000,    2.5575,     1.8184,     0.0064
     1.657,    0.0000,    0.0000,    0.0000,    0.0000,    2.7211,    0.0000,    2.7211,    0.0000,    2.5584,     1.8167,     0.0065
     1.658,    0.0000,    0.0000,    0.0000,    0.0000,    2.7216,    0.0000,    2.7216,    0.0000,    2.5588,     1.8147,     0.0066
     1.659,    0.0000,    0.0000,    0.0000,    0.0000,    2.7222,    0.0000,    2.7222,    0.0000,    2.5593,     1.8127,     0.0066
     1.660,    0.0000,    0.0000,    0.0000,    0.0000,    2.7231,    0.0000,    2.7231,    0.0000,    2.5602,     1.8110,     0.0067
     1.661,    0.0000,    0.0000,    0.0000,    0.0000,    2.7245,    0.0000,    2.7245,    0.0000,    2.5615,     1.8095,     0.0068
     1.662,    0.0000,    0.0000,    0.0000,    0.0000,    2.7254,    0.0000,    2.7254,    0.0000,    2.5624,     1.8078,     0.0069
     1.663,    0.0000,    0.0000,    0.0000,    0.0000,    2.7251,    0.0000,    2.7251,    0.0000,    2.5621,     1.8052,     0.0069
     1.664,    0.0000,    0.0000,    0.0000,    0.0000,    2.7248,    0.0000,    2.7248,    0.0000,    2.5618,     1.8026,     0.0070
     1.665,    0.0000,    0.0000,    0.0000,    0.0000,    2.7257,    0.0001,    2.7257,    0.0000,    2.5627,     1.8009,     0.0071
     1.666,    0.0000,    0.0000,    0.0000,    0.0000,    2.7272,    0.0004,    2.7272,    0.0000,    2.5640,     1.7995,     0.0072
     1.667,    0.0000,    0.0000,    0.0000,    0.0000,    2.7282,    0.0010,    2.7282,    0.0000,    2.5650,     1.7979,     0.0073
     1.668,    0.0000,    0.0000,    0.0000,    0.0000,    2.7286,    0.0025,    2.7286,    0.0000,    2.5654,     1.7957,     0.0073
     1.669,    0.0000,    0.0000,    0.0000,    0.0000,    2.7284,    0.0059,    2.7284,    0.0000,    2.5652,     1.7932,     0.0074
     1.670,    0.0000,    0.0000,    0.0000,    0.0000,    2.7283,    0.0128,    2.7283,    0.0000,    2.5651,     1.7908,     0.0075
     1.671,    0.0000,    0.0000,    0.0000,    0.0000,    2.7291,    0.0262,    2.7291,    0.0000,    2.5658,     1.7890,     0.0076
     1.672,    0.0000,    0.0000,    0.0000,    0.0000,    2.7299,    0.0505,    2.7299,    0.0000,    2.5666,     1.7871,     0.0076
     1.673,    0.0000,    0.0000,    0.0000,    0.0000,    2.7301,    0.0918,    2.7301,    0.0000,    2.5667,     1.7849,     0.0077
     1.674,    0.0000,    0.0000,    0.0000,    0.0000,    2.7303,    0.1572,    2.7303,    0.0000,    2.5669,     1.7827,     0.0078
     1.675,    0.0000,    0.0000,    0.0000,    0.0000,    2.7312,    0.2543,    2.7312,    0.0000,    2.5678,     1.7809,     0.0079
     1.676,    0.0000,    0.0000,    0.0000,    0.0000,    2.7322,    0.3892,    2.7322,    0.0000,    2.5688,     1.7792,     0.0080
     1.677,    0.0000,    0.0000,    0.0000,    0.0000,    2.7328,    0.5643,    2.7328,    0.0000,    2.5693,     1.7772,     0.0081
     1.678,    0.0000,    0.0000,    0.0000,    0.0000,    2.7333,    0.7770,    2.7333,    0.0000,    2.5698,     1.7752,     0.0081
     1.679,    0.0000,    0.0000,    0.0000,    0.0000,    2.7342,    1.0189,    2.7342,    0.0000,    2.5707,     1.7734,     0.0082
     1.680,    0.0000,    0.0000,    0.0000,    0.0000,    2.7352,    1.2761,    2.7352,    0.0000,    2.5716,     1.7717,     0.0083
     1.681,    0.0000,    0.0000,    0.0000,    0.0000,    2.7359,    1.5317,    2.7359,    0.0000,    2.5722,     1.7698,     0.0084
     1.682,    0.0000,    0.0000,    0.0000,    0.0000,    2.7364,    1.7695,    2.7364,    0.0000,    2.5727,     1.7678,     0.0085
     1.683,    0.0000,    0.0000,    0.0000,    0.0000,    2.7371,    1.9766,    2.7371,    0.0000,    2.5733,     1.7658,     0.0086
     1.684,    0.0000,    0.0000,    0.0000,    0.0000,    2.7377,    2.1451,    2.7377,    0.0000,    2.5739,     1.7639,     0.0087
     1.685,    0.0000,    0.0000,    0.0000,    0.0000,    2.7380,    2.2733,    2.7380,    0.0000,    2.5742,     1.7617,     0.0088
     1.686,    0.0000,    0.0000,    0.0000,    0.0000,    2.7383,    2.3647,    2.7383,    0.0000,    2.5745,     1.7596,     0.0089
     1.687,    0.0000,    0.0000,    0.0000,    0.0000,    2.7389,    2.4259,    2.7389,    0.0000,    2.5751,     1.7576,     0.0089
     1.688,    0.0000,    0.0000,    0.0000,    0.0000,    2.7396,    2.4643,    2.7396,    0.0000,    2.5757,     1.7556,     0.0090
     1.689,    0.0000,    0.0000,    0.0000,    0.0000,    2.7402,    2.4869,    2.7402,    0.0000,    2.5763,     1.7537,     0.0091
     1.690,    0.0000,    0.0000,    0.0000,    0.0000,    2.7407,    2.4994,    2.7407,    0.0000,    2.5767,     1.7516,     0.0092
     1.691,    0.0000,    0.0000,    0.0000,    0.0000,    2.7411,    2.5059,    2.7411,    0.0000,    2.5771,     1.7495,     0.0093
     1.692,    0.0000,    0.0000,    0.0000,    0.0000,    2.7418,    2.5094,    2.7418,    0.0000,    2.5778,     1.7476,     0.0094
     1.693,    0.0000,    0.0000,    0.0000,    0.0000,    2.7430,    2.5118,    2.7430,    0.0000,    2.5789,     1.7460,     0.0095
     1.694,    0.0000,    0.0000,    0.0000,    0.0000,    2.7439,    2.5132,    2.7439,    0.0000,    2.5798,     1.7442,     0.0096
     1.695,    0.0000,    0.0000,    0.0000,    0.0000,    2.7441,    2.5135,    2.7441,    0.0000,    2.5799,     1.7419,     0.0097
     1.696,    0.0000,    0.0000,    0.0000,    0.0000,    2.7444,    2.5139,    2.7444,    0.0000,    2.5802,     1.7398,     0.0098
     1.697,    0.0000,    0.0000,    0.0000,    0.0000,    2.7458,    2.5152,    2.7458,    0.0000,    2.5815,     1.7383,     0.0099
     1.698,    0.0000,    0.0000,    0.0000,    0.0000,    2.7469,    2.5163,    2.7469,    0.0000,    2.5826,     1.7367,     0.0100
     1.699,    0.0000,    0.0000,    0.0000,    0.0000,    2.7468,    2.5162,    2.7468,    0.0000,    2.5825,     1.7342,     0.0101
     1.700,    0.0000,    0.0000,    0.0000,    0.0000,    2.7466,    2.5160,    2.7466,    0.0000,    2.5823,     1.7317,     0.0102
     1.701,    0.0000,    0.0000,    0.0000,    0.0000,    2.7478,    2.5171,    2.7478,    0.0000,    2.5834,     1.7301,     0.0103
     1.702,    0.0000,    0.0000,    0.0000,    0.0000,    2.7495,    2.5186,    2.7495,    0.0000,    2.5850,     1.7288,     0.0104
     1.703,    0.0000,    0.0000,    0.0000,    0.0000,    2.7507,    2.5197,    2.7507,    0.0000,    2.5861,     1.7272,     0.0105
     1.704,    0.0000,    0.0000,    0.0000,    0.0000,    2.7511,    2.5201,    2.7511,    0.0000,    2.5866,     1.7251,     0.0106
     1.705,    0.0000,    0.0000,    0.0000,    0.0000,    2.7511,    2.5201,    2.7511,    0.0000,    2.5865,     1.7227,     0.0107
     1.706,    0.0000,    0.0000,    0.0000,    0.0000,    2.7513,    2.5203,    2.7513,    0.0000,    2.5867,     1.7205,     0.0108
     1.707,    0.0000,    0.0000,    0.0000,    0.0000,    2.7522,    2.5211,    2.7522,    0.0000,    2.5875,     1.7187,     0.0109
     1.708,    0.0000,    0.0000,    0.0000,    0.0000,    2.7532,    2.5221,    2.7532,    0.0000,    2.5885,     1.7170,     0.0110
     1.709,    0.0000,    0.0000,    0.0000,    0.0000,    2.7538,    2.5226,    2.7538,    0.0000,    2.5891,     1.7150,     0.0111
     1.710,    0.0000,    0.0000,    0.0000,    0.0000,    2.7542,    2.5230,    2.7542,    0.0000,    2.5895,     1.7129,     0.0112
     1.711,    0.0000,    0.0000,    0.0000,    0.0000,    2.7547,    2.5234,    2.7547,    0.0000,    2.5899,     1.7108,     0.0113
     1.712,    0.0000,    0.0000,    0.0000,    0.0000,    2.7554,    2.5240,    2.7554,    0.0000,    2.5905,     1.7089,     0.0114
