romanisim/data/Roman_effarea_tables_20240327/Roman_effarea_v8_SCA01_20240301.ecsv
# %ECSV 1.0
# ---
# Effective area for Roman (m^2) - parameters as of 2024 03 01
# datatype:
# - {name: Wave, datatype: float32}
# - {name: F062, datatype: float32}
# - {name: F087, datatype: float32}
# - {name: F106, datatype: float32}
# - {name: F129, datatype: float32}
# - {name: F158, datatype: float32}
# - {name: F184, datatype: float32}
# - {name: F146, datatype: float32}
# - {name: F213, datatype: float32}
# - {name: Prism, datatype: float32}
# - {name: Grism_1stOrder, datatype: float32}
# - {name: Grism_0thOrder, datatype: float32}
# schema: astropy-2.0
Wave, F062, F087, F106, F129, F158, F184, F146, F213, Prism, Grism_1stOrder, Grism_0thOrder
[from data line 1195]
     1.595,    0.0000,    0.0000,    0.0000,    0.0000,    2.4334,    0.0000,    2.4334,    0.0000,    2.3764,     1.7156,     0.0026
     1.596,    0.0000,    0.0000,    0.0000,    0.0000,    2.4333,    0.0000,    2.4333,    0.0000,    2.3763,     1.7136,     0.0027
     1.597,    0.0000,    0.0000,    0.0000,    0.0000,    2.4334,    0.0000,    2.4334,    0.0000,    2.3764,     1.7116,     0.0027
     1.598,    0.0000,    0.0000,    0.0000,    0.0000,    2.4338,    0.0000,    2.4338,    0.0000,    2.3767,     1.7099,     0.0027
     1.599,    0.0000,    0.0000,    0.0000,    0.0000,    2.4346,    0.0000,    2.4346,    0.0000,    2.3775,     1.7085,     0.0028
     1.600,    0.0000,    0.0000,    0.0000,    0.0000,    2.4354,    0.0000,    2.4354,    0.0000,    2.3783,     1.7070,     0.0028
     1.601,    0.0000,    0.0000,    0.0000,    0.0000,    2.4357,    0.0000,    2.4357,    0.0000,    2.3786,     1.7052,     0.0029
     1.602,    0.0000,    0.0000,    0.0000,    0.0000,    2.4358,    0.0000,    2.4358,    0.0000,    2.3787,     1.7033,     0.0029
     1.603,    0.0000,    0.0000,    0.0000,    0.0000,    2.4361,    0.0000,    2.4361,    0.0000,    2.3790,     1.7015,     0.0029
     1.604,    0.0000,    0.0000,    0.0000,    0.0000,    2.4365,    0.0000,    2.4365,    0.0000,    2.3794,     1.6998,     0.0030
     1.605,    0.0000,    0.0000,    0.0000,    0.0000,    2.4371,    0.0000,    2.4371,    0.0000,    2.3800,     1.6981,     0.0030
     1.606,    0.0000,    0.0000,    0.0000,    0.0000,    2.4377,    0.0000,    2.4377,    0.0000,    2.3806,     1.6965,     0.0031
     1.607,    0.0000,    0.0000,    0.0000,    0.0000,    2.4384,    0.0000,    2.4384,    0.0000,    2.3813,     1.6950,     0.0031
     1.608,    0.0000,    0.0000,    0.0000,    0.0000,    2.4390,    0.0000,    2.4390,    0.0000,    2.3819,     1.6934,     0.0031
     1.609,    0.0000,    0.0000,    0.0000,    0.0000,    2.4394,    0.0000,    2.4394,    0.0000,    2.3822,     1.6916,     0.0032
     1.610,    0.0000,    0.0000,    0.0000,    0.0000,    2.4398,    0.0000,    2.4398,    0.0000,    2.3826,     1.6899,     0.0032
     1.611,    0.0000,    0.0000,    0.0000,    0.0000,    2.4406,    0.0000,    2.4406,    0.0000,    2.3834,     1.6884,     0.0033
     1.612,    0.0000,    0.0000,    0.0000,    0.0000,    2.4413,    0.0000,    2.4413,    0.0000,    2.3841,     1.6869,     0.0033
     1.613,    0.0000,    0.0000,    0.0000,    0.0000,    2.4416,    0.0000,    2.4416,    0.0000,    2.3843,     1.6850,     0.0034
     1.614,    0.0000,    0.0000,    0.0000,    0.0000,    2.4418,    0.0000,    2.4418,    0.0000,    2.3845,     1.6831,     0.0034
     1.615,    0.0000,    0.0000,    0.0000,    0.0000,    2.4425,    0.0000,    2.4425,    0.0000,    2.3852,     1.6816,     0.0035
     1.616,    0.0000,    0.0000,    0.0000,    0.0000,    2.4435,    0.0000,    2.4435,    0.0000,    2.3862,     1.6802,     0.0035
     1.617,    0.0000,    0.0000,    0.0000,    0.0000,    2.4445,    0.0000,    2.4445,    0.0000,    2.3872,     1.6789,     0.0035
     1.618,    0.0000,    0.0000,    0.0000,    0.0000,    2.4452,    0.0000,    2.4452,    0.0000,    2.3879,     1.6774,     0.0036
     1.619,    0.0000,    0.0000,    0.0000,    0.0000,    2.4458,    0.0000,    2.4458,    0.0000,    2.3885,     1.6757,     0.0036
     1.620,    0.0000,    0.0000,    0.0000,    0.0000,    2.4463,    0.0000,    2.4463,    0.0000,    2.3889,     1.6740,     0.0037
     1.621,    0.0000,    0.0000,    0.0000,    0.0000,    2.4467,    0.0000,    2.4467,    0.0000,    2.3894,     1.6723,     0.0037
     1.622,    0.0000,    0.0000,    0.0000,    0.0000,    2.4473,    0.0000,    2.4473,    0.0000,    2.3900,     1.6706,     0.0038
     1.623,    0.0000,    0.0000,    0.0000,    0.0000,    2.4480,    0.0000,    2.4480,    0.0000,    2.3907,     1.6690,     0.0038
     1.624,    0.0000,    0.0000,    0.0000,    0.0000,    2.4486,    0.0000,    2.4486,    0.0000,    2.3912,     1.6674,     0.0039
     1.625,    0.0000,    0.0000,    0.0000,    0.0000,    2.4490,    0.0000,    2.4490,    0.0000,    2.3916,     1.6656,     0.0039
     1.626,    0.0000,    0.0000,    0.0000,    0.0000,    2.4494,    0.0000,    2.4494,    0.0000,    2.3920,     1.6639,     0.0040
     1.627,    0.0000,    0.0000,    0.0000,    0.0000,    2.4504,    0.0000,    2.4504,    0.0000,    2.3930,     1.6624,     0.0040
     1.628,    0.0000,    0.0000,    0.0000,    0.0000,    2.4513,    0.0000,    2.4513,    0.0000,    2.3938,     1.6610,     0.0041
     1.629,    0.0000,    0.0000,    0.0000,    0.0000,    2.4515,    0.0000,    2.4515,    0.0000,    2.3941,     1.6591,     0.0041
     1.630,    0.0000,    0.0000,    0.0000,    0.0000,    2.4517,    0.0000,    2.4517,    0.0000,    2.3943,     1.6572,     0.0042
     1.631,    0.0000,    0.0000,    0.0000,    0.0000,    2.4524,    0.0000,    2.4524,    0.0000,    2.3949,     1.6556,     0.0042
     1.632,    0.0000,    0.0000,    0.0000,    0.0000,    2.4534,    0.0000,    2.4534,    0.0000,    2.3959,     1.6542,     0.0043
     1.633,    0.0000,    0.0000,    0.0000,    0.0000,    2.4543,    0.0000,    2.4543,    0.0000,    2.3968,     1.6527,     0.0043
     1.634,    0.0000,    0.0000,    0.0000,    0.0000,    2.4551,    0.0000,    2.4551,    0.0000,    2.3976,     1.6512,     0.0044
     1.635,    0.0000,    0.0000,    0.0000,    0.0000,    2.4557,    0.0000,    2.4557,    0.0000,    2.3981,     1.6495,     0.0044
     1.636,    0.0000,    0.0000,    0.0000,    0.0000,    2.4563,    0.0000,    2.4563,    0.0000,    2.3987,     1.6479,     0.0045
     1.637,    0.0000,    0.0000,    0.0000,    0.0000,    2.4570,    0.0000,    2.4570,    0.0000,    2.3994,     1.6463,     0.0046
     1.638,    0.0000,    0.0000,    0.0000,    0.0000,    2.4578,    0.0000,    2.4578,    0.0000,    2.4002,     1.6447,     0.0046
     1.639,    0.0000,    0.0000,    0.0000,    0.0000,    2.4585,    0.0000,    2.4585,    0.0000,    2.4009,     1.6432,     0.0047
     1.640,    0.0000,    0.0000,    0.0000,    0.0000,    2.4591,    0.0000,    2.4591,    0.0000,    2.4014,     1.6414,     0.0047
     1.641,    0.0000,    0.0000,    0.0000,    0.0000,    2.4593,    0.0000,    2.4593,    0.0000,    2.4017,     1.6395,     0.0048
     1.642,    0.0000,    0.0000,    0.0000,    0.0000,    2.4598,    0.0000,    2.4598,    0.0000,    2.4021,     1.6378,     0.0048
     1.643,    0.0000,    0.0000,    0.0000,    0.0000,    2.4608,    0.0000,    2.4608,    0.0000,    2.4031,     1.6364,     0.0049
     1.644,    0.0000,    0.0000,    0.0000,    0.0000,    2.4617,    0.0000,    2.4617,    0.0000,    2.4040,     1.6349,     0.0050
     1.645,    0.0000,    0.0000,    0.0000,    0.0000,    2.4621,    0.0000,    2.4621,    0.0000,    2.4044,     1.6331,     0.0050
     1.646,    0.0000,    0.0000,    0.0000,    0.0000,    2.4622,    0.0000,    2.4622,    0.0000,    2.4045,     1.6311,     0.0051
     1.647,    0.0000,    0.0000,    0.0000,    0.0000,    2.4625,    0.0000,    2.4625,    0.0000,    2.4048,     1.6292,     0.0051
     1.648,    0.0000,    0.0000,    0.0000,    0.0000,    2.4629,    0.0000,    2.4629,    0.0000,    2.4052,     1.6274,     0.0052
     1.649,    0.0000,    0.0000,    0.0000,    0.0000,    2.4633,    0.0000,    2.4633,    0.0000,    2.4055,     1.6255,     0.0053
     1.650,    0.0000,    0.0000,    0.0000,    0.0000,    2.4639,    0.0000,    2.4639,    0.0000,    2.4061,     1.6239,     0.0053
     1.651,    0.0000,    0.0000,    0.0000,    0.0000,    2.4650,    0.0000,    2.4650,    0.0000,    2.4073,     1.6226,     0.0054
     1.652,    0.0000,    0.0000,    0.0000,    0.0000,    2.4658,    0.0000,    2.4658,    0.0000,    2.4080,     1.6210,     0.0054
     1.653,    0.0000,    0.0000,    0.0000,    0.0000,    2.4655,    0.0000,    2.4655,    0.0000,    2.4077,     1.6187,     0.0055
     1.654,    0.0000,    0.0000,    0.0000,    0.0000,    2.4652,    0.0000,    2.4652,    0.0000,    2.4074,     1.6164,     0.0056
     1.655,    0.0000,    0.0000,    0.0000,    0.0000,    2.4660,    0.0000,    2.4660,    0.0000,    2.4082,     1.6148,     0.0056
     1.656,    0.0000,    0.0000,    0.0000,    0.0000,    2.4671,    0.0000,    2.4671,    0.0000,    2.4093,     1.6135,     0.0057
     1.657,    0.0000,    0.0000,    0.0000,    0.0000,    2.4678,    0.0000,    2.4678,    0.0000,    2.4099,     1.6119,     0.0058
     1.658,    0.0000,    0.0000,    0.0000,    0.0000,    2.4681,    0.0000,    2.4681,    0.0000,    2.4102,     1.6100,     0.0058
     1.659,    0.0000,    0.0000,    0.0000,    0.0000,    2.4684,    0.0000,    2.4684,    0.0000,    2.4105,     1.6081,     0.0059
     1.660,    0.0000,    0.0000,    0.0000,    0.0000,    2.4691,    0.0000,    2.4691,    0.0000,    2.4112,     1.6064,     0.0060
     1.661,    0.0000,    0.0000,    0.0000,    0.0000,    2.4702,    0.0000,    2.4702,    0.0000,    2.4123,     1.6051,     0.0060
     1.662,    0.0000,    0.0000,    0.0000,    0.0000,    2.4708,    0.0000,    2.4708,    0.0000,    2.4129,     1.6034,     0.0061
     1.663,    0.0000,    0.0000,    0.0000,    0.0000,    2.4704,    0.0000,    2.4704,    0.0000,    2.4125,     1.6010,     0.0062
     1.664,    0.0000,    0.0000,    0.0000,    0.0000,    2.4699,    0.0000,    2.4699,    0.0000,    2.4121,     1.5987,     0.0062
     1.665,    0.0000,    0.0000,    0.0000,    0.0000,    2.4706,    0.0000,    2.4706,    0.0000,    2.4127,     1.5970,     0.0063
     1.666,    0.0000,    0.0000,    0.0000,    0.0000,    2.4718,    0.0000,    2.4718,    0.0000,    2.4139,     1.5957,     0.0064
     1.667,    0.0000,    0.0000,    0.0000,    0.0000,    2.4726,    0.0000,    2.4726,    0.0000,    2.4146,     1.5941,     0.0064
     1.668,    0.0000,    0.0000,    0.0000,    0.0000,    2.4727,    0.0000,    2.4727,    0.0000,    2.4148,     1.5921,     0.0065
     1.669,    0.0000,    0.0000,    0.0000,    0.0000,    2.4724,    0.0001,    2.4724,    0.0000,    2.4144,     1.5898,     0.0066
     1.670,    0.0000,    0.0000,    0.0000,    0.0000,    2.4722,    0.0002,    2.4722,    0.0000,    2.4143,     1.5876,     0.0066
     1.671,    0.0000,    0.0000,    0.0000,    0.0000,    2.4727,    0.0006,    2.4727,    0.0000,    2.4147,     1.5858,     0.0067
     1.672,    0.0000,    0.0000,    0.0000,    0.0000,    2.4733,    0.0017,    2.4733,    0.0000,    2.4153,     1.5841,     0.0068
     1.673,    0.0000,    0.0000,    0.0000,    0.0000,    2.4733,    0.0041,    2.4733,    0.0000,    2.4153,     1.5820,     0.0069
     1.674,    0.0000,    0.0000,    0.0000,    0.0000,    2.4733,    0.0096,    2.4733,    0.0000,    2.4154,     1.5799,     0.0069
     1.675,    0.0000,    0.0000,    0.0000,    0.0000,    2.4740,    0.0206,    2.4740,    0.0000,    2.4160,     1.5783,     0.0070
     1.676,    0.0000,    0.0000,    0.0000,    0.0000,    2.4748,    0.0416,    2.4748,    0.0000,    2.4168,     1.5767,     0.0071
     1.677,    0.0000,    0.0000,    0.0000,    0.0000,    2.4752,    0.0784,    2.4752,    0.0000,    2.4172,     1.5748,     0.0071
     1.678,    0.0000,    0.0000,    0.0000,    0.0000,    2.4755,    0.1387,    2.4755,    0.0000,    2.4175,     1.5730,     0.0072
     1.679,    0.0000,    0.0000,    0.0000,    0.0000,    2.4763,    0.2301,    2.4763,    0.0000,    2.4182,     1.5713,     0.0073
     1.680,    0.0000,    0.0000,    0.0000,    0.0000,    2.4770,    0.3589,    2.4770,    0.0000,    2.4190,     1.5697,     0.0074
     1.681,    0.0000,    0.0000,    0.0000,    0.0000,    2.4775,    0.5274,    2.4775,    0.0000,    2.4195,     1.5680,     0.0075
     1.682,    0.0000,    0.0000,    0.0000,    0.0000,    2.4779,    0.7322,    2.4779,    0.0000,    2.4199,     1.5661,     0.0075
     1.683,    0.0000,    0.0000,    0.0000,    0.0000,    2.4784,    0.9634,    2.4784,    0.0000,    2.4203,     1.5643,     0.0076
     1.684,    0.0000,    0.0000,    0.0000,    0.0000,    2.4788,    1.2056,    2.4788,    0.0000,    2.4208,     1.5625,     0.0077
     1.685,    0.0000,    0.0000,    0.0000,    0.0000,    2.4791,    1.4413,    2.4791,    0.0000,    2.4210,     1.5606,     0.0078
     1.686,    0.0000,    0.0000,    0.0000,    0.0000,    2.4793,    1.6543,    2.4793,    0.0000,    2.4212,     1.5586,     0.0078
     1.687,    0.0000,    0.0000,    0.0000,    0.0000,    2.4797,    1.8332,    2.4797,    0.0000,    2.4216,     1.5568,     0.0079
     1.688,    0.0000,    0.0000,    0.0000,    0.0000,    2.4803,    1.9728,    2.4803,    0.0000,    2.4222,     1.5550,     0.0080
     1.689,    0.0000,    0.0000,    0.0000,    0.0000,    2.4808,    2.0740,    2.4808,    0.0000,    2.4227,     1.5533,     0.0081
     1.690,    0.0000,    0.0000,    0.0000,    0.0000,    2.4812,    2.1421,    2.4812,    0.0000,    2.4230,     1.5514,     0.0082
     1.691,    0.0000,    0.0000,    0.0000,    0.0000,    2.4815,    2.1847,    2.4815,    0.0000,    2.4234,     1.5495,     0.0082
     1.692,    0.0000,    0.0000,    0.0000,    0.0000,    2.4821,    2.2097,    2.4821,    0.0000,    2.4240,     1.5478,     0.0083
     1.693,    0.0000,    0.0000,    0.0000,    0.0000,    2.4832,    2.2238,    2.4832,    0.0000,    2.4250,     1.5464,     0.0084
     1.694,    0.0000,    0.0000,    0.0000,    0.0000,    2.4840,    2.2312,    2.4840,    0.0000,    2.4258,     1.5448,     0.0085
     1.695,    0.0000,    0.0000,    0.0000,    0.0000,    2.4842,    2.2344,    2.4842,    0.0000,    2.4259,     1.5428,     0.0086
     1.696,    0.0000,    0.0000,    0.0000,    0.0000,    2.4845,    2.2359,    2.4845,    0.0000,    2.4262,     1.5409,     0.0087
     1.697,    0.0000,    0.0000,    0.0000,    0.0000,    2.4857,    2.2376,    2.4857,    0.0000,    2.4275,     1.5396,     0.0088
     1.698,    0.0000,    0.0000,    0.0000,    0.0000,    2.4868,    2.2388,    2.4868,    0.0000,    2.4286,     1.5382,     0.0088
     1.699,    0.0000,    0.0000,    0.0000,    0.0000,    2.4867,    2.2388,    2.4867,    0.0000,    2.4285,     1.5360,     0.0089
     1.700,    0.0000,    0.0000,    0.0000,    0.0000,    2.4866,    2.2387,    2.4866,    0.0000,    2.4284,     1.5339,     0.0090
     1.701,    0.0000,    0.0000,    0.0000,    0.0000,    2.4878,    2.2397,    2.4878,    0.0000,    2.4295,     1.5325,     0.0091
     1.702,    0.0000,    0.0000,    0.0000,    0.0000,    2.4894,    2.2412,    2.4894,    0.0000,    2.4311,     1.5314,     0.0092
     1.703,    0.0000,    0.0000,    0.0000,    0.0000,    2.4906,    2.2423,    2.4906,    0.0000,    2.4322,     1.5300,     0.0093
     1.704,    0.0000,    0.0000,    0.0000,    0.0000,    2.4911,    2.2427,    2.4911,    0.0000,    2.4327,     1.5282,     0.0094
     1.705,    0.0000,    0.0000,    0.0000,    0.0000,    2.4912,    2.2428,    2.4912,    0.0000,    2.4328,     1.5262,     0.0095
     1.706,    0.0000,    0.0000,    0.0000,    0.0000,    2.4914,    2.2431,    2.4914,    0.0000,    2.4331,     1.5243,     0.0096
     1.707,    0.0000,    0.0000,    0.0000,    0.0000,    2.4924,    2.2439,    2.4924,    0.0000,    2.4340,     1.5227,     0.0097
     1.708,    0.0000,    0.0000,    0.0000,    0.0000,    2.4935,    2.2449,    2.4935,    0.0000,    2.4351,     1.5213,     0.0097
     1.709,    0.0000,    0.0000,    0.0000,    0.0000,    2.4942,    2.2455,    2.4942,    0.0000,    2.4358,     1.5197,     0.0098
     1.710,    0.0000,    0.0000,    0.0000,    0.0000,    2.4947,    2.2460,    2.4947,    0.0000,    2.4362,     1.5179,     0.0099
     1.711,    0.0000,    0.0000,    0.0000,    0.0000,    2.4953,    2.2465,    2.4953,    0.0000,    2.4368,     1.5162,     0.0100
     1.712,    0.0000,    0.0000,    0.0000,    0.0000,    2.4961,    2.2472,    2.4961,    0.0000,    2.4376,     1.5145,     0.0101
