romanisim/data/Roman_effarea_tables_20240327/Roman_effarea_v8_SCA01_20240301.ecsv
# %ECSV 1.0
# ---
# Effective area for Roman (m^2) - parameters as of 2024 03 01
# datatype:
# - {name: Wave, datatype: float32}
# - {name: F062, datatype: float32}
# - {name: F087, datatype: float32}
# - {name: F106, datatype: float32}
# - {name: F129, datatype: float32}
# - {name: F158, datatype: float32}
# - {name: F184, datatype: float32}
# - {name: F146, datatype: float32}
# - {name: F213, datatype: float32}
# - {name: Prism, datatype: float32}
# - {name: Grism_1stOrder, datatype: float32}
# - {name: Grism_0thOrder, datatype: float32}
# schema: astropy-2.0
Wave, F062, F087, F106, F129, F158, F184, F146, F213, Prism, Grism_1stOrder, Grism_0thOrder
[from data line 956]
     1.356,    0.0000,    0.0000,    0.0000,    2.4166,    0.0000,    0.0000,    2.4166,    0.0000,    2.3600,     2.0400,     0.0000
     1.357,    0.0000,    0.0000,    0.0000,    2.4161,    0.0000,    0.0000,    2.4161,    0.0000,    2.3594,     2.0391,     0.0000
     1.358,    0.0000,    0.0000,    0.0000,    2.4156,    0.0000,    0.0000,    2.4156,    0.0000,    2.3590,     2.0384,     0.0000
     1.359,    0.0000,    0.0000,    0.0000,    2.4158,    0.0000,    0.0000,    2.4158,    0.0000,    2.3592,     2.0382,     0.0000
     1.360,    0.0000,    0.0000,    0.0000,    2.4160,    0.0000,    0.0000,    2.4160,    0.0000,    2.3594,     2.0380,     0.0000
     1.361,    0.0000,    0.0000,    0.0000,    2.4156,    0.0000,    0.0000,    2.4156,    0.0000,    2.3590,     2.0372,     0.0000
     1.362,    0.0000,    0.0000,    0.0000,    2.4149,    0.0000,    0.0000,    2.4149,    0.0000,    2.3583,     2.0361,     0.0000
     1.363,    0.0000,    0.0000,    0.0000,    2.4142,    0.0000,    0.0000,    2.4142,    0.0000,    2.3577,     2.0352,     0.0000
     1.364,    0.0000,    0.0000,    0.0000,    2.4138,    0.0000,    0.0000,    2.4138,    0.0000,    2.3572,     2.0343,     0.0000
     1.365,    0.0000,    0.0000,    0.0000,    2.4134,    0.0000,    0.0000,    2.4134,    0.0000,    2.3568,     2.0335,     0.0000
     1.366,    0.0000,    0.0000,    0.0000,    2.4132,    0.0000,    0.0000,    2.4132,    0.0000,    2.3567,     2.0329,     0.0000
     1.367,    0.0000,    0.0000,    0.0000,    2.4135,    0.0000,    0.0000,    2.4135,    0.0000,    2.3569,     2.0326,     0.0000
     1.368,    0.0000,    0.0000,    0.0000,    2.4137,    0.0000,    0.0000,    2.4137,    0.0000,    2.3571,     2.0323,     0.0000
     1.369,    0.0000,    0.0000,    0.0000,    2.4135,    0.0000,    0.0000,    2.4135,    0.0000,    2.3569,     2.0316,     0.0000
     1.370,    0.0000,    0.0000,    0.0000,    2.4131,    0.0000,    0.0000,    2.4131,    0.0000,    2.3565,     2.0307,     0.0000
     1.371,    0.0000,    0.0000,    0.0000,    2.4125,    0.0000,    0.0000,    2.4125,    0.0000,    2.3560,     2.0298,     0.0000
     1.372,    0.0000,    0.0000,    0.0000,    2.4121,    0.0000,    0.0000,    2.4121,    0.0000,    2.3555,     2.0288,     0.0000
     1.373,    0.0000,    0.0000,    0.0000,    2.4117,    0.0000,    0.0000,    2.4117,    0.0000,    2.3552,     2.0280,     0.0000
     1.374,    0.0000,    0.0000,    0.0000,    2.4115,    0.0001,    0.0000,    2.4115,    0.0000,    2.3550,     2.0272,     0.0000
     1.375,    0.0000,    0.0000,    0.0000,    2.4114,    0.0002,    0.0000,    2.4114,    0.0000,    2.3549,     2.0265,     0.0000
     1.376,    0.0000,    0.0000,    0.0000,    2.4113,    0.0008,    0.0000,    2.4113,    0.0000,    2.3548,     2.0259,     0.0000
     1.377,    0.0000,    0.0000,    0.0000,    2.4112,    0.0025,    0.0000,    2.4112,    0.0000,    2.3547,     2.0251,     0.0000
     1.378,    0.0000,    0.0000,    0.0000,    2.4108,    0.0072,    0.0000,    2.4108,    0.0000,    2.3543,     2.0241,     0.0000
     1.379,    0.0000,    0.0000,    0.0000,    2.4101,    0.0186,    0.0000,    2.4101,    0.0000,    2.3536,     2.0229,     0.0000
     1.380,    0.0000,    0.0000,    0.0000,    2.4094,    0.0434,    0.0000,    2.4094,    0.0000,    2.3530,     2.0217,     0.0000
     1.381,    0.0000,    0.0000,    0.0000,    2.4090,    0.0922,    0.0000,    2.4090,    0.0000,    2.3526,     2.0207,     0.0000
     1.382,    0.0000,    0.0000,    0.0000,    2.4087,    0.1786,    0.0000,    2.4087,    0.0000,    2.3523,     2.0198,     0.0000
     1.383,    0.0000,    0.0000,    0.0000,    2.4082,    0.3163,    0.0000,    2.4082,    0.0000,    2.3518,     2.0186,     0.0000
     1.384,    0.0000,    0.0000,    0.0000,    2.4074,    0.5139,    0.0000,    2.4074,    0.0000,    2.3509,     2.0172,     0.0000
     1.385,    0.0000,    0.0000,    0.0000,    2.4063,    0.7690,    0.0000,    2.4063,    0.0000,    2.3499,     2.0156,     0.0000
     1.386,    0.0000,    0.0000,    0.0000,    2.4054,    1.0657,    0.0000,    2.4054,    0.0000,    2.3490,     2.0142,     0.0000
     1.387,    0.0000,    0.0000,    0.0000,    2.4052,    1.3766,    0.0000,    2.4052,    0.0000,    2.3488,     2.0132,     0.0000
     1.388,    0.0000,    0.0000,    0.0000,    2.4050,    1.6697,    0.0000,    2.4050,    0.0000,    2.3487,     2.0124,     0.0000
     1.389,    0.0000,    0.0000,    0.0000,    2.4045,    1.9182,    0.0000,    2.4045,    0.0000,    2.3482,     2.0112,     0.0000
     1.390,    0.0000,    0.0000,    0.0000,    2.4043,    2.1081,    0.0000,    2.4043,    0.0000,    2.3479,     2.0102,     0.0000
     1.391,    0.0000,    0.0000,    0.0000,    2.4049,    2.2395,    0.0000,    2.4049,    0.0000,    2.3485,     2.0100,     0.0000
     1.392,    0.0000,    0.0000,    0.0000,    2.4054,    2.3209,    0.0000,    2.4054,    0.0000,    2.3490,     2.0096,     0.0000
     1.393,    0.0000,    0.0000,    0.0000,    2.4048,    2.3656,    0.0000,    2.4048,    0.0000,    2.3485,     2.0083,     0.0000
     1.394,    0.0000,    0.0000,    0.0000,    2.4038,    2.3872,    0.0000,    2.4038,    0.0000,    2.3475,     2.0067,     0.0000
     1.395,    0.0000,    0.0000,    0.0000,    2.4032,    2.3968,    0.0000,    2.4032,    0.0000,    2.3468,     2.0053,     0.0000
     1.396,    0.0000,    0.0000,    0.0000,    2.4030,    2.4008,    0.0000,    2.4030,    0.0000,    2.3467,     2.0043,     0.0000
     1.397,    0.0000,    0.0000,    0.0000,    2.4032,    2.4025,    0.0000,    2.4032,    0.0000,    2.3469,     2.0037,     0.0000
     1.398,    0.0000,    0.0000,    0.0000,    2.4032,    2.4030,    0.0000,    2.4032,    0.0000,    2.3468,     2.0028,     0.0000
     1.399,    0.0000,    0.0000,    0.0000,    2.4023,    2.4023,    0.0000,    2.4023,    0.0000,    2.3460,     2.0012,     0.0000
     1.400,    0.0000,    0.0000,    0.0000,    2.4012,    2.4012,    0.0000,    2.4012,    0.0000,    2.3449,     1.9994,     0.0000
     1.401,    0.0000,    0.0000,    0.0000,    2.4004,    2.4004,    0.0000,    2.4004,    0.0000,    2.3441,     1.9978,     0.0000
     1.402,    0.0000,    0.0000,    0.0000,    2.4000,    2.4000,    0.0000,    2.4000,    0.0000,    2.3438,     1.9966,     0.0000
     1.403,    0.0000,    0.0000,    0.0000,    2.4000,    2.4000,    0.0000,    2.4000,    0.0000,    2.3438,     1.9957,     0.0000
     1.404,    0.0000,    0.0000,    0.0000,    2.3999,    2.3999,    0.0000,    2.3999,    0.0000,    2.3437,     1.9947,     0.0000
     1.405,    0.0000,    0.0000,    0.0000,    2.3994,    2.3994,    0.0000,    2.3994,    0.0000,    2.3432,     1.9934,     0.0000
     1.406,    0.0000,    0.0000,    0.0000,    2.3986,    2.3986,    0.0000,    2.3986,    0.0000,    2.3424,     1.9918,     0.0000
     1.407,    0.0000,    0.0000,    0.0000,    2.3977,    2.3977,    0.0000,    2.3977,    0.0000,    2.3415,     1.9900,     0.0000
     1.408,    0.0000,    0.0000,    0.0000,    2.3968,    2.3968,    0.0000,    2.3968,    0.0000,    2.3407,     1.9884,     0.0000
     1.409,    0.0000,    0.0000,    0.0000,    2.3961,    2.3961,    0.0000,    2.3961,    0.0000,    2.3399,     1.9868,     0.0000
     1.410,    0.0000,    0.0000,    0.0000,    2.3951,    2.3951,    0.0000,    2.3951,    0.0000,    2.3390,     1.9850,     0.0000
     1.411,    0.0000,    0.0000,    0.0000,    2.3936,    2.3936,    0.0000,    2.3936,    0.0000,    2.3375,     1.9828,     0.0000
     1.412,    0.0000,    0.0000,    0.0000,    2.3924,    2.3924,    0.0000,    2.3924,    0.0000,    2.3363,     1.9808,     0.0000
     1.413,    0.0000,    0.0000,    0.0000,    2.3921,    2.3921,    0.0000,    2.3921,    0.0000,    2.3360,     1.9795,     0.0000
     1.414,    0.0000,    0.0000,    0.0000,    2.3920,    2.3920,    0.0000,    2.3920,    0.0000,    2.3359,     1.9784,     0.0000
     1.415,    0.0000,    0.0000,    0.0000,    2.3912,    2.3912,    0.0000,    2.3912,    0.0000,    2.3351,     1.9767,     0.0000
     1.416,    0.0000,    0.0000,    0.0000,    2.3901,    2.3901,    0.0000,    2.3901,    0.0000,    2.3340,     1.9748,     0.0000
     1.417,    0.0000,    0.0000,    0.0000,    2.3892,    2.3892,    0.0000,    2.3892,    0.0000,    2.3332,     1.9730,     0.0000
     1.418,    0.0000,    0.0000,    0.0000,    2.3887,    2.3887,    0.0000,    2.3887,    0.0000,    2.3327,     1.9715,     0.0000
     1.419,    0.0000,    0.0000,    0.0000,    2.3887,    2.3887,    0.0000,    2.3887,    0.0000,    2.3327,     1.9704,     0.0000
     1.420,    0.0000,    0.0000,    0.0000,    2.3887,    2.3887,    0.0000,    2.3887,    0.0000,    2.3327,     1.9694,     0.0000
     1.421,    0.0000,    0.0000,    0.0000,    2.3885,    2.3885,    0.0000,    2.3885,    0.0000,    2.3325,     1.9682,     0.0000
     1.422,    0.0000,    0.0000,    0.0000,    2.3887,    2.3887,    0.0000,    2.3887,    0.0000,    2.3327,     1.9673,     0.0000
     1.423,    0.0000,    0.0000,    0.0000,    2.3899,    2.3899,    0.0000,    2.3899,    0.0000,    2.3339,     1.9671,     0.0000
     1.424,    0.0000,    0.0000,    0.0000,    2.3914,    2.3914,    0.0000,    2.3914,    0.0000,    2.3354,     1.9673,     0.0000
     1.425,    0.0000,    0.0000,    0.0000,    2.3926,    2.3926,    0.0000,    2.3926,    0.0000,    2.3365,     1.9671,     0.0000
     1.426,    0.0000,    0.0000,    0.0000,    2.3930,    2.3930,    0.0000,    2.3930,    0.0000,    2.3369,     1.9663,     0.0000
     1.427,    0.0000,    0.0000,    0.0000,    2.3928,    2.3928,    0.0000,    2.3928,    0.0000,    2.3367,     1.9650,     0.0001
     1.428,    0.0000,    0.0000,    0.0000,    2.3925,    2.3925,    0.0000,    2.3925,    0.0000,    2.3365,     1.9637,     0.0001
     1.429,    0.0000,    0.0000,    0.0000,    2.3927,    2.3927,    0.0000,    2.3927,    0.0000,    2.3366,     1.9626,     0.0001
     1.430,    0.0000,    0.0000,    0.0000,    2.3931,    2.3931,    0.0000,    2.3931,    0.0000,    2.3370,     1.9618,     0.0001
     1.431,    0.0000,    0.0000,    0.0000,    2.3932,    2.3932,    0.0000,    2.3932,    0.0000,    2.3371,     1.9607,     0.0001
     1.432,    0.0000,    0.0000,    0.0000,    2.3931,    2.3931,    0.0000,    2.3931,    0.0000,    2.3370,     1.9595,     0.0001
     1.433,    0.0000,    0.0000,    0.0000,    2.3931,    2.3931,    0.0000,    2.3931,    0.0000,    2.3371,     1.9583,     0.0001
     1.434,    0.0000,    0.0000,    0.0000,    2.3932,    2.3932,    0.0000,    2.3932,    0.0000,    2.3372,     1.9572,     0.0001
     1.435,    0.0000,    0.0000,    0.0000,    2.3934,    2.3934,    0.0000,    2.3934,    0.0000,    2.3374,     1.9561,     0.0001
     1.436,    0.0000,    0.0000,    0.0000,    2.3936,    2.3936,    0.0000,    2.3936,    0.0000,    2.3375,     1.9551,     0.0001
     1.437,    0.0000,    0.0000,    0.0000,    2.3937,    2.3937,    0.0000,    2.3937,    0.0000,    2.3376,     1.9539,     0.0001
     1.438,    0.0000,    0.0000,    0.0000,    2.3936,    2.3936,    0.0000,    2.3936,    0.0000,    2.3375,     1.9526,     0.0001
     1.439,    0.0000,    0.0000,    0.0000,    2.3932,    2.3932,    0.0000,    2.3932,    0.0000,    2.3372,     1.9511,     0.0001
     1.440,    0.0000,    0.0000,    0.0000,    2.3931,    2.3931,    0.0000,    2.3931,    0.0000,    2.3370,     1.9497,     0.0001
     1.441,    0.0000,    0.0000,    0.0000,    2.3935,    2.3935,    0.0000,    2.3935,    0.0000,    2.3374,     1.9487,     0.0001
     1.442,    0.0000,    0.0000,    0.0000,    2.3940,    2.3940,    0.0000,    2.3940,    0.0000,    2.3379,     1.9479,     0.0001
     1.443,    0.0000,    0.0000,    0.0000,    2.3942,    2.3942,    0.0000,    2.3942,    0.0000,    2.3380,     1.9468,     0.0001
     1.444,    0.0000,    0.0000,    0.0000,    2.3940,    2.3940,    0.0000,    2.3940,    0.0000,    2.3379,     1.9454,     0.0001
     1.445,    0.0000,    0.0000,    0.0000,    2.3934,    2.3937,    0.0000,    2.3937,    0.0000,    2.3376,     1.9438,     0.0001
     1.446,    0.0000,    0.0000,    0.0000,    2.3921,    2.3934,    0.0000,    2.3934,    0.0000,    2.3373,     1.9423,     0.0001
     1.447,    0.0000,    0.0000,    0.0000,    2.3878,    2.3934,    0.0000,    2.3934,    0.0000,    2.3373,     1.9409,     0.0001
     1.448,    0.0000,    0.0000,    0.0000,    2.3741,    2.3935,    0.0000,    2.3935,    0.0000,    2.3375,     1.9398,     0.0001
     1.449,    0.0000,    0.0000,    0.0000,    2.3359,    2.3939,    0.0000,    2.3939,    0.0000,    2.3378,     1.9387,     0.0001
     1.450,    0.0000,    0.0000,    0.0000,    2.2474,    2.3943,    0.0000,    2.3943,    0.0000,    2.3382,     1.9378,     0.0001
     1.451,    0.0000,    0.0000,    0.0000,    2.0769,    2.3948,    0.0000,    2.3948,    0.0000,    2.3386,     1.9368,     0.0001
     1.452,    0.0000,    0.0000,    0.0000,    1.8031,    2.3949,    0.0000,    2.3949,    0.0000,    2.3388,     1.9356,     0.0001
     1.453,    0.0000,    0.0000,    0.0000,    1.4371,    2.3947,    0.0000,    2.3947,    0.0000,    2.3386,     1.9340,     0.0001
     1.454,    0.0000,    0.0000,    0.0000,    1.0297,    2.3945,    0.0000,    2.3945,    0.0000,    2.3384,     1.9325,     0.0001
     1.455,    0.0000,    0.0000,    0.0000,    0.6517,    2.3947,    0.0000,    2.3947,    0.0000,    2.3386,     1.9313,     0.0001
     1.456,    0.0000,    0.0000,    0.0000,    0.3594,    2.3950,    0.0000,    2.3950,    0.0000,    2.3389,     1.9302,     0.0001
     1.457,    0.0000,    0.0000,    0.0000,    0.1708,    2.3951,    0.0000,    2.3951,    0.0000,    2.3390,     1.9289,     0.0001
     1.458,    0.0000,    0.0000,    0.0000,    0.0694,    2.3952,    0.0000,    2.3952,    0.0000,    2.3391,     1.9276,     0.0002
     1.459,    0.0000,    0.0000,    0.0000,    0.0240,    2.3957,    0.0000,    2.3957,    0.0000,    2.3395,     1.9266,     0.0002
     1.460,    0.0000,    0.0000,    0.0000,    0.0070,    2.3961,    0.0000,    2.3961,    0.0000,    2.3400,     1.9255,     0.0002
     1.461,    0.0000,    0.0000,    0.0000,    0.0017,    2.3962,    0.0000,    2.3962,    0.0000,    2.3400,     1.9241,     0.0002
     1.462,    0.0000,    0.0000,    0.0000,    0.0004,    2.3962,    0.0000,    2.3962,    0.0000,    2.3400,     1.9227,     0.0002
     1.463,    0.0000,    0.0000,    0.0000,    0.0001,    2.3964,    0.0000,    2.3964,    0.0000,    2.3402,     1.9215,     0.0002
     1.464,    0.0000,    0.0000,    0.0000,    0.0000,    2.3966,    0.0000,    2.3966,    0.0000,    2.3404,     1.9202,     0.0002
     1.465,    0.0000,    0.0000,    0.0000,    0.0000,    2.3965,    0.0000,    2.3965,    0.0000,    2.3403,     1.9187,     0.0002
     1.466,    0.0000,    0.0000,    0.0000,    0.0000,    2.3965,    0.0000,    2.3965,    0.0000,    2.3403,     1.9172,     0.0002
     1.467,    0.0000,    0.0000,    0.0000,    0.0000,    2.3969,    0.0000,    2.3969,    0.0000,    2.3407,     1.9161,     0.0002
     1.468,    0.0000,    0.0000,    0.0000,    0.0000,    2.3975,    0.0000,    2.3975,    0.0000,    2.3413,     1.9151,     0.0002
     1.469,    0.0000,    0.0000,    0.0000,    0.0000,    2.3980,    0.0000,    2.3980,    0.0000,    2.3418,     1.9140,     0.0002
     1.470,    0.0000,    0.0000,    0.0000,    0.0000,    2.3981,    0.0000,    2.3981,    0.0000,    2.3419,     1.9127,     0.0002
     1.471,    0.0000,    0.0000,    0.0000,    0.0000,    2.3979,    0.0000,    2.3979,    0.0000,    2.3417,     1.9110,     0.0002
     1.472,    0.0000,    0.0000,    0.0000,    0.0000,    2.3978,    0.0000,    2.3978,    0.0000,    2.3416,     1.9094,     0.0002
     1.473,    0.0000,    0.0000,    0.0000,    0.0000,    2.3983,    0.0000,    2.3983,    0.0000,    2.3421,     1.9084,     0.0002
